501
 350.000     5.645877e-05     4.722598e-01
 350.600     5.645877e-05     4.741723e-01
 351.200     5.645877e-05     4.760754e-01
 351.800     5.645877e-05     4.779785e-01
 352.400     5.645877e-05     4.798629e-01
 353.000     5.645877e-05     4.817473e-01
 353.600     5.645877e-05     4.836129e-01
 354.200     5.645877e-05     4.854785e-01
 354.800     5.645877e-05     4.873254e-01
 355.400     5.645877e-05     4.891723e-01
 356.000     5.645877e-05     4.910004e-01
 356.600     5.645877e-05     4.928285e-01
 357.200     5.645877e-05     4.946473e-01
 357.800     5.645877e-05     4.964473e-01
 358.400     5.645877e-05     4.982473e-01
 359.000     5.645877e-05     5.000379e-01
 359.600     5.645877e-05     5.018098e-01
 360.200     5.645877e-05     5.035817e-01
 360.800     5.645877e-05     5.053442e-01
 361.400     5.645877e-05     5.070879e-01
 362.000     5.645877e-05     5.088317e-01
 362.600     5.645877e-05     5.105660e-01
 363.200     5.645877e-05     5.122910e-01
 363.800     5.645877e-05     5.140067e-01
 364.400     5.645877e-05     5.157129e-01
 365.000     5.645877e-05     5.174098e-01
 365.600     5.645877e-05     5.190973e-01
 366.200     5.645877e-05     5.207848e-01
 366.800     5.645877e-05     5.224535e-01
 367.400     5.645877e-05     5.241129e-01
 368.000     5.645877e-05     5.257723e-01
 368.600     5.645877e-05     5.274129e-01
 369.200     5.645877e-05     5.290535e-01
 369.800     5.645877e-05     5.306754e-01
 370.400     5.645877e-05     5.322973e-01
 371.000     5.645877e-05     5.339098e-01
 371.600     5.645877e-05     5.355129e-01
 372.200     5.645877e-05     5.371067e-01
 372.800     5.645877e-05     5.386910e-01
 373.400     5.645877e-05     5.402660e-01
 374.000     5.645877e-05     5.418317e-01
 374.600     5.645877e-05     5.433973e-01
 375.200     5.645877e-05     5.449442e-01
 375.800     5.645877e-05     5.464910e-01
 376.400     5.645877e-05     5.480192e-01
 377.000     5.645877e-05     5.495473e-01
 377.600     5.645877e-05     5.510660e-01
 378.200     5.645877e-05     5.525754e-01
 378.800     5.645877e-05     5.540754e-01
 379.400     5.645877e-05     5.555754e-01
 380.000     5.645877e-05     5.570567e-01
 380.600     5.645877e-05     5.585379e-01
 381.200     5.645877e-05     5.600098e-01
 381.800     5.645877e-05     5.614723e-01
 382.400     6.859400e-01     7.905256e-01
 383.000     6.868521e-01     7.815470e-01
 383.600     6.877622e-01     7.841951e-01
 384.200     6.886703e-01     7.924044e-01
 384.800     6.895764e-01     7.938392e-01
 385.400     6.904805e-01     7.741153e-01
 386.000     6.913827e-01     7.825230e-01
 386.600     6.922828e-01     7.956677e-01
 387.200     6.931809e-01     7.953526e-01
 387.800     6.940770e-01     7.635345e-01
 388.400     6.949712e-01     7.737923e-01
 389.000     6.958633e-01     8.023949e-01
 389.600     6.967535e-01     7.874421e-01
 390.200     6.976416e-01     7.732279e-01
 390.800     6.985278e-01     7.637095e-01
 391.400     6.994120e-01     7.574517e-01
 392.000     7.002941e-01     7.552165e-01
 392.600     7.011743e-01     7.661784e-01
 393.200     7.020525e-01     7.815802e-01
 393.800     7.029286e-01     7.764890e-01
 394.400     7.038028e-01     7.540417e-01
 395.000     7.046750e-01     7.216653e-01
 395.600     7.055451e-01     7.525100e-01
 396.200     7.064133e-01     7.886852e-01
 396.800     7.072795e-01     7.627003e-01
 397.400     7.081436e-01     7.695540e-01
 398.000     7.090058e-01     7.766391e-01
 398.600     7.098659e-01     7.630747e-01
 399.200     7.107240e-01     7.444703e-01
 399.800     7.115802e-01     7.260334e-01
 400.400     7.124343e-01     7.405618e-01
 401.000     7.132864e-01     7.124132e-01
 401.600     7.141365e-01     7.301382e-01
 402.200     7.149846e-01     7.254990e-01
 402.800     7.158306e-01     7.477191e-01
 403.400     7.166747e-01     7.317050e-01
 404.000     7.175167e-01     7.332173e-01
 404.600     7.183567e-01     7.342364e-01
 405.200     7.191946e-01     7.277994e-01
 405.800     7.200306e-01     7.313410e-01
 406.400     7.208645e-01     7.288318e-01
 407.000     7.216964e-01     6.844388e-01
 407.600     7.225262e-01     7.291738e-01
 408.200     7.233540e-01     6.864709e-01
 408.800     7.241798e-01     7.105909e-01
 409.400     7.250036e-01     7.109977e-01
 410.000     7.258252e-01     7.379881e-01
 410.600     7.266449e-01     7.682269e-01
 411.200     7.274625e-01     7.593117e-01
 411.800     7.282780e-01     7.167964e-01
 412.400     7.290915e-01     7.284807e-01
 413.000     7.299030e-01     7.450717e-01
 413.600     7.307123e-01     7.661120e-01
 414.200     7.315196e-01     7.281731e-01
 414.800     7.323249e-01     7.550359e-01
 415.400     7.331280e-01     7.740199e-01
 416.000     7.339291e-01     7.725015e-01
 416.600     7.347281e-01     7.375874e-01
 417.200     7.355251e-01     7.689066e-01
 417.800     7.363199e-01     7.398187e-01
 418.400     7.371127e-01     7.384377e-01
 419.000     7.379033e-01     7.308990e-01
 419.600     7.386919e-01     7.553129e-01
 420.200     7.394784e-01     7.590643e-01
 420.800     7.402627e-01     7.700174e-01
 421.400     7.410449e-01     7.463362e-01
 422.000     7.418251e-01     7.668291e-01
 422.600     7.426031e-01     6.986699e-01
 423.200     7.433789e-01     7.246037e-01
 423.800     7.441527e-01     7.417745e-01
 424.400     7.449243e-01     7.568668e-01
 425.000     7.456937e-01     7.310043e-01
 425.600     7.464611e-01     7.338788e-01
 426.200     7.472262e-01     7.228566e-01
 426.800     7.479892e-01     7.578159e-01
 427.400     7.487501e-01     7.525984e-01
 428.000     7.495087e-01     7.806527e-01
 428.600     7.502652e-01     7.838219e-01
 429.200     7.510195e-01     7.501622e-01
 429.800     7.517717e-01     7.485432e-01
 430.400     7.525216e-01     7.625560e-01
 431.000     7.532693e-01     7.502493e-01
 431.600     7.540148e-01     7.551297e-01
 432.200     7.547581e-01     7.229130e-01
 432.800     7.554992e-01     6.940028e-01
 433.400     7.562380e-01     7.437027e-01
 434.000     7.569746e-01     7.430344e-01
 434.600     7.577090e-01     7.566693e-01
 435.200     7.584411e-01     7.753169e-01
 435.800     7.591709e-01     7.366072e-01
 436.400     7.598985e-01     7.383543e-01
 437.000     7.606238e-01     7.659293e-01
 437.600     7.613468e-01     6.997382e-01
 438.200     7.620675e-01     7.318852e-01
 438.800     7.627860e-01     7.379235e-01
 439.400     7.635021e-01     7.598129e-01
 440.000     7.642158e-01     7.543516e-01
 440.600     7.649273e-01     7.350226e-01
 441.200     7.656364e-01     7.741195e-01
 441.800     7.663431e-01     7.333055e-01
 442.400     7.670475e-01     7.452923e-01
 443.000     7.677495e-01     7.746565e-01
 443.600     7.684492e-01     7.492021e-01
 444.200     7.691464e-01     7.888082e-01
 444.800     7.698413e-01     7.717704e-01
 445.400     7.705337e-01     7.647609e-01
 446.000     7.712237e-01     7.485655e-01
 446.600     7.719113e-01     7.490941e-01
 447.200     7.725964e-01     7.570504e-01
 447.800     7.732791e-01     7.749599e-01
 448.400     7.739593e-01     7.708812e-01
 449.000     7.746370e-01     7.705373e-01
 449.600     7.753122e-01     7.627598e-01
 450.200     7.759849e-01     7.802309e-01
 450.800     7.766550e-01     7.488497e-01
 451.400     7.773227e-01     7.661367e-01
 452.000     7.779878e-01     7.579039e-01
 452.600     7.786503e-01     7.529888e-01
 453.200     7.793102e-01     7.349222e-01
 453.800     7.799676e-01     7.564227e-01
 454.400     7.806223e-01     7.839633e-01
 455.000     7.812744e-01     7.578609e-01
 455.600     7.819239e-01     7.542162e-01
 456.200     7.825708e-01     7.664169e-01
 456.800     7.832149e-01     7.804925e-01
 457.400     7.838564e-01     7.856691e-01
 458.000     7.844952e-01     7.727903e-01
 458.600     7.851312e-01     7.729848e-01
 459.200     7.857645e-01     7.907009e-01
 459.800     7.863951e-01     7.627372e-01
 460.400     7.870229e-01     7.726989e-01
 461.000     7.876479e-01     7.304746e-01
 461.600     7.882701e-01     7.569894e-01
 462.200     7.888895e-01     7.648797e-01
 462.800     7.895060e-01     7.449804e-01
 463.400     7.901197e-01     7.361819e-01
 464.000     7.907305e-01     7.525194e-01
 464.600     7.913384e-01     7.704749e-01
 465.200     7.919433e-01     7.835721e-01
 465.800     7.925453e-01     7.555410e-01
 466.400     7.931444e-01     7.678137e-01
 467.000     7.937404e-01     7.601635e-01
 467.600     7.943335e-01     7.535227e-01
 468.200     7.949235e-01     7.981330e-01
 468.800     7.955105e-01     8.061647e-01
 469.400     7.960943e-01     7.718756e-01
 470.000     7.966751e-01     7.778416e-01
 470.600     7.972528e-01     7.696492e-01
 471.200     7.978273e-01     7.675767e-01
 471.800     7.983986e-01     7.621196e-01
 472.400     7.989668e-01     7.649114e-01
 473.000     7.995317e-01     7.987585e-01
 473.600     8.000934e-01     7.774702e-01
 474.200     8.006517e-01     7.666920e-01
 474.800     8.012068e-01     7.945704e-01
 475.400     8.017586e-01     7.675777e-01
 476.000     8.023070e-01     7.488423e-01
 476.600     8.028520e-01     7.735017e-01
 477.200     8.033936e-01     7.798233e-01
 477.800     8.039317e-01     7.747504e-01
 478.400     8.044664e-01     7.819763e-01
 479.000     8.049976e-01     7.668155e-01
 479.600     8.055252e-01     7.386419e-01
 480.200     8.060493e-01     7.775678e-01
 480.800     8.065697e-01     7.372306e-01
 481.400     8.070865e-01     7.116401e-01
 482.000     8.075997e-01     7.296844e-01
 482.600     8.081092e-01     7.529512e-01
 483.200     8.086149e-01     7.910134e-01
 483.800     8.091169e-01     7.562776e-01
 484.400     8.096151e-01     7.150634e-01
 485.000     8.101094e-01     7.765653e-01
 485.600     8.105999e-01     7.699078e-01
 486.200     8.110865e-01     7.795907e-01
 486.800     8.115691e-01     7.515981e-01
 487.400     8.120477e-01     7.897917e-01
 488.000     8.125223e-01     7.916870e-01
 488.600     8.129929e-01     8.014664e-01
 489.200     8.134593e-01     7.857446e-01
 489.800     8.139217e-01     8.014223e-01
 490.400     8.143798e-01     7.871972e-01
 491.000     8.148337e-01     7.719490e-01
 491.600     8.152834e-01     8.131877e-01
 492.200     8.157287e-01     7.939902e-01
 492.800     8.161697e-01     7.597972e-01
 493.400     8.166064e-01     7.897738e-01
 494.000     8.170385e-01     7.641377e-01
 494.600     8.174662e-01     7.441882e-01
 495.200     8.178894e-01     7.879640e-01
 495.800     8.183080e-01     8.094271e-01
 496.400     8.187220e-01     7.654795e-01
 497.000     8.191314e-01     8.012613e-01
 497.600     8.195360e-01     7.900029e-01
 498.200     8.199358e-01     7.865807e-01
 498.800     8.203309e-01     7.789235e-01
 499.400     8.207211e-01     8.228163e-01
 500.000     8.211064e-01     8.131504e-01
 500.600     8.214867e-01     8.146226e-01
 501.200     8.218620e-01     8.284883e-01
 501.800     8.222323e-01     8.155467e-01
 502.400     8.225975e-01     7.987686e-01
 503.000     8.229574e-01     8.426183e-01
 503.600     8.233122e-01     8.216639e-01
 504.200     8.236617e-01     7.961698e-01
 504.800     8.240059e-01     7.875869e-01
 505.400     8.243447e-01     8.054965e-01
 506.000     8.246780e-01     7.406143e-01
 506.600     8.250059e-01     7.492757e-01
 507.200     8.253282e-01     7.648452e-01
 507.800     8.256450e-01     8.128059e-01
 508.400     8.259560e-01     8.331898e-01
 509.000     8.262614e-01     8.074763e-01
 509.600     8.265609e-01     7.898457e-01
 510.200     8.268547e-01     7.970228e-01
 510.800     8.271425e-01     8.339727e-01
 511.400     8.274244e-01     8.323000e-01
 512.000     8.277003e-01     7.994916e-01
 512.600     8.279702e-01     8.015963e-01
 513.200     8.282339e-01     8.168124e-01
 513.800     8.284914e-01     7.975723e-01
 514.400     8.287427e-01     8.298745e-01
 515.000     8.289877e-01     7.954264e-01
 515.600     8.292263e-01     7.811004e-01
 516.200     8.294586e-01     8.024112e-01
 516.800     8.296843e-01     7.998012e-01
 517.400     8.299035e-01     8.397974e-01
 518.000     8.301161e-01     8.070816e-01
 518.600     8.303221e-01     8.087858e-01
 519.200     8.305214e-01     8.267270e-01
 519.800     8.307139e-01     8.074265e-01
 520.400     8.308996e-01     7.903775e-01
 521.000     8.310784e-01     7.910852e-01
 521.600     8.312503e-01     8.375500e-01
 522.200     8.314152e-01     7.925509e-01
 522.800     8.315731e-01     7.914030e-01
 523.400     8.317239e-01     8.460312e-01
 524.000     8.318675e-01     8.291033e-01
 524.600     8.320040e-01     8.127168e-01
 525.200     8.321332e-01     8.148146e-01
 525.800     8.322552e-01     8.120022e-01
 526.400     8.323698e-01     8.076331e-01
 527.000     8.324771e-01     8.368523e-01
 527.600     8.325770e-01     8.405495e-01
 528.200     8.326694e-01     8.117028e-01
 528.800     8.327543e-01     8.055159e-01
 529.400     8.328318e-01     7.661260e-01
 530.000     8.329016e-01     7.792404e-01
 530.600     8.329639e-01     7.947215e-01
 531.200     8.330186e-01     8.037868e-01
 531.800     8.330657e-01     8.075032e-01
 532.400     8.331052e-01     8.589106e-01
 533.000     8.331369e-01     8.175782e-01
 533.600     8.331610e-01     7.969744e-01
 534.200     8.331775e-01     7.823570e-01
 534.800     8.331862e-01     8.234238e-01
 535.400     8.331873e-01     8.117689e-01
 536.000     8.331807e-01     8.111038e-01
 536.600     8.331664e-01     8.388876e-01
 537.200     8.331444e-01     8.126775e-01
 537.800     8.331149e-01     8.183325e-01
 538.400     8.330777e-01     8.020242e-01
 539.000     8.330330e-01     8.123827e-01
 539.600     8.329807e-01     8.107716e-01
 540.200     8.329209e-01     8.116482e-01
 540.800     8.328537e-01     8.209262e-01
 541.400     8.327791e-01     8.119112e-01
 542.000     8.326973e-01     8.183036e-01
 542.600     8.326081e-01     8.432149e-01
 543.200     8.325118e-01     8.236986e-01
 543.800     8.324085e-01     7.927837e-01
 544.400     8.322982e-01     8.093415e-01
 545.000     8.321810e-01     8.251413e-01
 545.600     8.320571e-01     8.325098e-01
 546.200     8.319266e-01     8.172785e-01
 546.800     8.317897e-01     8.224122e-01
 547.400     8.316464e-01     8.209051e-01
 548.000     8.314969e-01     8.157817e-01
 548.600     8.313415e-01     8.253710e-01
 549.200     8.311802e-01     8.297044e-01
 549.800     8.310133e-01     8.277786e-01
 550.400     8.308410e-01     8.284813e-01
 551.000     8.306636e-01     8.434730e-01
 551.600     8.304811e-01     8.510348e-01
 552.200     8.302939e-01     8.143706e-01
 552.800     8.301023e-01     8.060767e-01
 553.400     8.299065e-01     8.234073e-01
 554.000     8.297068e-01     8.412120e-01
 554.600     8.295034e-01     8.049396e-01
 555.200     8.292968e-01     7.974135e-01
 555.800     8.290872e-01     7.976470e-01
 556.400     8.288749e-01     8.249122e-01
 557.000     8.286604e-01     8.263810e-01
 557.600     8.284440e-01     8.231499e-01
 558.200     8.282260e-01     8.097685e-01
 558.800     8.280070e-01     8.207292e-01
 559.400     8.277872e-01     8.514795e-01
 560.000     8.275671e-01     8.410895e-01
 560.600     8.273472e-01     7.941670e-01
 561.200     8.271279e-01     8.290817e-01
 561.800     8.269098e-01     8.284906e-01
 562.400     8.266932e-01     8.446068e-01
 563.000     8.264787e-01     8.288405e-01
 563.600     8.262668e-01     8.297470e-01
 564.200     8.260580e-01     8.033377e-01
 564.800     8.258529e-01     8.217739e-01
 565.400     8.256520e-01     8.199248e-01
 566.000     8.254559e-01     8.056879e-01
 566.600     8.252651e-01     8.055034e-01
 567.200     8.250803e-01     7.970422e-01
 567.800     8.249021e-01     8.220239e-01
 568.400     8.247310e-01     7.994335e-01
 569.000     8.245676e-01     8.250170e-01
 569.600     8.244126e-01     8.318774e-01
 570.200     8.242667e-01     8.303767e-01
 570.800     8.241303e-01     8.229206e-01
 571.400     8.240043e-01     8.392506e-01
 572.000     8.238891e-01     8.349778e-01
 572.600     8.237855e-01     8.363185e-01
 573.200     8.236940e-01     8.176659e-01
 573.800     8.236154e-01     8.072144e-01
 574.400     8.235503e-01     8.280350e-01
 575.000     8.234993e-01     8.242471e-01
 575.600     8.234629e-01     8.206196e-01
 576.200     8.234420e-01     8.226611e-01
 576.800     8.234369e-01     8.208861e-01
 577.400     8.234485e-01     8.267049e-01
 578.000     8.234772e-01     8.280398e-01
 578.600     8.235236e-01     7.994743e-01
 579.200     8.235884e-01     8.178205e-01
 579.800     8.236720e-01     7.942120e-01
 580.400     8.237750e-01     7.701341e-01
 581.000     8.238979e-01     8.108442e-01
 581.600     8.240412e-01     8.272379e-01
 582.200     8.242053e-01     8.312756e-01
 582.800     8.243908e-01     8.311438e-01
 583.400     8.245981e-01     8.326708e-01
 584.000     8.248275e-01     8.165658e-01
 584.600     8.250794e-01     8.139631e-01
 585.200     8.253543e-01     8.143590e-01
 585.800     8.256523e-01     8.152392e-01
 586.400     8.259738e-01     8.383040e-01
 587.000     8.263191e-01     8.198418e-01
 587.600     8.266883e-01     8.367230e-01
 588.200     8.270817e-01     8.519267e-01
 588.800     8.274994e-01     8.263665e-01
 589.400     8.279416e-01     8.230276e-01
 590.000     8.284084e-01     8.363233e-01
 590.600     8.288998e-01     8.385262e-01
 591.200     8.294158e-01     8.253088e-01
 591.800     8.299565e-01     8.358679e-01
 592.400     8.305218e-01     8.649742e-01
 593.000     8.311116e-01     8.312310e-01
 593.600     8.317259e-01     8.253604e-01
 594.200     8.323644e-01     8.208797e-01
 594.800     8.330270e-01     7.998845e-01
 595.400     8.337136e-01     8.159896e-01
 596.000     8.344238e-01     8.183702e-01
 596.600     8.351575e-01     8.225636e-01
 597.200     8.359142e-01     8.048809e-01
 597.800     8.366937e-01     8.118493e-01
 598.400     8.374957e-01     8.302566e-01
 599.000     8.383198e-01     8.293640e-01
 599.600     8.391654e-01     8.293100e-01
 600.200     8.400324e-01     8.545876e-01
 600.800     8.409201e-01     8.372488e-01
 601.400     8.418281e-01     8.384539e-01
 602.000     8.427559e-01     8.578057e-01
 602.600     8.437031e-01     8.477211e-01
 603.200     8.446691e-01     8.226687e-01
 603.800     8.456533e-01     8.296471e-01
 604.400     8.466551e-01     8.393200e-01
 605.000     8.476742e-01     8.103165e-01
 605.600     8.487097e-01     8.176422e-01
 606.200     8.497613e-01     8.477360e-01
 606.800     8.508282e-01     8.243736e-01
 607.400     8.519099e-01     8.078606e-01
 608.000     8.530057e-01     8.108869e-01
 608.600     8.541151e-01     8.021213e-01
 609.200     8.552374e-01     7.984395e-01
 609.800     8.563720e-01     8.083354e-01
 610.400     8.575184e-01     8.205749e-01
 611.000     8.586758e-01     8.219588e-01
 611.600     8.598438e-01     8.340655e-01
 612.200     8.610216e-01     8.277388e-01
 612.800     8.622086e-01     8.309471e-01
 613.400     8.634044e-01     8.495168e-01
 614.000     8.646082e-01     8.551402e-01
 614.600     8.658196e-01     8.485784e-01
 615.200     8.670378e-01     8.111621e-01
 615.800     8.682625e-01     8.440080e-01
 616.400     8.694929e-01     8.661142e-01
 617.000     8.707286e-01     8.724652e-01
 617.600     8.719690e-01     8.416296e-01
 618.200     8.732136e-01     8.448443e-01
 618.800     8.744619e-01     8.280154e-01
 619.400     8.757134e-01     8.431799e-01
 620.000     8.769676e-01     8.809167e-01
 620.600     8.782240e-01     8.688734e-01
 621.200     8.794822e-01     8.450092e-01
 621.800     8.807417e-01     8.424610e-01
 622.400     8.820021e-01     8.400236e-01
 623.000     8.832630e-01     8.490302e-01
 623.600     8.845239e-01     8.505687e-01
 624.200     8.857845e-01     8.786225e-01
 624.800     8.870444e-01     8.552309e-01
 625.400     8.883032e-01     8.400302e-01
 626.000     8.895606e-01     8.418000e-01
 626.600     8.908162e-01     8.402341e-01
 627.200     8.920698e-01     8.131953e-01
 627.800     8.933209e-01     8.280738e-01
 628.400     8.945693e-01     8.377246e-01
 629.000     8.958148e-01     7.962497e-01
 629.600     8.970571e-01     8.372454e-01
 630.200     8.982958e-01     8.656860e-01
 630.800     8.995308e-01     8.493419e-01
 631.400     9.007618e-01     8.519173e-01
 632.000     9.019886e-01     8.520137e-01
 632.600     9.032110e-01     8.615635e-01
 633.200     9.044288e-01     8.567609e-01
 633.800     9.056418e-01     8.587529e-01
 634.400     9.068499e-01     8.696003e-01
 635.000     9.080528e-01     8.593977e-01
 635.600     9.092504e-01     8.197263e-01
 636.200     9.104426e-01     8.575802e-01
 636.800     9.116293e-01     8.369768e-01
 637.400     9.128102e-01     8.515331e-01
 638.000     9.139854e-01     8.595125e-01
 638.600     9.151546e-01     8.709875e-01
 639.200     9.163178e-01     8.452761e-01
 639.800     9.174750e-01     8.385187e-01
 640.400     9.186259e-01     8.656366e-01
 641.000     9.197706e-01     8.884950e-01
 641.600     9.209089e-01     8.536687e-01
 642.200     9.220409e-01     8.614354e-01
 642.800     9.231664e-01     8.367070e-01
 643.400     9.242854e-01     8.666494e-01
 644.000     9.253979e-01     8.404042e-01
 644.600     9.265038e-01     8.528737e-01
 645.200     9.276031e-01     8.429102e-01
 645.800     9.286958e-01     8.854219e-01
 646.400     9.297818e-01     8.662176e-01
 647.000     9.308612e-01     8.463857e-01
 647.600     9.319339e-01     8.750540e-01
 648.200     9.329999e-01     8.654887e-01
 648.800     9.340592e-01     8.711959e-01
 649.400     9.351119e-01     8.774173e-01
 650.000     9.361579e-01     8.752899e-01
