501
 350.000    -1.000000e+00     5.037400e-01
 350.600    -1.000000e+00     5.057800e-01
 351.200    -1.000000e+00     5.078100e-01
 351.800    -1.000000e+00     5.098400e-01
 352.400    -1.000000e+00     5.118500e-01
 353.000    -1.000000e+00     5.138600e-01
 353.600    -1.000000e+00     5.158500e-01
 354.200    -1.000000e+00     5.178400e-01
 354.800    -1.000000e+00     5.198100e-01
 355.400    -1.000000e+00     5.217800e-01
 356.000    -1.000000e+00     5.237300e-01
 356.600    -1.000000e+00     5.256800e-01
 357.200    -1.000000e+00     5.276200e-01
 357.800    -1.000000e+00     5.295400e-01
 358.400    -1.000000e+00     5.314600e-01
 359.000    -1.000000e+00     5.333700e-01
 359.600    -1.000000e+00     5.352600e-01
 360.200    -1.000000e+00     5.371500e-01
 360.800    -1.000000e+00     5.390300e-01
 361.400    -1.000000e+00     5.408900e-01
 362.000    -1.000000e+00     5.427500e-01
 362.600    -1.000000e+00     5.446000e-01
 363.200    -1.000000e+00     5.464400e-01
 363.800    -1.000000e+00     5.482700e-01
 364.400    -1.000000e+00     5.500900e-01
 365.000    -1.000000e+00     5.519000e-01
 365.600    -1.000000e+00     5.537000e-01
 366.200    -1.000000e+00     5.555000e-01
 366.800    -1.000000e+00     5.572800e-01
 367.400    -1.000000e+00     5.590500e-01
 368.000    -1.000000e+00     5.608200e-01
 368.600    -1.000000e+00     5.625700e-01
 369.200    -1.000000e+00     5.643200e-01
 369.800    -1.000000e+00     5.660500e-01
 370.400    -1.000000e+00     5.677800e-01
 371.000    -1.000000e+00     5.695000e-01
 371.600    -1.000000e+00     5.712100e-01
 372.200    -1.000000e+00     5.729100e-01
 372.800    -1.000000e+00     5.746000e-01
 373.400    -1.000000e+00     5.762800e-01
 374.000    -1.000000e+00     5.779500e-01
 374.600    -1.000000e+00     5.796200e-01
 375.200    -1.000000e+00     5.812700e-01
 375.800    -1.000000e+00     5.829200e-01
 376.400    -1.000000e+00     5.845500e-01
 377.000    -1.000000e+00     5.861800e-01
 377.600    -1.000000e+00     5.878000e-01
 378.200    -1.000000e+00     5.894100e-01
 378.800    -1.000000e+00     5.910100e-01
 379.400    -1.000000e+00     5.926100e-01
 380.000    -1.000000e+00     5.941900e-01
 380.600    -1.000000e+00     5.957700e-01
 381.200    -1.000000e+00     5.973400e-01
 381.800    -1.000000e+00     5.989000e-01
 382.400     9.967490e-01     7.974980e-01
 383.000     9.975360e-01     7.878600e-01
 383.600     9.971660e-01     7.906240e-01
 384.200     9.363220e-01     7.993200e-01
 384.800     9.975590e-01     8.007900e-01
 385.400     9.967490e-01     7.796910e-01
 386.000     9.932700e-01     7.885990e-01
 386.600     9.954660e-01     8.025600e-01
 387.200     9.257300e-01     8.021640e-01
 387.800     9.707480e-01     7.681650e-01
 388.400     9.096790e-01     7.790470e-01
 389.000     9.853280e-01     8.094970e-01
 389.600     9.866430e-01     7.934880e-01
 390.200     9.773350e-01     7.782670e-01
 390.800     8.701930e-01     7.680550e-01
 391.400     9.657490e-01     7.613210e-01
 392.000     9.825730e-01     7.588780e-01
 392.600     9.313820e-01     7.705120e-01
 393.200     9.329040e-01     7.868820e-01
 393.800     9.177690e-01     7.813930e-01
 394.400     8.993320e-01     7.573910e-01
 395.000     9.015610e-01     7.227980e-01
 395.600     8.840620e-01     7.556410e-01
 396.200     9.415790e-01     7.941700e-01
 396.800     8.672770e-01     7.663950e-01
 397.400     9.275690e-01     7.736480e-01
 398.000     9.395180e-01     7.811480e-01
 398.600     8.906920e-01     7.666220e-01
 399.200     7.827750e-01     7.467200e-01
 399.800     8.789510e-01     7.269970e-01
 400.400     7.380490e-01     7.424370e-01
 401.000     7.919890e-01     7.123550e-01
 401.600     8.117420e-01     7.312050e-01
 402.200     8.710600e-01     7.262000e-01
 402.800     9.552970e-01     7.498450e-01
 403.400     8.337180e-01     7.327070e-01
 404.000     8.071640e-01     7.342640e-01
 404.600     9.069930e-01     7.352950e-01
 405.200     8.258480e-01     7.283730e-01
 405.800     9.277480e-01     7.320950e-01
 406.400     9.555030e-01     7.293630e-01
 407.000     7.720270e-01     6.819550e-01
 407.600     8.064510e-01     7.296170e-01
 408.200     6.336180e-01     6.840120e-01
 408.800     8.034470e-01     7.096850e-01
 409.400     8.928050e-01     7.100640e-01
 410.000     9.273220e-01     7.387990e-01
 410.600     7.549310e-01     7.709990e-01
 411.200     8.409870e-01     7.614350e-01
 411.800     9.608530e-01     7.160310e-01
 412.400     8.844080e-01     7.284400e-01
 413.000     8.325270e-01     7.460830e-01
 413.600     9.226710e-01     7.684720e-01
 414.200     9.190120e-01     7.279500e-01
 414.800     9.016630e-01     7.565500e-01
 415.400     8.723730e-01     7.767460e-01
 416.000     9.120020e-01     7.750730e-01
 416.600     8.818550e-01     7.377780e-01
 417.200     8.875790e-01     7.711320e-01
 417.800     8.383100e-01     7.400520e-01
 418.400     8.080370e-01     7.385260e-01
 419.000     7.822650e-01     7.304320e-01
 419.600     8.010720e-01     7.564210e-01
 420.200     8.150860e-01     7.603700e-01
 420.800     8.618230e-01     7.720010e-01
 421.400     7.565970e-01     7.466890e-01
 422.000     7.790260e-01     7.684960e-01
 422.600     7.026210e-01     6.957410e-01
 423.200     8.191490e-01     7.233520e-01
 423.800     7.745680e-01     7.416160e-01
 424.400     8.248250e-01     7.576630e-01
 425.000     8.303080e-01     7.300250e-01
 425.600     8.131690e-01     7.330400e-01
 426.200     7.735540e-01     7.212320e-01
 426.800     6.950620e-01     7.584710e-01
 427.400     8.503740e-01     7.528550e-01
 428.000     7.804300e-01     7.827290e-01
 428.600     7.981670e-01     7.860590e-01
 429.200     6.499820e-01     7.501050e-01
 429.800     6.003710e-01     7.483280e-01
 430.400     8.511930e-01     7.632250e-01
 431.000     8.161170e-01     7.500480e-01
 431.600     7.256950e-01     7.552040e-01
 432.200     7.231080e-01     7.207900e-01
 432.800     6.052400e-01     6.899030e-01
 433.400     7.913460e-01     7.428670e-01
 434.000     8.325580e-01     7.421050e-01
 434.600     8.376450e-01     7.566000e-01
 435.200     8.670040e-01     7.764420e-01
 435.800     7.562510e-01     7.351030e-01
 436.400     8.511070e-01     7.369180e-01
 437.000     8.327340e-01     7.662830e-01
 437.600     8.505080e-01     6.956310e-01
 438.200     7.952930e-01     7.298730e-01
 438.800     7.945440e-01     7.362660e-01
 439.400     7.187960e-01     7.595670e-01
 440.000     8.097300e-01     7.536940e-01
 440.600     7.499630e-01     7.330290e-01
 441.200     8.020540e-01     7.746850e-01
 441.800     7.398770e-01     7.311030e-01
 442.400     6.704270e-01     7.438420e-01
 443.000     7.775600e-01     7.751170e-01
 443.600     7.731260e-01     7.479190e-01
 444.200     6.331190e-01     7.901190e-01
 444.800     7.349350e-01     7.718990e-01
 445.400     8.227100e-01     7.643760e-01
 446.000     7.979740e-01     7.470550e-01
 446.600     7.948490e-01     7.475730e-01
 447.200     8.387370e-01     7.560140e-01
 447.800     8.268090e-01     7.750720e-01
 448.400     8.569880e-01     7.706760e-01
 449.000     7.846410e-01     7.702640e-01
 449.600     7.196040e-01     7.619230e-01
 450.200     8.805120e-01     7.805140e-01
 450.800     8.425090e-01     7.469960e-01
 451.400     7.605650e-01     7.653910e-01
 452.000     8.081000e-01     7.565650e-01
 452.600     7.035520e-01     7.512780e-01
 453.200     8.240730e-01     7.319630e-01
 453.800     8.321610e-01     7.548530e-01
 454.400     7.537980e-01     7.841860e-01
 455.000     7.658020e-01     7.563000e-01
 455.600     7.725810e-01     7.523690e-01
 456.200     8.132340e-01     7.653400e-01
 456.800     7.754850e-01     7.803110e-01
 457.400     7.446730e-01     7.857900e-01
 458.000     7.463130e-01     7.720100e-01
 458.600     8.332830e-01     7.721750e-01
 459.200     8.053480e-01     7.910300e-01
 459.800     7.342670e-01     7.611600e-01
 460.400     7.765220e-01     7.717440e-01
 461.000     8.201650e-01     7.266630e-01
 461.600     7.831950e-01     7.549040e-01
 462.200     7.587190e-01     7.632790e-01
 462.800     7.997750e-01     7.420120e-01
 463.400     7.814420e-01     7.325860e-01
 464.000     7.638690e-01     7.499720e-01
 464.600     7.358120e-01     7.690840e-01
 465.200     8.322930e-01     7.830140e-01
 465.800     8.773490e-01     7.530740e-01
 466.400     8.145400e-01     7.661250e-01
 467.000     7.641070e-01     7.579250e-01
 467.600     8.087570e-01     7.508020e-01
 468.200     8.194610e-01     7.983470e-01
 468.800     7.543680e-01     8.068750e-01
 469.400     7.663820e-01     7.702610e-01
 470.000     8.034310e-01     7.765860e-01
 470.600     7.956770e-01     7.678090e-01
 471.200     7.530350e-01     7.655600e-01
 471.800     7.392050e-01     7.597010e-01
 472.400     7.516420e-01     7.626410e-01
 473.000     8.316530e-01     7.987070e-01
 473.600     8.277470e-01     7.759620e-01
 474.200     7.939990e-01     7.644280e-01
 474.800     8.114890e-01     7.941280e-01
 475.400     8.107300e-01     7.652990e-01
 476.000     7.634320e-01     7.452780e-01
 476.600     7.793480e-01     7.715450e-01
 477.200     8.329910e-01     7.782520e-01
 477.800     8.259700e-01     7.728050e-01
 478.400     8.012110e-01     7.804770e-01
 479.000     8.673570e-01     7.642700e-01
 479.600     8.665010e-01     7.341830e-01
 480.200     8.396730e-01     7.756690e-01
 480.800     7.645050e-01     7.326080e-01
 481.400     7.423330e-01     7.052770e-01
 482.000     7.917890e-01     7.244900e-01
 482.600     7.323860e-01     7.492740e-01
 483.200     7.276370e-01     7.898400e-01
 483.800     7.642170e-01     7.527550e-01
 484.400     7.158310e-01     7.087600e-01
 485.000     6.736830e-01     7.743290e-01
 485.600     6.262020e-01     7.671950e-01
 486.200     8.176560e-01     7.774910e-01
 486.800     8.623680e-01     7.476000e-01
 487.400     8.107470e-01     7.883080e-01
 488.000     7.991440e-01     7.902980e-01
 488.600     7.994600e-01     8.006980e-01
 489.200     7.804180e-01     7.838970e-01
 489.800     7.280250e-01     8.005890e-01
 490.400     7.631030e-01     7.853850e-01
 491.000     8.107830e-01     7.690900e-01
 491.600     7.992410e-01     8.130480e-01
 492.200     7.725700e-01     7.925410e-01
 492.800     7.853710e-01     7.560390e-01
 493.400     8.212590e-01     7.879850e-01
 494.000     8.186140e-01     7.606110e-01
 494.600     7.312250e-01     7.393030e-01
 495.200     8.373040e-01     7.859690e-01
 495.800     8.366320e-01     8.088350e-01
 496.400     7.753130e-01     7.619300e-01
 497.000     7.397000e-01     8.000700e-01
 497.600     7.818570e-01     7.880340e-01
 498.200     8.265800e-01     7.843570e-01
 498.800     7.585140e-01     7.761630e-01
 499.400     7.769230e-01     8.229560e-01
 500.000     7.870770e-01     8.126200e-01
 500.600     8.261950e-01     8.141650e-01
 501.200     7.998220e-01     8.289300e-01
 501.800     7.254650e-01     8.151010e-01
 502.400     8.190010e-01     7.971800e-01
 503.000     8.187230e-01     8.439290e-01
 503.600     7.766670e-01     8.215540e-01
 504.200     7.417710e-01     7.943370e-01
 504.800     7.808070e-01     7.851590e-01
 505.400     8.124820e-01     8.042400e-01
 506.000     7.534420e-01     7.350100e-01
 506.600     7.805540e-01     7.442270e-01
 507.200     7.948220e-01     7.608130e-01
 507.800     7.924140e-01     8.119500e-01
 508.400     7.921590e-01     8.336720e-01
 509.000     7.827740e-01     8.062240e-01
 509.600     7.589160e-01     7.873980e-01
 510.200     7.966420e-01     7.950340e-01
 510.800     7.648970e-01     8.344280e-01
 511.400     8.405730e-01     8.326250e-01
 512.000     7.838210e-01     7.976110e-01
 512.600     7.762730e-01     7.998380e-01
 513.200     8.102070e-01     8.160510e-01
 513.800     7.929470e-01     7.955110e-01
 514.400     7.650780e-01     8.299500e-01
 515.000     8.107160e-01     7.931890e-01
 515.600     7.990960e-01     7.778920e-01
 516.200     7.971730e-01     8.006080e-01
 516.800     7.905900e-01     7.978090e-01
 517.400     8.441100e-01     8.404570e-01
 518.000     8.387400e-01     8.055460e-01
 518.600     8.545840e-01     8.073500e-01
 519.200     8.333170e-01     8.264740e-01
 519.800     8.237010e-01     8.058740e-01
 520.400     7.470050e-01     7.876760e-01
 521.000     7.930550e-01     7.884190e-01
 521.600     8.178240e-01     8.379700e-01
 522.200     8.370400e-01     7.899600e-01
 522.800     8.068570e-01     7.887250e-01
 523.400     8.503990e-01     8.469850e-01
 524.000     8.019400e-01     8.289190e-01
 524.600     7.669920e-01     8.114310e-01
 525.200     7.512070e-01     8.136600e-01
 525.800     8.007130e-01     8.106520e-01
 526.400     8.709120e-01     8.059840e-01
 527.000     8.714040e-01     8.371440e-01
 527.600     8.460270e-01     8.410810e-01
 528.200     8.351730e-01     8.103050e-01
 528.800     8.349820e-01     8.037000e-01
 529.400     8.521210e-01     7.616790e-01
 530.000     8.326200e-01     7.756630e-01
 530.600     8.073900e-01     7.921720e-01
 531.200     8.297060e-01     8.018380e-01
 531.800     8.170480e-01     8.057990e-01
 532.400     8.253770e-01     8.606310e-01
 533.000     8.761630e-01     8.165410e-01
 533.600     8.889450e-01     7.945620e-01
 534.200     8.845560e-01     7.789690e-01
 534.800     8.775750e-01     8.227730e-01
 535.400     8.801690e-01     8.103410e-01
 536.000     8.165750e-01     8.096320e-01
 536.600     8.487760e-01     8.392690e-01
 537.200     8.811940e-01     8.113130e-01
 537.800     8.662050e-01     8.173470e-01
 538.400     8.486940e-01     7.999540e-01
 539.000     8.630020e-01     8.110060e-01
 539.600     8.912080e-01     8.092910e-01
 540.200     8.813660e-01     8.102300e-01
 540.800     8.682370e-01     8.201310e-01
 541.400     8.959090e-01     8.105200e-01
 542.000     8.531000e-01     8.173440e-01
 542.600     8.253290e-01     8.439220e-01
 543.200     7.646590e-01     8.231110e-01
 543.800     7.882240e-01     7.901420e-01
 544.400     8.621280e-01     8.078110e-01
 545.000     8.677280e-01     8.246720e-01
 545.600     8.710010e-01     8.325400e-01
 546.200     8.630810e-01     8.163020e-01
 546.800     8.770730e-01     8.217870e-01
 547.400     8.467270e-01     8.201890e-01
 548.000     8.382830e-01     8.147340e-01
 548.600     8.522120e-01     8.249730e-01
 549.200     8.713060e-01     8.296060e-01
 549.800     8.442060e-01     8.275630e-01
 550.400     8.060240e-01     8.283240e-01
 551.000     8.452680e-01     8.443270e-01
 551.600     8.490380e-01     8.524050e-01
 552.200     8.440510e-01     8.133090e-01
 552.800     8.942500e-01     8.044750e-01
 553.400     9.106730e-01     8.229740e-01
 554.000     8.914940e-01     8.419790e-01
 554.600     8.349000e-01     8.033020e-01
 555.200     8.336970e-01     7.952880e-01
 555.800     8.253480e-01     7.955510e-01
 556.400     7.945850e-01     8.246480e-01
 557.000     8.013780e-01     8.262290e-01
 557.600     8.701450e-01     8.227970e-01
 558.200     8.380240e-01     8.085380e-01
 558.800     8.136660e-01     8.202440e-01
 559.400     8.580300e-01     8.530590e-01
 560.000     8.264220e-01     8.419910e-01
 560.600     8.403930e-01     7.919550e-01
 561.200     8.845200e-01     8.292120e-01
 561.800     8.746460e-01     8.285960e-01
 562.400     8.947180e-01     8.458010e-01
 563.000     8.840990e-01     8.289980e-01
 563.600     8.869660e-01     8.299790e-01
 564.200     8.329720e-01     8.018230e-01
 564.800     8.233950e-01     8.215020e-01
 565.400     8.372400e-01     8.195430e-01
 566.000     8.328170e-01     8.043700e-01
 566.600     8.499180e-01     8.041860e-01
 567.200     8.496370e-01     7.951730e-01
 567.800     8.545670e-01     8.218320e-01
 568.400     8.420080e-01     7.977470e-01
 569.000     8.582260e-01     8.250470e-01
 569.600     8.582320e-01     8.323750e-01
 570.200     8.290350e-01     8.307840e-01
 570.800     8.586180e-01     8.228400e-01
 571.400     8.897150e-01     8.402670e-01
 572.000     8.381410e-01     8.357170e-01
 572.600     8.350330e-01     8.371540e-01
 573.200     8.464160e-01     8.172640e-01
 573.800     8.172590e-01     8.061210e-01
 574.400     7.982650e-01     8.283340e-01
 575.000     8.364730e-01     8.242970e-01
 575.600     8.553580e-01     8.204300e-01
 576.200     8.307280e-01     8.226090e-01
 576.800     8.257810e-01     8.207160e-01
 577.400     8.215100e-01     8.269220e-01
 578.000     8.372210e-01     8.283440e-01
 578.600     8.284800e-01     7.978710e-01
 579.200     8.561230e-01     8.174360e-01
 579.800     8.517540e-01     7.922480e-01
 580.400     8.285370e-01     7.665580e-01
 581.000     8.265430e-01     8.099740e-01
 581.600     8.474480e-01     8.274510e-01
 582.200     8.912780e-01     8.317470e-01
 582.800     9.239670e-01     8.315940e-01
 583.400     8.430510e-01     8.332090e-01
 584.000     8.500720e-01     8.160150e-01
 584.600     8.585680e-01     8.132220e-01
 585.200     8.439840e-01     8.136260e-01
 585.800     8.392760e-01     8.145450e-01
 586.400     8.538520e-01     8.391260e-01
 587.000     8.617330e-01     8.194100e-01
 587.600     8.590600e-01     8.373920e-01
 588.200     8.658550e-01     8.535830e-01
 588.800     8.479040e-01     8.262910e-01
 589.400     8.515630e-01     8.227000e-01
 590.000     8.562940e-01     8.368510e-01
 590.600     8.294750e-01     8.391680e-01
 591.200     8.117640e-01     8.250350e-01
 591.800     8.459830e-01     8.362620e-01
 592.400     8.737390e-01     8.672710e-01
 593.000     8.661050e-01     8.312390e-01
 593.600     8.481730e-01     8.249360e-01
 594.200     8.315470e-01     8.201140e-01
 594.800     8.344510e-01     7.976750e-01
 595.400     8.425120e-01     8.148080e-01
 596.000     9.194370e-01     8.173000e-01
 596.600     9.160120e-01     8.217240e-01
 597.200     9.318960e-01     8.028120e-01
 597.800     8.426210e-01     8.101930e-01
 598.400     8.787260e-01     8.297740e-01
 599.000     8.588260e-01     8.287670e-01
 599.600     8.595000e-01     8.286530e-01
 600.200     8.717140e-01     8.555580e-01
 600.800     9.036960e-01     8.370040e-01
 601.400     8.906360e-01     8.382290e-01
 602.000     9.204900e-01     8.588090e-01
 602.600     8.642790e-01     8.479890e-01
 603.200     8.628300e-01     8.212020e-01
 603.800     8.577220e-01     8.285800e-01
 604.400     8.942390e-01     8.388310e-01
 605.000     8.554530e-01     8.078260e-01
 605.600     8.753540e-01     8.155710e-01
 606.200     9.090610e-01     8.476010e-01
 606.800     8.493410e-01     8.226100e-01
 607.400     8.675900e-01     8.049240e-01
 608.000     8.713240e-01     8.080790e-01
 608.600     8.358210e-01     7.986550e-01
 609.200     8.228710e-01     7.946530e-01
 609.800     8.542590e-01     8.051330e-01
 610.400     8.671780e-01     8.181120e-01
 611.000     9.000380e-01     8.195110e-01
 611.600     8.672480e-01     8.323470e-01
 612.200     9.165950e-01     8.255200e-01
 612.800     8.811210e-01     8.288630e-01
 613.400     8.696080e-01     8.485910e-01
 614.000     8.740300e-01     8.545090e-01
 614.600     8.820170e-01     8.474290e-01
 615.200     9.060410e-01     8.074370e-01
 615.800     8.775500e-01     8.423910e-01
 616.400     8.577740e-01     8.658890e-01
 617.000     8.442280e-01     8.725810e-01
 617.600     8.624550e-01     8.396070e-01
 618.200     8.558000e-01     8.429530e-01
 618.800     8.817340e-01     8.249190e-01
 619.400     8.614880e-01     8.410110e-01
 620.000     9.081500e-01     8.811800e-01
 620.600     8.739610e-01     8.682500e-01
 621.200     8.759080e-01     8.427110e-01
 621.800     9.357770e-01     8.399090e-01
 622.400     9.118610e-01     8.372250e-01
 623.000     8.809960e-01     8.467480e-01
 623.600     8.884160e-01     8.483050e-01
 624.200     8.902530e-01     8.781450e-01
 624.800     8.813880e-01     8.531100e-01
 625.400     8.793060e-01     8.368120e-01
 626.000     8.861870e-01     8.386160e-01
 626.600     9.219450e-01     8.368620e-01
 627.200     8.891770e-01     8.079370e-01
 627.800     8.893760e-01     8.237240e-01
 628.400     8.639400e-01     8.339350e-01
 629.000     8.639830e-01     7.896120e-01
 629.600     8.265920e-01     8.332580e-01
 630.200     9.293390e-01     8.635120e-01
 630.800     9.186370e-01     8.459960e-01
 631.400     9.114000e-01     8.486610e-01
 632.000     9.118140e-01     8.486820e-01
 632.600     9.138650e-01     8.587870e-01
 633.200     8.721750e-01     8.535830e-01
 633.800     8.855820e-01     8.556270e-01
 634.400     8.041540e-01     8.671170e-01
 635.000     8.878660e-01     8.561540e-01
 635.600     9.181620e-01     8.137580e-01
 636.200     9.005920e-01     8.540560e-01
 636.800     8.923820e-01     8.320000e-01
 637.400     8.469600e-01     8.474480e-01
 638.000     9.102570e-01     8.558810e-01
 638.600     9.344820e-01     8.680430e-01
 639.200     9.114810e-01     8.405400e-01
 639.800     9.634770e-01     8.332550e-01
 640.400     9.241740e-01     8.621040e-01
 641.000     8.966930e-01     8.864100e-01
 641.600     8.780550e-01     8.491860e-01
 642.200     8.976070e-01     8.573950e-01
 642.800     8.917160e-01     8.309430e-01
 643.400     8.640690e-01     8.628070e-01
 644.000     8.789600e-01     8.347380e-01
 644.600     9.079400e-01     8.479650e-01
 645.200     9.084980e-01     8.372640e-01
 645.800     9.036800e-01     8.825370e-01
 646.400     8.960290e-01     8.619800e-01
 647.000     9.107430e-01     8.407540e-01
 647.600     9.185850e-01     8.712620e-01
 648.200     9.024910e-01     8.609880e-01
 648.800     9.216920e-01     8.670050e-01
 649.400     8.711840e-01     8.735710e-01
 650.000     9.069520e-01     8.712320e-01
