501
 350.000     1.000000e-60     5.659487e-73
 350.600     1.000000e-60     5.659487e-73
 351.200     1.000000e-60     5.659487e-73
 351.800     1.000000e-60     5.659487e-73
 352.400     1.000000e-60     5.659487e-73
 353.000     1.000000e-60     5.659487e-73
 353.600     1.000000e-60     5.659487e-73
 354.200     1.000000e-60     5.659487e-73
 354.800     1.000000e-60     5.659487e-73
 355.400     1.000000e-60     5.659487e-73
 356.000     1.000000e-60     5.659487e-73
 356.600     1.000000e-60     5.659487e-73
 357.200     1.000000e-60     5.659487e-73
 357.800     1.000000e-60     5.659487e-73
 358.400     1.000000e-60     5.659487e-73
 359.000     1.000000e-60     5.659487e-73
 359.600     1.000000e-60     5.659487e-73
 360.200     1.000000e-60     5.659487e-73
 360.800     1.000000e-60     5.659487e-73
 361.400     1.000000e-60     5.659487e-73
 362.000     1.000000e-60     5.659487e-73
 362.600     1.000000e-60     5.659487e-73
 363.200     1.000000e-60     5.659487e-73
 363.800     1.000000e-60     5.659487e-73
 364.400     1.000000e-60     5.659487e-73
 365.000     1.000000e-60     5.659487e-73
 365.600     1.000000e-60     5.659487e-73
 366.200     1.000000e-60     5.659487e-73
 366.800     1.000000e-60     5.659487e-73
 367.400     1.000000e-60     5.659487e-73
 368.000     1.000000e-60     5.659487e-73
 368.600     1.000000e-60     5.659487e-73
 369.200     1.000000e-60     5.659487e-73
 369.800     1.000000e-60     5.659487e-73
 370.400     1.000000e-60     5.659487e-73
 371.000     1.000000e-60     5.659487e-73
 371.600     1.000000e-60     5.659487e-73
 372.200     1.000000e-60     5.659487e-73
 372.800     1.000000e-60     5.659487e-73
 373.400     1.000000e-60     5.659487e-73
 374.000     1.000000e-60     5.659487e-73
 374.600     1.000000e-60     5.659487e-73
 375.200     1.000000e-60     5.659487e-73
 375.800     1.000000e-60     5.659487e-73
 376.400     1.000000e-60     5.659487e-73
 377.000     1.000000e-60     5.659487e-73
 377.600     1.000000e-60     5.659487e-73
 378.200     1.000000e-60     5.659487e-73
 378.800     1.000000e-60     5.659487e-73
 379.400     1.000000e-60     5.659487e-73
 380.000     1.000000e-60     5.659487e-73
 380.600     1.000000e-60     5.659487e-73
 381.200     1.000000e-60     5.659487e-73
 381.800     1.000000e-60     5.659487e-73
 382.400     2.394621e-05     2.225254e-16
 383.000     8.342192e-05     7.794478e-16
 383.600     9.057729e-05     9.061687e-16
 384.200     8.428131e-05     9.151342e-16
 384.800     9.126990e-05     8.545057e-16
 385.400     1.818606e-04     1.111572e-15
 386.000     3.091568e-04     1.641453e-15
 386.600     2.705870e-04     1.518169e-15
 387.200     1.700575e-04     1.154795e-15
 387.800     1.943145e-04     1.354824e-15
 388.400     2.735231e-04     1.800950e-15
 389.000     2.817596e-04     1.905307e-15
 389.600     2.235807e-04     1.634495e-15
 390.200     1.736125e-04     1.389389e-15
 390.800     1.110857e-04     9.770153e-16
 391.400     8.779955e-05     7.099679e-16
 392.000     1.602774e-04     1.014412e-15
 392.600     2.422419e-04     1.409824e-15
 393.200     2.140276e-04     1.278503e-15
 393.800     1.035983e-04     7.638177e-16
 394.400     3.470565e-05     5.385438e-16
 395.000     2.347899e-05     6.688836e-16
 395.600     2.978423e-05     8.043022e-16
 396.200     5.780210e-05     1.084601e-15
 396.800     1.043032e-04     1.584279e-15
 397.400     9.775435e-05     1.443961e-15
 398.000     4.609755e-05     7.725341e-16
 398.600     1.799981e-05     4.212022e-16
 399.200     1.919923e-05     4.729581e-16
 399.800     4.496845e-05     8.447857e-16
 400.400     7.851689e-05     1.236913e-15
 401.000     7.236866e-05     1.135603e-15
 401.600     3.672252e-05     7.224160e-16
 402.200     1.802195e-05     4.946020e-16
 402.800     2.034140e-05     4.616100e-16
 403.400     9.798524e-05     1.272751e-15
 404.000     4.075485e-04     4.766989e-15
 404.600     7.512503e-04     8.706647e-15
 405.200     6.277254e-04     7.395500e-15
 405.800     4.514135e-04     5.585637e-15
 406.400     5.914440e-04     7.428574e-15
 407.000     6.309252e-04     8.020715e-15
 407.600     4.115199e-04     5.436397e-15
 408.200     1.529685e-04     2.268589e-15
 408.800     3.534072e-05     7.280681e-16
 409.400     1.173666e-05     3.375032e-16
 410.000     1.176404e-05     3.365515e-16
 410.600     1.663680e-05     4.992389e-16
 411.200     2.233894e-05     7.508113e-16
 411.800     3.161038e-05     1.033715e-15
 412.400     6.108015e-05     1.362271e-15
 413.000     1.244683e-04     2.023502e-15
 413.600     1.855744e-04     2.710182e-15
 414.200     2.299908e-04     3.149523e-15
 414.800     2.065709e-04     2.938946e-15
 415.400     1.143503e-04     2.104126e-15
 416.000     5.009016e-05     1.298072e-15
 416.600     2.494575e-05     7.172330e-16
 417.200     3.122642e-05     7.917397e-16
 417.800     5.998549e-05     1.436217e-15
 418.400     9.743677e-05     2.234819e-15
 419.000     1.337888e-04     2.924499e-15
 419.600     1.965666e-04     3.933708e-15
 420.200     2.456679e-04     4.387285e-15
 420.800     1.771343e-04     2.982969e-15
 421.400     8.779024e-05     1.735167e-15
 422.000     7.003317e-05     1.914129e-15
 422.600     8.687319e-05     2.513111e-15
 423.200     1.074254e-04     2.753645e-15
 423.800     1.186059e-04     2.646146e-15
 424.400     1.503891e-04     2.778215e-15
 425.000     2.270554e-04     3.594251e-15
 425.600     2.643238e-04     4.195721e-15
 426.200     3.359768e-04     5.076452e-15
 426.800     5.787398e-04     7.234543e-15
 427.400     6.858189e-04     7.869050e-15
 428.000     3.981190e-04     4.609548e-15
 428.600     1.488856e-04     1.903934e-15
 429.200     1.321829e-04     1.727722e-15
 429.800     2.751764e-04     3.388109e-15
 430.400     5.924981e-04     6.766803e-15
 431.000     7.665182e-04     8.462863e-15
 431.600     6.004821e-04     6.641673e-15
 432.200     6.722583e-04     7.433291e-15
 432.800     7.785277e-04     8.565008e-15
 433.400     4.405828e-04     4.861910e-15
 434.000     1.191119e-04     1.370069e-15
 434.600     2.822919e-05     4.307507e-16
 435.200     1.869683e-05     3.547897e-16
 435.800     1.612207e-05     3.100095e-16
 436.400     2.485227e-05     3.971234e-16
 437.000     1.492335e-04     1.598557e-15
 437.600     7.365169e-04     7.209671e-15
 438.200     1.690032e-03     1.647768e-14
 438.800     1.652666e-03     1.622632e-14
 439.400     7.890231e-04     7.896537e-15
 440.000     6.047731e-04     6.216858e-15
 440.600     8.325956e-04     8.559049e-15
 441.200     6.819292e-04     7.050715e-15
 441.800     3.711663e-04     3.900922e-15
 442.400     1.600134e-04     1.716893e-15
 443.000     6.586558e-05     7.710809e-16
 443.600     4.031661e-05     6.287918e-16
 444.200     4.099363e-05     7.484708e-16
 444.800     4.291989e-05     7.855102e-16
 445.400     4.372815e-05     7.619432e-16
 446.000     5.696815e-05     9.559972e-16
 446.600     6.543426e-05     1.266041e-15
 447.200     6.089602e-05     1.426474e-15
 447.800     5.541596e-05     1.322202e-15
 448.400     4.725001e-05     1.006271e-15
 449.000     4.030479e-05     7.657825e-16
 449.600     3.432048e-05     6.113245e-16
 450.200     1.861148e-05     3.306784e-16
 450.800     5.746214e-06     1.153482e-16
 451.400     5.998141e-06     1.396466e-16
 452.000     2.505781e-05     4.945152e-16
 452.600     6.248179e-05     1.083598e-15
 453.200     7.111451e-05     1.129891e-15
 453.800     3.641299e-05     5.673517e-16
 454.400     1.183462e-05     2.583794e-16
 455.000     9.274865e-06     3.141151e-16
 455.600     1.079666e-05     3.856649e-16
 456.200     7.984506e-06     2.819944e-16
 456.800     3.878151e-06     1.281370e-16
 457.400     2.382275e-06     6.815661e-17
 458.000     2.901216e-06     7.240800e-17
 458.600     5.416056e-06     1.039611e-16
 459.200     1.165122e-05     1.742472e-16
 459.800     2.187047e-05     2.861158e-16
 460.400     2.858231e-05     3.776881e-16
 461.000     2.236412e-05     3.784332e-16
 461.600     1.215856e-05     2.959212e-16
 462.200     7.229171e-06     2.057097e-16
 462.800     6.659525e-06     1.677718e-16
 463.400     7.795944e-06     1.878550e-16
 464.000     8.731876e-06     2.286309e-16
 464.600     1.006713e-05     2.626368e-16
 465.200     1.193284e-05     2.979615e-16
 465.800     1.088665e-05     2.795414e-16
 466.400     8.781101e-06     2.569199e-16
 467.000     9.962647e-06     3.250658e-16
 467.600     1.129911e-05     3.761191e-16
 468.200     9.714310e-06     3.093793e-16
 468.800     7.040914e-06     1.982000e-16
 469.400     5.619871e-06     1.472854e-16
 470.000     6.315750e-06     1.781768e-16
 470.600     9.708894e-06     2.812709e-16
 471.200     9.695421e-06     2.800983e-16
 471.800     5.646109e-06     1.660724e-16
 472.400     5.828352e-06     1.663222e-16
 473.000     1.263167e-05     3.201544e-16
 473.600     1.947171e-05     4.765566e-16
 474.200     1.741801e-05     4.523793e-16
 474.800     9.732353e-06     2.838443e-16
 475.400     3.856472e-06     1.239121e-16
 476.000     2.056811e-06     6.271252e-17
 476.600     3.343073e-06     9.326942e-17
 477.200     4.544885e-06     1.236750e-16
 477.800     4.596541e-06     1.280680e-16
 478.400     6.696840e-06     1.927872e-16
 479.000     9.060892e-06     2.667598e-16
 479.600     6.983940e-06     2.172355e-16
 480.200     3.972933e-06     1.352433e-16
 480.800     2.384569e-06     8.264367e-17
 481.400     1.399942e-06     4.564526e-17
 482.000     1.041348e-06     3.478660e-17
 482.600     1.230438e-06     4.474499e-17
 483.200     2.353279e-06     8.318622e-17
 483.800     5.282551e-06     1.794351e-16
 484.400     9.420407e-06     3.044228e-16
 485.000     1.383656e-05     3.935831e-16
 485.600     2.334413e-05     5.476275e-16
 486.200     4.508156e-05     9.558059e-16
 486.800     8.614824e-05     1.767355e-15
 487.400     1.117852e-04     2.293123e-15
 488.000     9.770688e-05     2.065194e-15
 488.600     1.305258e-04     2.773068e-15
 489.200     1.833905e-04     3.790231e-15
 489.800     1.326070e-04     2.720710e-15
 490.400     6.031921e-05     1.339410e-15
 491.000     7.719864e-05     1.783792e-15
 491.600     1.968541e-04     4.100535e-15
 492.200     2.733990e-04     5.470821e-15
 492.800     1.702617e-04     3.431520e-15
 493.400     5.993063e-05     1.328705e-15
 494.000     3.440065e-05     8.056066e-16
 494.600     6.295033e-05     1.309281e-15
 495.200     1.958303e-04     3.844428e-15
 495.800     3.399404e-04     6.624457e-15
 496.400     2.587682e-04     5.167378e-15
 497.000     9.501166e-05     2.180445e-15
 497.600     4.046171e-05     1.430657e-15
 498.200     5.216778e-05     2.102782e-15
 498.800     5.530214e-05     2.083682e-15
 499.400     4.605250e-05     1.446976e-15
 500.000     6.433572e-05     1.825341e-15
 500.600     9.722554e-05     2.578918e-15
 501.200     9.423434e-05     2.235079e-15
 501.800     5.814180e-05     1.374411e-15
 502.400     2.968159e-05     8.596629e-16
 503.000     2.956092e-05     6.612410e-16
 503.600     7.130489e-05     8.134650e-16
 504.200     1.240026e-04     1.182476e-15
 504.800     1.153126e-04     1.134389e-15
 505.400     6.812442e-05     7.665759e-16
 506.000     3.314584e-05     6.045998e-16
 506.600     2.650680e-05     8.200574e-16
 507.200     3.342326e-05     1.037804e-15
 507.800     3.917160e-05     9.752572e-16
 508.400     3.537627e-05     6.849434e-16
 509.000     2.428138e-05     5.368459e-16
 509.600     2.149582e-05     5.997880e-16
 510.200     3.043533e-05     5.857014e-16
 510.800     4.215648e-05     4.853189e-16
 511.400     3.827036e-05     4.096882e-16
 512.000     3.070466e-05     5.448767e-16
 512.600     4.243147e-05     1.047942e-15
 513.200     7.921767e-05     1.951515e-15
 513.800     1.422648e-04     2.966595e-15
 514.400     1.601832e-04     2.858127e-15
 515.000     1.032273e-04     1.716120e-15
 515.600     7.774237e-05     1.252137e-15
 516.200     1.747864e-04     2.224078e-15
 516.800     3.030905e-04     3.141554e-15
 517.400     2.478500e-04     2.287642e-15
 518.000     1.030206e-04     1.059808e-15
 518.600     7.189132e-05     1.316257e-15
 519.200     1.250417e-04     2.515228e-15
 519.800     1.304332e-04     2.584211e-15
 520.400     8.176603e-05     1.545075e-15
 521.000     6.132873e-05     1.017285e-15
 521.600     1.179091e-04     1.474998e-15
 522.200     3.191142e-04     3.407090e-15
 522.800     5.460751e-04     6.094620e-15
 523.400     4.628431e-04     5.979185e-15
 524.000     1.992419e-04     3.169647e-15
 524.600     5.708571e-05     1.124990e-15
 525.200     3.689391e-05     5.880484e-16
 525.800     1.424419e-04     1.254214e-15
 526.400     5.392577e-04     3.724667e-15
 527.000     9.458367e-04     5.951409e-15
 527.600     7.176757e-04     4.581454e-15
 528.200     2.576287e-04     2.177834e-15
 528.800     6.617176e-05     1.020744e-15
 529.400     2.125538e-05     4.688204e-16
 530.000     1.605533e-05     3.657361e-16
 530.600     1.798585e-05     3.665778e-16
 531.200     3.047495e-05     4.229476e-16
 531.800     1.543201e-04     1.443629e-15
 532.400     4.861305e-04     3.723632e-15
 533.000     6.786383e-04     4.609579e-15
 533.600     4.273681e-04     2.914270e-15
 534.200     1.515081e-04     1.344636e-15
 534.800     4.753649e-05     6.255237e-16
 535.400     2.148119e-05     4.867910e-16
 536.000     6.778980e-05     1.416143e-15
 536.600     2.351129e-04     3.515599e-15
 537.200     3.871014e-04     4.580144e-15
 537.800     2.941121e-04     3.585354e-15
 538.400     1.403619e-04     2.771736e-15
 539.000     1.350318e-04     2.599639e-15
 539.600     2.574693e-04     3.563672e-15
 540.200     3.817894e-04     5.735272e-15
 540.800     3.652571e-04     6.394389e-15
 541.400     2.207205e-04     4.917417e-15
 542.000     1.489151e-04     3.777065e-15
 542.600     2.339931e-04     3.507982e-15
 543.200     3.208011e-04     2.894846e-15
 543.800     2.729408e-04     1.944969e-15
 544.400     2.518544e-04     1.872857e-15
 545.000     3.313776e-04     2.639207e-15
 545.600     3.590768e-04     3.222141e-15
 546.200     2.371280e-04     2.742273e-15
 546.800     8.936036e-05     1.680503e-15
 547.400     3.286451e-05     1.085663e-15
 548.000     2.389451e-05     9.165530e-16
 548.600     2.180047e-05     7.642112e-16
 549.200     2.803856e-05     5.806121e-16
 549.800     4.429673e-05     4.070077e-16
 550.400     5.293866e-05     3.300326e-16
 551.000     3.880095e-05     2.551240e-16
 551.600     1.619727e-05     1.513259e-16
 552.200     4.938655e-06     1.053972e-16
 552.800     3.824092e-06     1.401950e-16
 553.400     5.620002e-06     2.115325e-16
 554.000     6.659667e-06     2.479619e-16
 554.600     7.057981e-06     2.756748e-16
 555.200     9.561696e-06     4.026972e-16
 555.800     1.829441e-05     7.047120e-16
 556.400     4.301467e-05     1.316940e-15
 557.000     7.971970e-05     2.070268e-15
 557.600     8.860195e-05     2.137912e-15
 558.200     7.741169e-05     1.810600e-15
 558.800     7.443824e-05     1.741160e-15
 559.400     5.106155e-05     1.267044e-15
 560.000     2.933631e-05     8.170980e-16
 560.600     3.695201e-05     9.198404e-16
 561.200     7.500261e-05     1.642122e-15
 561.800     9.918590e-05     2.137099e-15
 562.400     6.531504e-05     1.452006e-15
 563.000     2.550186e-05     6.547964e-16
 563.600     1.048962e-05     3.794645e-16
 564.200     7.150819e-06     3.005757e-16
 564.800     9.607408e-06     3.581243e-16
 565.400     2.354747e-05     7.451257e-16
 566.000     3.603814e-05     1.056339e-15
 566.600     2.592349e-05     7.451471e-16
 567.200     9.179094e-06     2.755475e-16
 567.800     3.065085e-06     1.203384e-16
 568.400     3.080936e-06     1.418962e-16
 569.000     3.595043e-06     1.494481e-16
 569.600     4.868393e-06     1.442229e-16
 570.200     9.252691e-06     2.402576e-16
 570.800     1.333495e-05     3.652169e-16
 571.400     1.134357e-05     3.248773e-16
 572.000     5.767900e-06     1.799242e-16
 572.600     2.360684e-06     8.623316e-17
 573.200     1.522539e-06     6.165445e-17
 573.800     1.472699e-06     6.027243e-17
 574.400     2.090713e-06     8.496052e-17
 575.000     4.256794e-06     1.685427e-16
 575.600     7.320250e-06     2.788719e-16
 576.200     9.511403e-06     3.533574e-16
 576.800     8.144749e-06     3.010054e-16
 577.400     4.714981e-06     1.698878e-16
 578.000     2.787804e-06     8.902505e-17
 578.600     2.050828e-06     5.810047e-17
 579.200     1.982309e-06     5.987651e-17
 579.800     2.062940e-06     7.014359e-17
 580.400     2.415894e-06     9.241147e-17
 581.000     3.204351e-06     1.312948e-16
 581.600     3.497253e-06     1.496373e-16
 582.200     2.547714e-06     1.117391e-16
 582.800     1.651825e-06     7.126983e-17
 583.400     1.542653e-06     6.413300e-17
 584.000     1.472031e-06     6.149723e-17
 584.600     2.179740e-06     9.637189e-17
 585.200     5.066646e-06     2.279671e-16
 585.800     1.070879e-05     4.846989e-16
 586.400     1.306028e-05     5.927998e-16
 587.000     7.742055e-06     3.483514e-16
 587.600     3.010111e-06     1.257137e-16
 588.200     2.611301e-06     9.803713e-17
 588.800     3.428229e-06     1.357849e-16
 589.400     3.317342e-06     1.412983e-16
 590.000     3.042210e-06     1.357101e-16
 590.600     5.715652e-06     2.576219e-16
 591.200     1.129193e-05     5.038763e-16
 591.800     1.236481e-05     5.462441e-16
 592.400     8.718447e-06     3.855898e-16
 593.000     8.271344e-06     3.625865e-16
 593.600     7.332270e-06     3.037409e-16
 594.200     3.831221e-06     1.452672e-16
 594.800     2.177171e-06     7.195184e-17
 595.400     2.327057e-06     6.454357e-17
 596.000     2.073249e-06     5.105537e-17
 596.600     2.965867e-06     9.151323e-17
 597.200     7.793203e-06     2.685067e-16
 597.800     1.196514e-05     4.355652e-16
 598.400     1.024636e-05     4.196323e-16
 599.000     6.252300e-06     2.868506e-16
 599.600     4.074017e-06     1.647092e-16
 600.200     5.947782e-06     1.857295e-16
 600.800     8.728057e-06     2.701032e-16
 601.400     1.028631e-05     3.604232e-16
 602.000     1.376804e-05     5.542936e-16
 602.600     1.444813e-05     6.053696e-16
 603.200     8.051137e-06     3.345589e-16
 603.800     2.240071e-06     9.066413e-17
 604.400     6.563927e-07     2.737728e-17
 605.000     1.836884e-06     7.003504e-17
 605.600     6.561718e-06     1.712774e-16
 606.200     1.558698e-05     2.660961e-16
 606.800     1.973146e-05     2.833505e-16
 607.400     1.261497e-05     2.279853e-16
 608.000     6.010904e-06     1.894916e-16
 608.600     3.237228e-06     1.248658e-16
 609.200     2.137683e-06     8.304747e-17
 609.800     2.994660e-06     1.311289e-16
 610.400     4.069520e-06     1.826239e-16
 611.000     3.159960e-06     1.352896e-16
 611.600     1.861295e-06     6.797792e-17
 612.200     5.009429e-06     1.263403e-16
 612.800     2.115375e-05     3.726205e-16
 613.400     5.377325e-05     7.279116e-16
 614.000     6.639994e-05     8.136363e-16
 614.600     3.691581e-05     4.578987e-16
 615.200     1.063952e-05     1.590524e-16
 615.800     4.060753e-06     1.004100e-16
 616.400     4.095591e-06     1.319225e-16
 617.000     5.321373e-06     1.741734e-16
 617.600     5.678615e-06     1.518436e-16
 618.200     8.127289e-06     1.252709e-16
 618.800     1.877478e-05     2.176608e-16
 619.400     2.555889e-05     2.830274e-16
 620.000     1.643243e-05     1.811803e-16
 620.600     7.091906e-06     8.298315e-17
 621.200     7.284806e-06     9.375573e-17
 621.800     1.305060e-05     1.633915e-16
 622.400     2.513223e-05     3.058267e-16
 623.000     4.260503e-05     5.293018e-16
 623.600     4.013836e-05     5.271377e-16
 624.200     2.517948e-05     3.798476e-16
 624.800     2.776216e-05     4.106771e-16
 625.400     3.392126e-05     4.236865e-16
 626.000     2.432328e-05     2.699448e-16
 626.600     1.187534e-05     1.257464e-16
 627.200     5.765246e-06     6.428534e-17
 627.800     2.955534e-06     3.662880e-17
 628.400     2.306834e-06     3.983541e-17
 629.000     4.328744e-06     9.835046e-17
 629.600     1.219986e-05     2.667949e-16
 630.200     2.042992e-05     4.458996e-16
 630.800     1.753639e-05     3.926543e-16
 631.400     1.245024e-05     2.716736e-16
 632.000     1.145320e-05     2.150000e-16
 632.600     1.001843e-05     1.549992e-16
 633.200     1.321978e-05     1.944500e-16
 633.800     1.703823e-05     2.663673e-16
 634.400     1.162653e-05     1.913433e-16
 635.000     5.719243e-06     9.798583e-17
 635.600     5.517574e-06     1.092007e-16
 636.200     5.521513e-06     1.307569e-16
 636.800     3.251697e-06     9.474456e-17
 637.400     1.588211e-06     5.325352e-17
 638.000     2.570675e-06     5.599537e-17
 638.600     1.032642e-05     1.407411e-16
 639.200     2.979708e-05     3.988205e-16
 639.800     4.714332e-05     7.327297e-16
 640.400     4.428579e-05     8.135359e-16
 641.000     3.294464e-05     6.977050e-16
 641.600     2.818483e-05     6.187844e-16
 642.200     2.787688e-05     5.232891e-16
 642.800     2.643362e-05     3.588950e-16
 643.400     2.019155e-05     2.047391e-16
 644.000     9.138158e-06     8.483434e-17
 644.600     2.023789e-06     2.087695e-17
 645.200     6.649246e-07     1.016864e-17
 645.800     1.892321e-06     3.133687e-17
 646.400     3.725650e-06     7.385480e-17
 647.000     3.974597e-06     9.442677e-17
 647.600     3.392595e-06     7.047974e-17
 648.200     6.320974e-06     7.622067e-17
 648.800     2.389888e-05     2.641552e-16
 649.400     5.415854e-05     6.270310e-16
 650.000     5.426367e-05     6.972266e-16
