501
 350.000     1.000000e-60     5.659487e-73
 350.600     1.000000e-60     5.659487e-73
 351.200     1.000000e-60     5.659487e-73
 351.800     1.000000e-60     5.659487e-73
 352.400     1.000000e-60     5.659487e-73
 353.000     1.000000e-60     5.659487e-73
 353.600     1.000000e-60     5.659487e-73
 354.200     1.000000e-60     5.659487e-73
 354.800     1.000000e-60     5.659487e-73
 355.400     1.000000e-60     5.659487e-73
 356.000     1.000000e-60     5.659487e-73
 356.600     1.000000e-60     5.659487e-73
 357.200     1.000000e-60     5.659487e-73
 357.800     1.000000e-60     5.659487e-73
 358.400     1.000000e-60     5.659487e-73
 359.000     1.000000e-60     5.659487e-73
 359.600     1.000000e-60     5.659487e-73
 360.200     1.000000e-60     5.659487e-73
 360.800     1.000000e-60     5.659487e-73
 361.400     1.000000e-60     5.659487e-73
 362.000     1.000000e-60     5.659487e-73
 362.600     1.000000e-60     5.659487e-73
 363.200     1.000000e-60     5.659487e-73
 363.800     1.000000e-60     5.659487e-73
 364.400     1.000000e-60     5.659487e-73
 365.000     1.000000e-60     5.659487e-73
 365.600     1.000000e-60     5.659487e-73
 366.200     1.000000e-60     5.659487e-73
 366.800     1.000000e-60     5.659487e-73
 367.400     1.000000e-60     5.659487e-73
 368.000     1.000000e-60     5.659487e-73
 368.600     1.000000e-60     5.659487e-73
 369.200     1.000000e-60     5.659487e-73
 369.800     1.000000e-60     5.659487e-73
 370.400     1.000000e-60     5.659487e-73
 371.000     1.000000e-60     5.659487e-73
 371.600     1.000000e-60     5.659487e-73
 372.200     1.000000e-60     5.659487e-73
 372.800     1.000000e-60     5.659487e-73
 373.400     1.000000e-60     5.659487e-73
 374.000     1.000000e-60     5.659487e-73
 374.600     1.000000e-60     5.659487e-73
 375.200     1.000000e-60     5.659487e-73
 375.800     1.000000e-60     5.659487e-73
 376.400     1.000000e-60     5.659487e-73
 377.000     1.000000e-60     5.659487e-73
 377.600     1.000000e-60     5.659487e-73
 378.200     1.000000e-60     5.659487e-73
 378.800     1.000000e-60     5.659487e-73
 379.400     1.000000e-60     5.659487e-73
 380.000     1.000000e-60     5.659487e-73
 380.600     1.000000e-60     5.659487e-73
 381.200     1.000000e-60     5.659487e-73
 381.800     1.000000e-60     5.659487e-73
 382.400     1.555378e-05     1.509860e-16
 383.000     6.749154e-05     6.481096e-16
 383.600     1.049490e-04     9.914797e-16
 384.200     1.281485e-04     1.153605e-15
 384.800     1.502764e-04     1.220646e-15
 385.400     1.802313e-04     1.284089e-15
 386.000     2.119947e-04     1.365927e-15
 386.600     2.329885e-04     1.439595e-15
 387.200     2.398997e-04     1.494569e-15
 387.800     2.404117e-04     1.549699e-15
 388.400     2.400793e-04     1.606234e-15
 389.000     2.346431e-04     1.622735e-15
 389.600     2.178297e-04     1.555589e-15
 390.200     1.919866e-04     1.410626e-15
 390.800     1.684016e-04     1.247460e-15
 391.400     1.577487e-04     1.134126e-15
 392.000     1.598336e-04     1.091137e-15
 392.600     1.622644e-04     1.075526e-15
 393.200     1.510216e-04     1.028317e-15
 393.800     1.234812e-04     9.399110e-16
 394.400     9.048051e-05     8.612270e-16
 395.000     6.624786e-05     8.525560e-16
 395.600     5.748675e-05     9.278204e-16
 396.200     6.044627e-05     1.039123e-15
 396.800     6.547541e-05     1.105127e-15
 397.400     6.453614e-05     1.069225e-15
 398.000     5.676422e-05     9.499878e-16
 398.600     4.792938e-05     8.311972e-16
 399.200     4.426104e-05     7.890514e-16
 399.800     4.663254e-05     8.265560e-16
 400.400     5.068955e-05     8.818727e-16
 401.000     5.291552e-05     9.059180e-16
 401.600     5.772829e-05     9.462415e-16
 402.200     7.976097e-05     1.171443e-15
 402.800     1.372269e-04     1.795291e-15
 403.400     2.365882e-04     2.903730e-15
 404.000     3.590437e-04     4.299766e-15
 404.600     4.669674e-04     5.570241e-15
 405.200     5.307589e-04     6.381815e-15
 405.800     5.461696e-04     6.669953e-15
 406.400     5.216922e-04     6.495614e-15
 407.000     4.602472e-04     5.851352e-15
 407.600     3.643711e-04     4.743987e-15
 408.200     2.512511e-04     3.381097e-15
 408.800     1.490435e-04     2.123104e-15
 409.400     7.819935e-05     1.248446e-15
 410.000     4.157875e-05     8.186419e-16
 410.600     3.076954e-05     7.389933e-16
 411.200     3.700213e-05     8.856276e-16
 411.800     5.587022e-05     1.174184e-15
 412.400     8.492816e-05     1.552347e-15
 413.000     1.189083e-04     1.957482e-15
 413.600     1.477314e-04     2.289905e-15
 414.200     1.599700e-04     2.436270e-15
 414.800     1.499314e-04     2.334747e-15
 415.400     1.225617e-04     2.030973e-15
 416.000     9.118910e-05     1.673168e-15
 416.600     6.965927e-05     1.442909e-15
 417.200     6.559941e-05     1.467376e-15
 417.800     7.910248e-05     1.766194e-15
 418.400     1.049797e-04     2.251010e-15
 419.000     1.346603e-04     2.757954e-15
 419.600     1.573482e-04     3.100146e-15
 420.200     1.636344e-04     3.153982e-15
 420.800     1.518179e-04     2.949752e-15
 421.400     1.305393e-04     2.664708e-15
 422.000     1.130012e-04     2.487593e-15
 422.600     1.082844e-04     2.489465e-15
 423.200     1.186722e-04     2.635588e-15
 423.800     1.433758e-04     2.889663e-15
 424.400     1.824183e-04     3.270101e-15
 425.000     2.369387e-04     3.812638e-15
 425.600     3.054501e-04     4.490469e-15
 426.200     3.765608e-04     5.145409e-15
 426.800     4.256989e-04     5.499065e-15
 427.400     4.288837e-04     5.327809e-15
 428.000     3.888366e-04     4.719069e-15
 428.600     3.436098e-04     4.118451e-15
 429.200     3.400431e-04     4.024590e-15
 429.800     3.955359e-04     4.593650e-15
 430.400     4.861120e-04     5.539371e-15
 431.000     5.689709e-04     6.392723e-15
 431.600     6.114652e-04     6.809621e-15
 432.200     5.986321e-04     6.636965e-15
 432.800     5.270521e-04     5.839402e-15
 433.400     4.078741e-04     4.536147e-15
 434.000     2.727362e-04     3.067900e-15
 434.600     1.626884e-04     1.872358e-15
 435.200     1.102372e-04     1.282634e-15
 435.800     1.377711e-04     1.507091e-15
 436.400     2.640327e-04     2.709600e-15
 437.000     4.891063e-04     4.881090e-15
 437.600     7.614371e-04     7.523802e-15
 438.200     9.792351e-04     9.657829e-15
 438.800     1.056836e-03     1.045451e-14
 439.400     9.934724e-04     9.897903e-15
 440.000     8.576365e-04     8.634244e-15
 440.600     7.096385e-04     7.227772e-15
 441.200     5.634827e-04     5.802943e-15
 441.800     4.156221e-04     4.333785e-15
 442.400     2.770719e-04     2.952544e-15
 443.000     1.682155e-04     1.881973e-15
 443.600     9.919017e-05     1.228513e-15
 444.200     6.467548e-05     9.320584e-16
 444.800     5.226238e-05     8.624612e-16
 445.400     5.087753e-05     9.121957e-16
 446.000     5.334393e-05     1.013102e-15
 446.600     5.548743e-05     1.110533e-15
 447.200     5.518224e-05     1.152521e-15
 447.800     5.193039e-05     1.107081e-15
 448.400     4.625131e-05     9.784645e-16
 449.000     3.897647e-05     7.999940e-16
 449.600     3.116454e-05     6.155180e-16
 450.200     2.461987e-05     4.705825e-16
 450.800     2.187641e-05     4.079817e-16
 451.400     2.466433e-05     4.478006e-16
 452.000     3.170731e-05     5.592337e-16
 452.600     3.840482e-05     6.633870e-16
 453.200     3.983270e-05     6.858588e-16
 453.800     3.467357e-05     6.145500e-16
 454.400     2.588955e-05     4.986018e-16
 455.000     1.755840e-05     3.921359e-16
 455.600     1.172102e-05     3.116403e-16
 456.200     8.189053e-06     2.461303e-16
 456.800     6.214783e-06     1.888932e-16
 457.400     5.606876e-06     1.483891e-16
 458.000     6.624003e-06     1.367059e-16
 458.600     9.349451e-06     1.571623e-16
 459.200     1.316735e-05     2.011653e-16
 459.800     1.667941e-05     2.510842e-16
 460.400     1.832319e-05     2.867402e-16
 461.000     1.742046e-05     2.950185e-16
 461.600     1.470300e-05     2.774993e-16
 462.200     1.171308e-05     2.490514e-16
 462.800     9.684221e-06     2.274946e-16
 463.400     8.951165e-06     2.227236e-16
 464.000     9.146938e-06     2.332647e-16
 464.600     9.685258e-06     2.508647e-16
 465.200     1.010846e-05     2.679623e-16
 465.800     1.024087e-05     2.820363e-16
 466.400     1.014618e-05     2.933991e-16
 467.000     9.911019e-06     2.992863e-16
 467.600     9.493238e-06     2.930311e-16
 468.200     8.848803e-06     2.719503e-16
 468.800     8.143316e-06     2.443211e-16
 469.400     7.688210e-06     2.242963e-16
 470.000     7.632821e-06     2.189740e-16
 470.600     7.841206e-06     2.235198e-16
 471.200     8.183667e-06     2.311004e-16
 471.800     8.848419e-06     2.442994e-16
 472.400     1.010152e-05     2.705515e-16
 473.000     1.166282e-05     3.055649e-16
 473.600     1.258047e-05     3.278924e-16
 474.200     1.198418e-05     3.155601e-16
 474.800     9.933202e-06     2.672403e-16
 475.400     7.399053e-06     2.045326e-16
 476.000     5.464322e-06     1.544891e-16
 476.600     4.624926e-06     1.317887e-16
 477.200     4.736151e-06     1.351015e-16
 477.800     5.343744e-06     1.537362e-16
 478.400     5.938140e-06     1.737508e-16
 479.000     6.077547e-06     1.816999e-16
 479.600     5.550432e-06     1.700120e-16
 480.200     4.505315e-06     1.416689e-16
 480.800     3.352664e-06     1.083319e-16
 481.400     2.519630e-06     8.348573e-17
 482.000     2.312932e-06     7.747652e-17
 482.600     2.959600e-06     9.690244e-17
 483.200     4.720773e-06     1.459478e-16
 483.800     8.040593e-06     2.289236e-16
 484.400     1.374305e-05     3.556292e-16
 485.000     2.304776e-05     5.456009e-16
 485.600     3.694656e-05     8.195011e-16
 486.200     5.506120e-05     1.176201e-15
 486.800     7.524658e-05     1.580259e-15
 487.400     9.475426e-05     1.979562e-15
 488.000     1.113071e-04     2.324800e-15
 488.600     1.225461e-04     2.562449e-15
 489.200     1.265345e-04     2.651415e-15
 489.800     1.255827e-04     2.640105e-15
 490.400     1.275989e-04     2.686311e-15
 491.000     1.384872e-04     2.901811e-15
 491.600     1.527236e-04     3.172260e-15
 492.200     1.565883e-04     3.229715e-15
 492.800     1.437234e-04     2.956533e-15
 493.400     1.249633e-04     2.568782e-15
 494.000     1.198294e-04     2.447858e-15
 494.600     1.378411e-04     2.783882e-15
 495.200     1.678412e-04     3.374714e-15
 495.800     1.858914e-04     3.776114e-15
 496.400     1.756397e-04     3.684517e-15
 497.000     1.417255e-04     3.181295e-15
 497.600     1.030636e-04     2.594374e-15
 498.200     7.563072e-05     2.178717e-15
 498.800     6.366077e-05     1.981232e-15
 499.400     6.310507e-05     1.931361e-15
 500.000     6.750632e-05     1.937057e-15
 500.600     7.070379e-05     1.901440e-15
 501.200     6.893944e-05     1.751458e-15
 501.800     6.342133e-05     1.496497e-15
 502.400     5.980871e-05     1.228528e-15
 503.000     6.307925e-05     1.043010e-15
 503.600     7.209099e-05     9.639539e-16
 504.200     7.967210e-05     9.432346e-16
 504.800     7.879133e-05     9.215138e-16
 505.400     6.870056e-05     8.831726e-16
 506.000     5.485401e-05     8.518617e-16
 506.600     4.346492e-05     8.430083e-16
 507.200     3.688631e-05     8.373876e-16
 507.800     3.368484e-05     8.049445e-16
 508.400     3.172485e-05     7.406441e-16
 509.000     3.043063e-05     6.664273e-16
 509.600     3.047600e-05     6.064907e-16
 510.200     3.226018e-05     5.763609e-16
 510.800     3.557837e-05     5.985256e-16
 511.400     4.098244e-05     7.153353e-16
 512.000     5.061517e-05     9.680301e-16
 512.600     6.633002e-05     1.346439e-15
 513.200     8.644372e-05     1.755106e-15
 513.800     1.056628e-04     2.052463e-15
 514.400     1.203404e-04     2.160109e-15
 515.000     1.335035e-04     2.136477e-15
 515.600     1.511534e-04     2.108689e-15
 516.200     1.718660e-04     2.125468e-15
 516.800     1.840235e-04     2.121389e-15
 517.400     1.775449e-04     2.041298e-15
 518.000     1.559338e-04     1.937889e-15
 518.600     1.324608e-04     1.896152e-15
 519.200     1.170284e-04     1.911167e-15
 519.800     1.124888e-04     1.921208e-15
 520.400     1.225970e-04     1.955584e-15
 521.000     1.554891e-04     2.170425e-15
 521.600     2.129417e-04     2.680281e-15
 522.200     2.769336e-04     3.354676e-15
 522.800     3.142872e-04     3.828585e-15
 523.400     3.031174e-04     3.782218e-15
 524.000     2.572850e-04     3.245347e-15
 524.600     2.222713e-04     2.611915e-15
 525.200     2.432412e-04     2.335455e-15
 525.800     3.289198e-04     2.577458e-15
 526.400     4.369470e-04     3.088971e-15
 527.000     4.975634e-04     3.408388e-15
 527.600     4.656880e-04     3.221396e-15
 528.200     3.559212e-04     2.577064e-15
 528.800     2.250702e-04     1.785508e-15
 529.400     1.256265e-04     1.156154e-15
 530.000     8.055822e-05     8.514366e-16
 530.600     9.148614e-05     9.134863e-16
 531.200     1.517390e-04     1.313303e-15
 531.800     2.428924e-04     1.918537e-15
 532.400     3.271937e-04     2.464594e-15
 533.000     3.610042e-04     2.669617e-15
 533.600     3.266754e-04     2.447449e-15
 534.200     2.488914e-04     1.997712e-15
 534.800     1.754712e-04     1.666083e-15
 535.400     1.429878e-04     1.705798e-15
 536.000     1.570234e-04     2.122933e-15
 536.600     1.952558e-04     2.691862e-15
 537.200     2.268893e-04     3.134639e-15
 537.800     2.365554e-04     3.344936e-15
 538.400     2.339649e-04     3.459770e-15
 539.000     2.387455e-04     3.699998e-15
 539.600     2.565596e-04     4.130456e-15
 540.200     2.737547e-04     4.574354e-15
 540.800     2.752374e-04     4.765641e-15
 541.400     2.625396e-04     4.578948e-15
 542.000     2.508875e-04     4.102714e-15
 542.600     2.515666e-04     3.525568e-15
 543.200     2.626369e-04     3.011266e-15
 543.800     2.755837e-04     2.663003e-15
 544.400     2.830743e-04     2.509998e-15
 545.000     2.777884e-04     2.477489e-15
 545.600     2.516983e-04     2.413707e-15
 546.200     2.035127e-04     2.200463e-15
 546.800     1.443961e-04     1.842482e-15
 547.400     9.159025e-05     1.440007e-15
 548.000     5.652902e-05     1.089585e-15
 548.600     3.997306e-05     8.244175e-16
 549.200     3.568780e-05     6.294629e-16
 549.800     3.593011e-05     4.809452e-16
 550.400     3.481691e-05     3.649720e-16
 551.000     2.992080e-05     2.767122e-16
 551.600     2.233339e-05     2.167031e-16
 552.200     1.491089e-05     1.878330e-16
 552.800     9.902728e-06     1.914089e-16
 553.400     7.932339e-06     2.272651e-16
 554.000     8.759120e-06     3.014832e-16
 554.600     1.252685e-05     4.333876e-16
 555.200     2.006172e-05     6.471569e-16
 555.800     3.179849e-05     9.443948e-16
 556.400     4.622813e-05     1.277694e-15
 557.000     5.961207e-05     1.558156e-15
 557.600     6.781730e-05     1.703709e-15
 558.200     6.887516e-05     1.689213e-15
 558.800     6.419633e-05     1.558481e-15
 559.400     5.791545e-05     1.401103e-15
 560.000     5.467197e-05     1.309093e-15
 560.600     5.631130e-05     1.317971e-15
 561.200     5.979858e-05     1.368513e-15
 561.800     5.934514e-05     1.347260e-15
 562.400     5.168008e-05     1.189423e-15
 563.000     3.908137e-05     9.398970e-16
 563.600     2.711707e-05     7.099237e-16
 564.200     2.008171e-05     5.857472e-16
 564.800     1.851976e-05     5.753375e-16
 565.400     1.981503e-05     6.163935e-16
 566.000     2.044622e-05     6.254470e-16
 566.600     1.837701e-05     5.572286e-16
 567.200     1.410643e-05     4.316405e-16
 567.800     9.680439e-06     3.056921e-16
 568.400     6.837587e-06     2.237616e-16
 569.000     6.050318e-06     1.954254e-16
 569.600     6.753439e-06     2.056113e-16
 570.200     7.914130e-06     2.298375e-16
 570.800     8.501344e-06     2.430872e-16
 571.400     7.943667e-06     2.295306e-16
 572.000     6.419867e-06     1.915590e-16
 572.600     4.663169e-06     1.473549e-16
 573.200     3.426019e-06     1.177990e-16
 573.800     3.096467e-06     1.152324e-16
 574.400     3.653178e-06     1.401825e-16
 575.000     4.759730e-06     1.820679e-16
 575.600     5.866819e-06     2.217489e-16
 576.200     6.410889e-06     2.390657e-16
 576.800     6.114761e-06     2.243704e-16
 577.400     5.154055e-06     1.849207e-16
 578.000     4.000124e-06     1.392219e-16
 578.600     3.084898e-06     1.044543e-16
 579.200     2.592410e-06     8.816304e-17
 579.800     2.475742e-06     8.835580e-17
 580.400     2.567267e-06     9.758490e-17
 581.000     2.669382e-06     1.067927e-16
 581.600     2.635011e-06     1.090624e-16
 582.200     2.450647e-06     1.035334e-16
 582.800     2.268283e-06     9.706101e-17
 583.400     2.354565e-06     1.020459e-16
 584.000     2.981686e-06     1.312956e-16
 584.600     4.256905e-06     1.899131e-16
 585.200     5.913304e-06     2.656149e-16
 585.800     7.279502e-06     3.274581e-16
 586.400     7.664112e-06     3.435756e-16
 587.000     6.924182e-06     3.074222e-16
 587.600     5.603295e-06     2.444461e-16
 588.200     4.465538e-06     1.907361e-16
 588.800     3.988397e-06     1.690032e-16
 589.400     4.296745e-06     1.846119e-16
 590.000     5.320907e-06     2.329149e-16
 590.600     6.788628e-06     3.001127e-16
 591.200     8.167079e-06     3.616061e-16
 591.800     8.882687e-06     3.917616e-16
 592.400     8.682886e-06     3.794965e-16
 593.000     7.719576e-06     3.318127e-16
 593.600     6.344335e-06     2.648497e-16
 594.200     4.942476e-06     1.963381e-16
 594.800     3.893087e-06     1.433234e-16
 595.400     3.520087e-06     1.198663e-16
 596.000     3.993266e-06     1.332997e-16
 596.600     5.198661e-06     1.797289e-16
 597.200     6.652089e-06     2.407068e-16
 597.800     7.674960e-06     2.885971e-16
 598.400     7.876632e-06     3.037724e-16
 599.000     7.510570e-06     2.903746e-16
 599.600     7.265540e-06     2.736055e-16
 600.200     7.675970e-06     2.798199e-16
 600.800     8.716474e-06     3.166971e-16
 601.400     9.832163e-06     3.666675e-16
 602.000     1.026286e-05     3.960017e-16
 602.600     9.507694e-06     3.767476e-16
 603.200     7.758009e-06     3.095755e-16
 603.800     5.942085e-06     2.265525e-16
 604.400     5.204742e-06     1.675880e-16
 605.000     6.152422e-06     1.521776e-16
 605.600     8.378799e-06     1.709390e-16
 606.200     1.060341e-05     1.985121e-16
 606.800     1.146020e-05     2.125400e-16
 607.400     1.044908e-05     2.050602e-16
 608.000     8.215509e-06     1.824361e-16
 608.600     5.909645e-06     1.577294e-16
 609.200     4.337109e-06     1.414427e-16
 609.800     3.695665e-06     1.361311e-16
 610.400     3.996160e-06     1.398715e-16
 611.000     5.695160e-06     1.568080e-16
 611.600     9.838459e-06     2.013490e-16
 612.200     1.714669e-05     2.840589e-16
 612.800     2.641443e-05     3.888902e-16
 613.400     3.399430e-05     4.698584e-16
 614.000     3.589665e-05     4.814577e-16
 614.600     3.109707e-05     4.175563e-16
 615.200     2.248770e-05     3.168199e-16
 615.800     1.436412e-05     2.286292e-16
 616.400     9.394402e-06     1.778879e-16
 617.000     7.921183e-06     1.609782e-16
 617.600     9.068386e-06     1.638863e-16
 618.200     1.161387e-05     1.751169e-16
 618.800     1.411786e-05     1.850441e-16
 619.400     1.529405e-05     1.851569e-16
 620.000     1.495717e-05     1.756501e-16
 620.600     1.444872e-05     1.707413e-16
 621.200     1.566872e-05     1.900610e-16
 621.800     1.943913e-05     2.418516e-16
 622.400     2.467857e-05     3.134444e-16
 623.000     2.915433e-05     3.780641e-16
 623.600     3.121190e-05     4.130377e-16
 624.200     3.078748e-05     4.122775e-16
 624.800     2.867671e-05     3.815550e-16
 625.400     2.528693e-05     3.276635e-16
 626.000     2.065006e-05     2.579533e-16
 626.600     1.531696e-05     1.861096e-16
 627.200     1.054734e-05     1.308205e-16
 627.800     7.591502e-06     1.079709e-16
 628.400     7.023521e-06     1.244369e-16
 629.000     8.540224e-06     1.742961e-16
 629.600     1.106368e-05     2.371654e-16
 630.200     1.320468e-05     2.849923e-16
 630.800     1.406629e-05     2.985679e-16
 631.400     1.376126e-05     2.800956e-16
 632.000     1.308013e-05     2.483932e-16
 632.600     1.264326e-05     2.217018e-16
 633.200     1.237109e-05     2.047557e-16
 633.800     1.171213e-05     1.903449e-16
 634.400     1.032274e-05     1.711628e-16
 635.000     8.445450e-06     1.480323e-16
 635.600     6.638842e-06     1.266810e-16
 636.200     5.388533e-06     1.114680e-16
 636.800     5.185450e-06     1.071348e-16
 637.400     6.803620e-06     1.250291e-16
 638.000     1.105618e-05     1.814139e-16
 638.600     1.789390e-05     2.838413e-16
 639.200     2.569626e-05     4.162800e-16
 639.800     3.184858e-05     5.399721e-16
 640.400     3.447264e-05     6.145941e-16
 641.000     3.362809e-05     6.215361e-16
 641.600     3.070728e-05     5.679462e-16
 642.200     2.688447e-05     4.739074e-16
 642.800     2.242407e-05     3.609761e-16
 643.400     1.729725e-05     2.491986e-16
 644.000     1.199668e-05     1.559942e-16
 644.600     7.517601e-06     9.265081e-17
 645.200     4.664151e-06     6.128316e-17
 645.800     3.581863e-06     5.580896e-17
 646.400     4.042663e-06     6.772723e-17
 647.000     6.135998e-06     9.437522e-17
 647.600     1.049005e-05     1.426987e-16
 648.200     1.738393e-05     2.199953e-16
 648.800     2.529944e-05     3.147481e-16
 649.400     3.077430e-05     3.893284e-16
 650.000     3.066501e-05     4.024362e-16
