501
 350.000     1.000000e-60     1.576788e-71
 350.600     1.000000e-60     1.576788e-71
 351.200     1.000000e-60     1.576788e-71
 351.800     1.000000e-60     1.576788e-71
 352.400     1.000000e-60     1.576788e-71
 353.000     1.000000e-60     1.576788e-71
 353.600     1.000000e-60     1.576788e-71
 354.200     1.000000e-60     1.576788e-71
 354.800     1.000000e-60     1.576788e-71
 355.400     1.000000e-60     1.576788e-71
 356.000     1.000000e-60     1.576788e-71
 356.600     1.000000e-60     1.576788e-71
 357.200     1.000000e-60     1.576788e-71
 357.800     1.000000e-60     1.576788e-71
 358.400     1.000000e-60     1.576788e-71
 359.000     1.000000e-60     1.576788e-71
 359.600     1.000000e-60     1.576788e-71
 360.200     1.000000e-60     1.576788e-71
 360.800     1.000000e-60     1.576788e-71
 361.400     1.000000e-60     1.576788e-71
 362.000     1.000000e-60     1.576788e-71
 362.600     1.000000e-60     1.576788e-71
 363.200     1.000000e-60     1.576788e-71
 363.800     1.000000e-60     1.576788e-71
 364.400     1.000000e-60     1.576788e-71
 365.000     1.000000e-60     1.576788e-71
 365.600     1.000000e-60     1.576788e-71
 366.200     1.000000e-60     1.576788e-71
 366.800     1.000000e-60     1.576788e-71
 367.400     1.000000e-60     1.576788e-71
 368.000     1.000000e-60     1.576788e-71
 368.600     1.000000e-60     1.576788e-71
 369.200     1.000000e-60     1.576788e-71
 369.800     1.000000e-60     1.576788e-71
 370.400     1.000000e-60     1.576788e-71
 371.000     1.000000e-60     1.576788e-71
 371.600     1.000000e-60     1.576788e-71
 372.200     1.000000e-60     1.576788e-71
 372.800     1.000000e-60     1.576788e-71
 373.400     1.000000e-60     1.576788e-71
 374.000     1.000000e-60     1.576788e-71
 374.600     1.000000e-60     1.576788e-71
 375.200     1.000000e-60     1.576788e-71
 375.800     1.000000e-60     1.576788e-71
 376.400     1.000000e-60     1.576788e-71
 377.000     1.000000e-60     1.576788e-71
 377.600     1.000000e-60     1.576788e-71
 378.200     1.000000e-60     1.576788e-71
 378.800     1.000000e-60     1.576788e-71
 379.400     1.000000e-60     1.576788e-71
 380.000     1.000000e-60     1.576788e-71
 380.600     1.000000e-60     1.576788e-71
 381.200     1.000000e-60     1.576788e-71
 381.800     1.000000e-60     1.576788e-71
 382.400     1.857904e-08     1.351091e-15
 383.000     1.153587e-07     8.384733e-15
 383.600     2.317263e-07     1.684160e-14
 384.200     3.064758e-07     2.228155e-14
 384.800     2.990855e-07     2.176898e-14
 385.400     2.241763e-07     1.637936e-14
 386.000     1.315118e-07     9.751454e-15
 386.600     6.118643e-08     4.825159e-15
 387.200     2.309907e-08     2.326044e-15
 387.800     7.663656e-09     1.526130e-15
 388.400     2.901693e-09     1.502079e-15
 389.000     1.800662e-09     1.694592e-15
 389.600     1.667060e-09     1.854365e-15
 390.200     1.704122e-09     1.856148e-15
 390.800     1.646383e-09     1.647124e-15
 391.400     1.433537e-09     1.291694e-15
 392.000     1.189885e-09     9.559840e-16
 392.600     1.092726e-09     7.859920e-16
 393.200     1.174451e-09     7.895806e-16
 393.800     1.281055e-09     8.407930e-16
 394.400     1.226829e-09     8.001409e-16
 395.000     9.698359e-10     6.314732e-16
 395.600     6.285564e-10     4.086950e-16
 396.200     3.569229e-10     2.308388e-16
 396.800     2.330211e-10     1.480994e-16
 397.400     2.438340e-10     1.518330e-16
 398.000     3.225210e-10     1.993008e-16
 398.600     3.878087e-10     2.392571e-16
 399.200     3.827019e-10     2.360301e-16
 399.800     3.039317e-10     1.874266e-16
 400.400     1.941428e-10     1.196920e-16
 401.000     1.013582e-10     6.240969e-17
 401.600     4.793897e-11     2.928992e-17
 402.200     3.428561e-11     2.030239e-17
 402.800     6.296499e-11     3.625818e-17
 403.400     1.558920e-10     8.918933e-17
 404.000     3.436094e-10     1.963250e-16
 404.600     6.212445e-10     3.548270e-16
 405.200     9.054833e-10     5.171147e-16
 405.800     1.058889e-09     6.047112e-16
 406.400     9.920767e-10     5.665992e-16
 407.000     7.443558e-10     4.253042e-16
 407.600     4.472317e-10     2.560744e-16
 408.200     2.153123e-10     1.245219e-16
 408.800     8.351868e-11     5.057128e-17
 409.400     2.740333e-11     1.986117e-17
 410.000     1.061520e-11     1.095800e-17
 410.600     9.490559e-12     9.895878e-18
 411.200     1.309429e-11     1.062121e-17
 411.800     1.693830e-11     1.122674e-17
 412.400     2.156852e-11     1.245940e-17
 413.000     3.882879e-11     2.052421e-17
 413.600     1.057436e-10     5.421431e-17
 414.200     2.977335e-10     1.518275e-16
 414.800     7.098020e-10     3.616708e-16
 415.400     1.368920e-09     6.974292e-16
 416.000     2.118151e-09     1.079117e-15
 416.600     2.625746e-09     1.337708e-15
 417.200     2.607125e-09     1.328216e-15
 417.800     2.073317e-09     1.056261e-15
 418.400     1.320579e-09     6.727730e-16
 419.000     6.736880e-10     3.432115e-16
 419.600     2.752667e-10     1.402347e-16
 420.200     9.008424e-11     4.589334e-17
 420.800     2.361288e-11     1.202953e-17
 421.400     4.957710e-12     2.525674e-18
 422.000     8.364546e-13     4.259840e-19
 422.600     1.319714e-13     6.623014e-20
 423.200     1.214980e-13     5.633125e-20
 423.800     4.865771e-13     2.231283e-19
 424.400     1.733544e-12     7.949463e-19
 425.000     4.946697e-12     2.268393e-18
 425.600     1.130566e-11     5.184407e-18
 426.200     2.069577e-11     9.490399e-18
 426.800     3.034410e-11     1.391481e-17
 427.400     3.563493e-11     1.634101e-17
 428.000     3.351903e-11     1.537073e-17
 428.600     2.525353e-11     1.158044e-17
 429.200     1.530178e-11     7.014863e-18
 429.800     7.906303e-12     3.607944e-18
 430.400     6.606396e-12     2.906958e-18
 431.000     2.178923e-11     9.309626e-18
 431.600     9.346269e-11     3.981595e-17
 432.200     3.332160e-10     1.419284e-16
 432.800     9.537115e-10     4.062139e-16
 433.400     2.187054e-09     9.315262e-16
 434.000     4.018097e-09     1.711408e-15
 434.600     5.914584e-09     2.519151e-15
 435.200     6.976488e-09     2.971400e-15
 435.800     6.596678e-09     2.809555e-15
 436.400     5.005518e-09     2.131731e-15
 437.000     3.057033e-09     1.301709e-15
 437.600     1.515218e-09     6.450076e-16
 438.200     6.231746e-10     2.653980e-16
 438.800     2.242490e-10     9.645534e-17
 439.400     7.764253e-11     3.579278e-17
 440.000     2.821128e-11     1.706736e-17
 440.600     1.063695e-11     1.161534e-17
 441.200     3.881812e-12     9.469617e-18
 441.800     1.347751e-12     7.439926e-18
 442.400     4.689286e-13     5.020852e-18
 443.000     1.722867e-13     2.783170e-18
 443.600     6.289239e-14     1.246503e-18
 444.200     2.074232e-14     4.485640e-19
 444.800     5.779566e-15     1.294438e-19
 445.400     1.312399e-15     2.993129e-20
 446.000     2.422780e-16     5.545379e-21
 446.600     3.585986e-17     8.229792e-22
 447.200     4.263149e-18     9.783873e-23
 447.800     4.059736e-19     9.317043e-24
 448.400     1.000000e-60     1.576788e-71
 449.000     1.000000e-60     1.576788e-71
 449.600     7.577474e-17     2.681039e-23
 450.200     8.041002e-16     2.845043e-22
 450.800     6.835029e-15     2.418349e-21
 451.400     4.653893e-14     1.646626e-20
 452.000     2.538264e-13     8.980807e-20
 452.600     1.108926e-12     3.923569e-19
 453.200     3.880733e-12     1.373069e-18
 453.800     1.087851e-11     3.849001e-18
 454.400     2.442709e-11     8.642719e-18
 455.000     4.393590e-11     1.554526e-17
 455.600     6.330152e-11     2.239713e-17
 456.200     7.305619e-11     2.584830e-17
 456.800     6.754220e-11     2.389576e-17
 457.400     5.005005e-11     1.769624e-17
 458.000     2.987408e-11     1.050305e-17
 458.600     1.500373e-11     5.017280e-18
 459.200     8.532733e-12     2.003131e-18
 459.800     1.048565e-11     8.720044e-19
 460.400     2.020367e-11     7.976824e-19
 461.000     3.557723e-11     1.204168e-18
 461.600     5.098328e-11     1.693630e-18
 462.200     5.862590e-11     1.943491e-18
 462.800     5.401107e-11     1.790102e-18
 463.400     3.985963e-11     1.321040e-18
 464.000     2.362316e-11     7.998281e-19
 464.600     1.174010e-11     5.532079e-19
 465.200     8.760260e-12     1.566784e-18
 465.800     2.949598e-11     8.930199e-18
 466.400     1.410995e-10     4.436526e-17
 467.000     5.628831e-10     1.773195e-16
 467.600     1.802337e-09     5.678246e-16
 468.200     4.623320e-09     1.456578e-15
 468.800     9.500396e-09     2.993100e-15
 469.400     1.563970e-08     4.927271e-15
 470.000     2.062969e-08     6.499298e-15
 470.600     2.181483e-08     6.872488e-15
 471.200     1.851788e-08     5.833412e-15
 471.800     1.266442e-08     3.988719e-15
 472.400     7.044885e-09     2.217703e-15
 473.000     3.264384e-09     1.026328e-15
 473.600     1.327323e-09     4.161688e-16
 474.200     5.146244e-10     1.606123e-16
 474.800     2.026569e-10     6.292365e-17
 475.400     7.892363e-11     2.441557e-17
 476.000     2.793851e-11     8.626901e-18
 476.600     8.398532e-12     2.591280e-18
 477.200     2.053233e-12     6.331962e-19
 477.800     4.113422e-13     1.268538e-19
 478.400     6.601224e-14     2.035751e-20
 479.000     8.485980e-15     2.616990e-21
 479.600     8.738482e-16     2.694859e-22
 480.200     1.000000e-60     1.576788e-71
 480.800     1.000000e-60     1.576788e-71
 481.400     1.000000e-60     1.576788e-71
 482.000     1.000000e-60     1.576788e-71
 482.600     1.000000e-60     1.576788e-71
 483.200     1.000000e-60     1.576788e-71
 483.800     1.000000e-60     1.576788e-71
 484.400     1.000000e-60     1.576788e-71
 485.000     1.000000e-60     1.576788e-71
 485.600     1.000000e-60     1.576788e-71
 486.200     1.000000e-60     1.576788e-71
 486.800     1.000000e-60     1.576788e-71
 487.400     1.000000e-60     1.576788e-71
 488.000     1.000000e-60     1.576788e-71
 488.600     1.000000e-60     1.576788e-71
 489.200     1.000000e-60     1.576788e-71
 489.800     1.000000e-60     1.576788e-71
 490.400     1.000000e-60     1.576788e-71
 491.000     1.000000e-60     1.576788e-71
 491.600     1.000000e-60     1.576788e-71
 492.200     1.000000e-60     1.576788e-71
 492.800     1.000000e-60     1.576788e-71
 493.400     1.000000e-60     1.576788e-71
 494.000     1.000000e-60     1.576788e-71
 494.600     1.000000e-60     1.576788e-71
 495.200     1.000000e-60     1.576788e-71
 495.800     1.000000e-60     1.576788e-71
 496.400     1.000000e-60     1.576788e-71
 497.000     1.000000e-60     1.576788e-71
 497.600     1.000000e-60     1.576788e-71
 498.200     1.000000e-60     1.576788e-71
 498.800     1.000000e-60     1.576788e-71
 499.400     1.000000e-60     1.576788e-71
 500.000     1.000000e-60     1.576788e-71
 500.600     1.000000e-60     1.576788e-71
 501.200     1.000000e-60     1.576788e-71
 501.800     1.000000e-60     1.576788e-71
 502.400     1.000000e-60     1.576788e-71
 503.000     1.000000e-60     1.576788e-71
 503.600     1.000000e-60     1.576788e-71
 504.200     1.000000e-60     1.576788e-71
 504.800     1.000000e-60     1.576788e-71
 505.400     1.000000e-60     1.576788e-71
 506.000     1.000000e-60     1.576788e-71
 506.600     1.000000e-60     1.576788e-71
 507.200     1.000000e-60     1.576788e-71
 507.800     1.000000e-60     1.576788e-71
 508.400     1.000000e-60     1.576788e-71
 509.000     1.000000e-60     1.576788e-71
 509.600     1.000000e-60     1.576788e-71
 510.200     1.373693e-12     3.034971e-20
 510.800     2.213748e-11     4.890946e-19
 511.400     2.021339e-10     4.465847e-18
 512.000     1.511850e-09     3.340207e-17
 512.600     9.105525e-09     2.011730e-16
 513.200     4.459482e-08     9.852560e-16
 513.800     1.780925e-07     3.934689e-15
 514.400     5.821361e-07     1.286143e-14
 515.000     1.565268e-06     3.458225e-14
 515.600     3.483608e-06     7.696513e-14
 516.200     6.461609e-06     1.427596e-13
 516.800     1.005307e-05     2.221076e-13
 517.400     1.317439e-05     2.910684e-13
 518.000     1.455041e-05     3.214696e-13
 518.600     1.349595e-05     2.981731e-13
 519.200     1.044305e-05     2.307242e-13
 519.800     6.687109e-06     1.477432e-13
 520.400     3.515622e-06     7.767609e-14
 521.000     1.507243e-06     3.330729e-14
 521.600     5.242043e-07     1.159222e-14
 522.200     1.473486e-07     3.268561e-15
 522.800     3.341217e-08     7.510507e-16
 523.400     6.123591e-09     1.453924e-16
 524.000     9.203234e-10     2.668904e-17
 524.600     1.199007e-10     5.852707e-18
 525.200     1.639328e-11     1.655723e-18
 525.800     2.144876e-12     4.657623e-19
 526.400     5.557038e-13     1.206717e-19
 527.000     1.153292e-13     2.504388e-20
 527.600     1.917306e-14     4.163454e-21
 528.200     2.828695e-15     7.175712e-22
 528.800     3.052845e-15     1.705978e-21
 529.400     2.248580e-14     1.331800e-20
 530.000     1.456644e-13     8.627480e-20
 530.600     7.558812e-13     4.476968e-19
 531.200     3.142022e-12     1.860972e-18
 531.800     1.046213e-11     6.196562e-18
 532.400     2.790530e-11     1.652788e-17
 533.000     5.962228e-11     3.531336e-17
 533.600     1.020437e-10     6.043889e-17
 534.200     1.399005e-10     8.286090e-17
 534.800     1.536413e-10     9.099941e-17
 535.400     1.351613e-10     8.005397e-17
 536.000     9.524730e-11     5.641352e-17
 536.600     5.376610e-11     3.184484e-17
 537.200     2.431199e-11     1.439962e-17
 537.800     8.806208e-12     5.215782e-18
 538.400     2.555134e-12     1.513366e-18
 539.000     5.938739e-13     3.517424e-19
 539.600     1.105686e-13     6.548811e-20
 540.200     1.649019e-14     9.766890e-21
 540.800     1.970048e-15     1.166829e-21
 541.400     1.885318e-16     1.116645e-22
 542.000     1.000000e-60     1.576788e-71
 542.600     1.000000e-60     1.576788e-71
 543.200     1.000000e-60     1.576788e-71
 543.800     1.000000e-60     1.576788e-71
 544.400     1.000000e-60     1.576788e-71
 545.000     2.961438e-15     1.590809e-21
 545.600     2.544491e-14     1.366835e-20
 546.200     1.751288e-13     9.407472e-20
 546.800     1.480848e-12     6.115728e-19
 547.400     8.826487e-12     3.113211e-18
 548.000     4.744137e-11     1.393741e-17
 548.600     2.265655e-10     5.610655e-17
 549.200     9.335518e-10     2.029523e-16
 549.800     3.225889e-09     6.445996e-16
 550.400     9.161891e-09     1.743597e-15
 551.000     2.113028e-08     3.916749e-15
 551.600     3.931298e-08     7.188007e-15
 552.200     5.879951e-08     1.067618e-14
 552.800     7.057497e-08     1.276925e-14
 553.400     6.791713e-08     1.226670e-14
 554.000     5.237983e-08     9.452119e-15
 554.600     3.236748e-08     5.838249e-15
 555.200     1.602377e-08     2.889635e-15
 555.800     6.354896e-09     1.145879e-15
 556.400     2.018956e-09     3.640270e-16
 557.000     5.138254e-10     9.264252e-17
 557.600     1.047540e-10     1.888685e-17
 558.200     1.710766e-11     3.084420e-18
 558.800     2.238092e-12     4.035161e-19
 559.400     2.345469e-13     4.228757e-20
 560.000     1.000000e-60     1.576788e-71
 560.600     1.000000e-60     1.576788e-71
 561.200     1.000000e-60     1.576788e-71
 561.800     1.000000e-60     1.576788e-71
 562.400     1.000000e-60     1.576788e-71
 563.000     1.000000e-60     1.576788e-71
 563.600     1.000000e-60     1.576788e-71
 564.200     1.000000e-60     1.576788e-71
 564.800     1.244646e-14     2.026986e-21
 565.400     1.218275e-13     1.984038e-20
 566.000     9.552401e-13     1.555670e-19
 566.600     5.999948e-12     9.771300e-19
 567.200     3.018913e-11     4.916493e-18
 567.800     1.216808e-10     1.981650e-17
 568.400     3.928821e-10     6.398337e-17
 569.000     1.016181e-09     1.654916e-16
 569.600     2.105467e-09     3.428887e-16
 570.200     3.494576e-09     5.691141e-16
 570.800     4.646328e-09     7.566843e-16
 571.400     4.948740e-09     8.059341e-16
 572.000     4.222295e-09     6.876279e-16
 572.600     2.885842e-09     4.699798e-16
 573.200     1.580081e-09     2.573427e-16
 573.800     6.933642e-10     1.130307e-16
 574.400     2.455337e-10     4.060060e-17
 575.000     7.756615e-11     1.533051e-17
 575.600     4.728112e-11     1.720188e-17
 576.200     9.258276e-11     4.188151e-17
 576.800     2.033168e-10     9.368281e-17
 577.400     3.673815e-10     1.694830e-16
 578.000     5.327156e-10     2.457763e-16
 578.600     6.188859e-10     2.855321e-16
 579.200     5.759796e-10     2.657366e-16
 579.800     4.294233e-10     1.981206e-16
 580.400     2.564749e-10     1.183283e-16
 581.000     1.227118e-10     5.661482e-17
 581.600     4.703364e-11     2.169962e-17
 582.200     1.444152e-11     6.662792e-18
 582.800     3.552208e-12     1.638859e-18
 583.400     6.999467e-13     3.229297e-19
 584.000     1.104875e-13     5.097484e-20
 584.600     1.397146e-14     6.445915e-21
 585.200     1.415312e-15     6.529720e-22
 585.800     1.000000e-60     1.576788e-71
 586.400     1.000000e-60     1.576788e-71
 587.000     1.000000e-60     1.576788e-71
 587.600     1.000000e-60     1.576788e-71
 588.200     1.000000e-60     1.576788e-71
 588.800     1.000000e-60     1.576788e-71
 589.400     1.000000e-60     1.576788e-71
 590.000     1.000000e-60     1.576788e-71
 590.600     1.000000e-60     1.576788e-71
 591.200     1.000000e-60     1.576788e-71
 591.800     1.000000e-60     1.576788e-71
 592.400     1.000000e-60     1.576788e-71
 593.000     1.000000e-60     1.576788e-71
 593.600     1.000000e-60     1.576788e-71
 594.200     1.000000e-60     1.576788e-71
 594.800     1.000000e-60     1.576788e-71
 595.400     1.000000e-60     1.576788e-71
 596.000     1.000000e-60     1.576788e-71
 596.600     1.000000e-60     1.576788e-71
 597.200     1.000000e-60     1.576788e-71
 597.800     1.000000e-60     1.576788e-71
 598.400     1.000000e-60     1.576788e-71
 599.000     1.000000e-60     1.576788e-71
 599.600     1.000000e-60     1.576788e-71
 600.200     1.000000e-60     1.576788e-71
 600.800     1.000000e-60     1.576788e-71
 601.400     1.000000e-60     1.576788e-71
 602.000     3.072855e-17     1.832456e-23
 602.600     3.065946e-16     1.828336e-22
 603.200     2.450484e-15     1.461313e-21
 603.800     1.568931e-14     9.356112e-21
 604.400     8.046750e-14     4.798572e-20
 605.000     3.305993e-13     1.971485e-19
 605.600     1.088047e-12     6.488424e-19
 606.200     2.868519e-12     1.710603e-18
 606.800     6.058044e-12     3.612633e-18
 607.400     1.024876e-11     6.111708e-18
 608.000     1.388910e-11     8.282581e-18
 608.600     1.507793e-11     8.991520e-18
 609.200     1.311212e-11     7.819236e-18
 609.800     9.134150e-12     5.447028e-18
 610.400     5.097151e-12     3.039618e-18
 611.000     2.278509e-12     1.358758e-18
 611.600     8.159016e-13     4.865520e-19
 612.200     2.340392e-13     1.395661e-19
 612.800     5.377786e-14     3.206970e-20
 613.400     9.898785e-15     5.903008e-21
 614.000     1.459567e-15     8.703935e-22
 614.600     1.723970e-16     1.028067e-22
 615.200     1.631169e-17     9.727261e-24
 615.800     1.000000e-60     1.576788e-71
 616.400     1.000000e-60     1.576788e-71
 617.000     1.000000e-60     1.576788e-71
 617.600     1.000000e-60     1.576788e-71
 618.200     1.000000e-60     1.576788e-71
 618.800     1.000000e-60     1.576788e-71
 619.400     1.000000e-60     1.576788e-71
 620.000     1.000000e-60     1.576788e-71
 620.600     1.000000e-60     1.576788e-71
 621.200     1.000000e-60     1.576788e-71
 621.800     1.000000e-60     1.576788e-71
 622.400     6.120693e-17     3.323145e-23
 623.000     6.139890e-16     3.333567e-22
 623.600     4.933822e-15     2.678750e-21
 624.200     3.175918e-14     1.724320e-20
 624.800     1.637640e-13     8.891336e-20
 625.400     6.779147e-13     3.677902e-19
 626.000     2.263554e-12     1.224255e-18
 626.600     6.146244e-12     3.297274e-18
 627.200     1.404081e-11     7.354599e-18
 627.800     2.924757e-11     1.442454e-17
 628.400     6.313416e-11     2.796471e-17
 629.000     1.498512e-10     5.941479e-17
 629.600     3.564463e-10     1.324143e-16
 630.200     7.526277e-10     2.722794e-16
 630.800     1.321355e-09     4.736940e-16
 631.400     1.881441e-09     6.724956e-16
 632.000     2.154630e-09     7.694239e-16
 632.600     1.979269e-09     7.065935e-16
 633.200     1.457204e-09     5.201692e-16
 633.800     8.596169e-10     3.068428e-16
 634.400     4.062762e-10     1.450200e-16
 635.000     1.538363e-10     5.491151e-17
 635.600     4.666745e-11     1.665780e-17
 636.200     1.134190e-11     4.048446e-18
 636.800     2.208378e-12     7.882707e-19
 637.400     3.444904e-13     1.229642e-19
 638.000     4.305233e-14     1.536729e-20
 638.600     4.310541e-15     1.538622e-21
 639.200     1.000000e-60     1.576788e-71
 639.800     1.000000e-60     1.576788e-71
 640.400     1.000000e-60     1.576788e-71
 641.000     1.000000e-60     1.576788e-71
 641.600     1.000000e-60     1.576788e-71
 642.200     1.000000e-60     1.576788e-71
 642.800     1.000000e-60     1.576788e-71
 643.400     1.000000e-60     1.576788e-71
 644.000     1.000000e-60     1.576788e-71
 644.600     1.000000e-60     1.576788e-71
 645.200     1.000000e-60     1.576788e-71
 645.800     1.000000e-60     1.576788e-71
 646.400     1.000000e-60     1.576788e-71
 647.000     1.000000e-60     1.576788e-71
 647.600     1.000000e-60     1.576788e-71
 648.200     1.000000e-60     1.576788e-71
 648.800     1.000000e-60     1.576788e-71
 649.400     1.000000e-60     1.576788e-71
 650.000     1.000000e-60     1.576788e-71
