501
 350.000     2.103412e-46     2.103446e-46
 350.600     2.103412e-46     2.103446e-46
 351.200     2.103412e-46     2.103446e-46
 351.800     2.103412e-46     2.103446e-46
 352.400     2.103412e-46     2.103446e-46
 353.000     2.103412e-46     2.103446e-46
 353.600     2.103412e-46     2.103446e-46
 354.200     2.103412e-46     2.103446e-46
 354.800     2.103412e-46     2.103446e-46
 355.400     2.103412e-46     2.103446e-46
 356.000     2.103412e-46     2.103446e-46
 356.600     2.103412e-46     2.103446e-46
 357.200     2.103412e-46     2.103446e-46
 357.800     2.103412e-46     2.103446e-46
 358.400     2.103412e-46     2.103446e-46
 359.000     2.103412e-46     2.103446e-46
 359.600     2.103412e-46     2.103446e-46
 360.200     2.103412e-46     2.103446e-46
 360.800     2.103412e-46     2.103446e-46
 361.400     2.103412e-46     2.103446e-46
 362.000     2.103412e-46     2.103446e-46
 362.600     2.103412e-46     2.103446e-46
 363.200     2.103412e-46     2.103446e-46
 363.800     2.103412e-46     2.103446e-46
 364.400     2.103412e-46     2.103446e-46
 365.000     2.103412e-46     2.103446e-46
 365.600     2.103412e-46     2.103446e-46
 366.200     2.103412e-46     2.103446e-46
 366.800     2.103412e-46     2.103446e-46
 367.400     2.103412e-46     2.103446e-46
 368.000     2.103412e-46     2.103446e-46
 368.600     2.103412e-46     2.103446e-46
 369.200     2.103412e-46     2.103446e-46
 369.800     2.103412e-46     2.103446e-46
 370.400     2.103412e-46     2.103446e-46
 371.000     2.103412e-46     2.103446e-46
 371.600     2.103412e-46     2.103446e-46
 372.200     2.103412e-46     2.103446e-46
 372.800     2.103412e-46     2.103446e-46
 373.400     2.103412e-46     2.103446e-46
 374.000     2.103412e-46     2.103446e-46
 374.600     2.103412e-46     2.103446e-46
 375.200     2.103412e-46     2.103446e-46
 375.800     2.103412e-46     2.103446e-46
 376.400     2.103412e-46     2.103446e-46
 377.000     2.103412e-46     2.103446e-46
 377.600     2.103412e-46     2.103446e-46
 378.200     2.103412e-46     2.103446e-46
 378.800     2.103412e-46     2.103446e-46
 379.400     2.103412e-46     2.103446e-46
 380.000     2.103412e-46     2.103446e-46
 380.600     2.103412e-46     2.103446e-46
 381.200     2.103412e-46     2.103446e-46
 381.800     2.103412e-46     2.103446e-46
 382.400     5.573713e+04     5.573808e+04
 383.000     3.460762e+05     3.460821e+05
 383.600     6.951790e+05     6.951909e+05
 384.200     9.194276e+05     9.194432e+05
 384.800     8.972565e+05     8.972717e+05
 385.400     6.725289e+05     6.725403e+05
 386.000     3.945356e+05     3.945424e+05
 386.600     1.835594e+05     1.835625e+05
 387.200     6.929725e+04     6.929843e+04
 387.800     2.299099e+04     2.299138e+04
 388.400     8.705086e+03     8.705235e+03
 389.000     5.401989e+03     5.402081e+03
 389.600     5.001182e+03     5.001267e+03
 390.200     5.112367e+03     5.112454e+03
 390.800     4.939148e+03     4.939232e+03
 391.400     4.300612e+03     4.300686e+03
 392.000     3.569656e+03     3.569716e+03
 392.600     3.278177e+03     3.278233e+03
 393.200     3.523352e+03     3.523412e+03
 393.800     3.843166e+03     3.843232e+03
 394.400     3.680488e+03     3.680550e+03
 395.000     2.909508e+03     2.909557e+03
 395.600     1.885669e+03     1.885701e+03
 396.200     1.070769e+03     1.070787e+03
 396.800     6.990634e+02     6.990753e+02
 397.400     7.315020e+02     7.315144e+02
 398.000     9.675631e+02     9.675796e+02
 398.600     1.163426e+03     1.163446e+03
 399.200     1.148106e+03     1.148125e+03
 399.800     9.117952e+02     9.118107e+02
 400.400     5.824283e+02     5.824382e+02
 401.000     3.040745e+02     3.040797e+02
 401.600     1.438169e+02     1.438193e+02
 402.200     1.028568e+02     1.028586e+02
 402.800     1.888950e+02     1.888982e+02
 403.400     4.676761e+02     4.676840e+02
 404.000     1.030828e+03     1.030846e+03
 404.600     1.863733e+03     1.863765e+03
 405.200     2.716450e+03     2.716496e+03
 405.800     3.176667e+03     3.176721e+03
 406.400     2.976230e+03     2.976281e+03
 407.000     2.233067e+03     2.233105e+03
 407.600     1.341695e+03     1.341718e+03
 408.200     6.459369e+02     6.459479e+02
 408.800     2.505560e+02     2.505603e+02
 409.400     8.220999e+01     8.221139e+01
 410.000     3.184560e+01     3.184614e+01
 410.600     2.847168e+01     2.847216e+01
 411.200     3.928288e+01     3.928355e+01
 411.800     5.081489e+01     5.081575e+01
 412.400     6.470555e+01     6.470665e+01
 413.000     1.164864e+02     1.164884e+02
 413.600     3.172307e+02     3.172361e+02
 414.200     8.932006e+02     8.932158e+02
 414.800     2.129406e+03     2.129442e+03
 415.400     4.106762e+03     4.106832e+03
 416.000     6.354457e+03     6.354565e+03
 416.600     7.877273e+03     7.877407e+03
 417.200     7.821567e+03     7.821700e+03
 417.800     6.220829e+03     6.220935e+03
 418.400     3.964957e+03     3.965024e+03
 419.000     2.030559e+03     2.030594e+03
 419.600     8.483593e+02     8.483734e+02
 420.200     3.136251e+02     3.136297e+02
 420.800     1.390541e+02     1.390553e+02
 421.400     1.049218e+02     1.049221e+02
 422.000     1.076555e+02     1.076555e+02
 422.600     1.177318e+02     1.177318e+02
 423.200     1.324065e+02     1.324065e+02
 423.800     1.480381e+02     1.480381e+02
 424.400     1.568582e+02     1.568583e+02
 425.000     1.597055e+02     1.597058e+02
 425.600     1.723520e+02     1.723526e+02
 426.200     2.107814e+02     2.107824e+02
 426.800     2.681828e+02     2.681843e+02
 427.400     3.116897e+02     3.116915e+02
 428.000     3.084447e+02     3.084465e+02
 428.600     2.556956e+02     2.556969e+02
 429.200     1.837486e+02     1.837494e+02
 429.800     1.337020e+02     1.337024e+02
 430.400     1.395721e+02     1.395724e+02
 431.000     2.382169e+02     2.382180e+02
 431.600     5.298095e+02     5.298142e+02
 432.200     1.309264e+03     1.309281e+03
 432.800     3.179876e+03     3.179925e+03
 433.400     6.834454e+03     6.834566e+03
 434.000     1.225406e+04     1.225426e+04
 434.600     1.787296e+04     1.787326e+04
 435.200     2.100769e+04     2.100805e+04
 435.800     1.984214e+04     1.984248e+04
 436.400     1.507435e+04     1.507460e+04
 437.000     9.280579e+03     9.280736e+03
 437.600     4.763966e+03     4.764044e+03
 438.200     2.238681e+03     2.238713e+03
 438.800     1.179934e+03     1.179946e+03
 439.400     7.966639e+02     7.966679e+02
 440.000     5.955920e+02     5.955935e+02
 440.600     4.192706e+02     4.192711e+02
 441.200     2.729250e+02     2.729252e+02
 441.800     1.783192e+02     1.783193e+02
 442.400     1.254857e+02     1.254857e+02
 443.000     9.051015e+01     9.051018e+01
 443.600     6.074704e+01     6.074708e+01
 444.200     3.971644e+01     3.971656e+01
 444.800     4.166075e+01     4.166120e+01
 445.400     9.231805e+01     9.231947e+01
 446.000     2.318697e+02     2.318734e+02
 446.600     4.991967e+02     4.992043e+02
 447.200     8.913349e+02     8.913475e+02
 447.800     1.332347e+03     1.332364e+03
 448.400     1.694180e+03     1.694197e+03
 449.000     1.858377e+03     1.858392e+03
 449.600     1.768219e+03     1.768229e+03
 450.200     1.451323e+03     1.451329e+03
 450.800     1.014902e+03     1.014904e+03
 451.400     6.004856e+02     6.004865e+02
 452.000     3.120486e+02     3.120488e+02
 452.600     1.757648e+02     1.757649e+02
 453.200     1.575332e+02     1.575334e+02
 453.800     2.031537e+02     2.031542e+02
 454.400     2.651151e+02     2.651163e+02
 455.000     3.119232e+02     3.119254e+02
 455.600     3.267926e+02     3.267959e+02
 456.200     3.028946e+02     3.028984e+02
 456.800     2.437904e+02     2.437939e+02
 457.400     1.664122e+02     1.664147e+02
 458.000     9.478307e+01     9.478460e+01
 458.600     4.632659e+01     4.632736e+01
 459.200     2.586741e+01     2.586785e+01
 459.800     3.150121e+01     3.150175e+01
 460.400     6.062661e+01     6.062764e+01
 461.000     1.068231e+02     1.068249e+02
 461.600     1.536341e+02     1.536367e+02
 462.200     1.800265e+02     1.800295e+02
 462.800     1.822832e+02     1.822860e+02
 463.400     1.991335e+02     1.991356e+02
 464.000     3.224298e+02     3.224310e+02
 464.600     6.754752e+02     6.754758e+02
 465.200     1.337824e+03     1.337824e+03
 465.800     2.250689e+03     2.250691e+03
 466.400     3.291716e+03     3.291723e+03
 467.000     4.750279e+03     4.750308e+03
 467.600     8.035740e+03     8.035832e+03
 468.200     1.568518e+04     1.568541e+04
 468.800     2.950905e+04     2.950953e+04
 469.400     4.736897e+04     4.736977e+04
 470.000     6.205058e+04     6.205163e+04
 470.600     6.549186e+04     6.549298e+04
 471.200     5.556859e+04     5.556954e+04
 471.800     3.801117e+04     3.801181e+04
 472.400     2.118377e+04     2.118413e+04
 473.000     9.913832e+03     9.913999e+03
 473.600     4.222059e+03     4.222127e+03
 474.200     1.928532e+03     1.928558e+03
 474.800     1.104063e+03     1.104074e+03
 475.400     7.517033e+02     7.517074e+02
 476.000     5.138885e+02     5.138899e+02
 476.600     3.141516e+02     3.141520e+02
 477.200     1.622954e+02     1.622956e+02
 477.800     6.906590e+01     6.906592e+01
 478.400     2.388464e+01     2.388464e+01
 479.000     6.671855e+00     6.671856e+00
 479.600     1.500804e+00     1.500804e+00
 480.200     2.712436e-01     2.712436e-01
 480.800     3.956919e-02     3.956919e-02
 481.400     5.283434e-03     5.283445e-03
 482.000     2.941487e-03     2.941531e-03
 482.600     7.611759e-03     7.611889e-03
 483.200     1.821175e-02     1.821206e-02
 483.800     3.491446e-02     3.491506e-02
 484.400     5.364923e-02     5.365015e-02
 485.000     6.610813e-02     6.610926e-02
 485.600     6.539066e-02     6.539178e-02
 486.200     5.202056e-02     5.202145e-02
 486.800     3.340314e-02     3.340371e-02
 487.400     1.742571e-02     1.742601e-02
 488.000     7.470075e-03     7.470203e-03
 488.600     2.679492e-03     2.679538e-03
 489.200     8.241799e-04     8.241939e-04
 489.800     2.228734e-04     2.228772e-04
 490.400     5.386649e-05     5.386741e-05
 491.000     1.220295e-05     1.220315e-05
 491.600     1.248344e-02     1.248344e-02
 492.200     1.686969e-01     1.686969e-01
 492.800     1.356426e+00     1.356426e+00
 493.400     8.784864e+00     8.784864e+00
 494.000     4.583922e+01     4.583922e+01
 494.600     1.927515e+02     1.927515e+02
 495.200     6.532570e+02     6.532570e+02
 495.800     1.784558e+03     1.784558e+03
 496.400     3.929534e+03     3.929534e+03
 497.000     6.974043e+03     6.974043e+03
 497.600     9.974661e+03     9.974661e+03
 498.200     1.149452e+04     1.149452e+04
 498.800     1.066953e+04     1.066953e+04
 499.400     7.974916e+03     7.974916e+03
 500.000     4.798250e+03     4.798250e+03
 500.600     2.323033e+03     2.323033e+03
 501.200     9.046487e+02     9.046487e+02
 501.800     2.832647e+02     2.832647e+02
 502.400     7.129073e+01     7.129073e+01
 503.000     1.441618e+01     1.441618e+01
 503.600     2.341588e+00     2.341588e+00
 504.200     3.056246e-01     3.056246e-01
 504.800     3.003208e-02     3.003209e-02
 505.400     1.314119e-03     1.314141e-03
 506.000     2.185053e-03     2.185090e-03
 506.600     2.911002e-03     2.911051e-03
 507.200     3.107258e-03     3.107311e-03
 507.800     2.657462e-03     2.657507e-03
 508.400     2.697951e-03     2.697982e-03
 509.000     1.326171e-02     1.326173e-02
 509.600     1.075371e-01     1.075371e-01
 510.200     4.874927e+00     4.874997e+00
 510.800     7.068787e+01     7.068900e+01
 511.400     6.259572e+02     6.259675e+02
 512.000     4.607693e+03     4.607770e+03
 512.600     2.753127e+04     2.753174e+04
 513.200     1.342999e+05     1.343022e+05
 513.800     5.352760e+05     5.352851e+05
 514.400     1.747968e+06     1.747998e+06
 515.000     4.697768e+06     4.697848e+06
 515.600     1.045282e+07     1.045300e+07
 516.200     1.938646e+07     1.938679e+07
 516.800     3.016028e+07     3.016080e+07
 517.400     3.952373e+07     3.952441e+07
 518.000     4.365147e+07     4.365221e+07
 518.600     4.048794e+07     4.048863e+07
 519.200     3.132919e+07     3.132972e+07
 519.800     2.006133e+07     2.006167e+07
 520.400     1.054687e+07     1.054705e+07
 521.000     4.521728e+06     4.521805e+06
 521.600     1.572613e+06     1.572640e+06
 522.200     4.420459e+05     4.420534e+05
 522.800     1.002365e+05     1.002382e+05
 523.400     1.837078e+04     1.837110e+04
 524.000     2.761005e+03     2.761052e+03
 524.600     3.597824e+02     3.597885e+02
 525.200     4.932944e+01     4.933028e+01
 525.800     6.657907e+00     6.658020e+00
 526.400     1.934026e+00     1.934058e+00
 527.000     6.015832e-01     6.015934e-01
 527.600     2.535812e-01     2.535855e-01
 528.200     1.289597e-01     1.289619e-01
 528.800     6.845771e-02     6.845888e-02
 529.400     9.083844e-02     9.083999e-02
 530.000     4.443780e-01     4.443856e-01
 530.600     2.269512e+00     2.269551e+00
 531.200     9.426446e+00     9.426606e+00
 531.800     3.138646e+01     3.138700e+01
 532.400     8.371591e+01     8.371733e+01
 533.000     1.788668e+02     1.788699e+02
 533.600     3.061310e+02     3.061362e+02
 534.200     4.197014e+02     4.197085e+02
 534.800     4.609240e+02     4.609319e+02
 535.400     4.054841e+02     4.054910e+02
 536.000     2.857429e+02     2.857477e+02
 536.600     1.613026e+02     1.613053e+02
 537.200     7.295113e+01     7.295237e+01
 537.800     2.646143e+01     2.646188e+01
 538.400     7.762323e+00     7.762456e+00
 539.000     1.957429e+00     1.957462e+00
 539.600     5.871728e-01     5.871828e-01
 540.200     3.469059e-01     3.469118e-01
 540.800     2.835313e-01     2.835362e-01
 541.400     2.086951e-01     2.086986e-01
 542.000     1.261353e-01     1.261374e-01
 542.600     6.318303e-02     6.318411e-02
 543.200     2.814326e-02     2.814374e-02
 543.800     1.346758e-02     1.346781e-02
 544.400     8.685778e-03     8.685926e-03
 545.000     1.607599e-02     1.607626e-02
 545.600     8.250996e-02     8.251137e-02
 546.200     5.302091e-01     5.302182e-01
 546.800     4.445768e+00     4.445844e+00
 547.400     2.648125e+01     2.648170e+01
 548.000     1.423249e+02     1.423273e+02
 548.600     6.796968e+02     6.797084e+02
 549.200     2.800656e+03     2.800703e+03
 549.800     9.677666e+03     9.677831e+03
 550.400     2.748567e+04     2.748614e+04
 551.000     6.339084e+04     6.339192e+04
 551.600     1.179389e+05     1.179409e+05
 552.200     1.763985e+05     1.764015e+05
 552.800     2.117249e+05     2.117285e+05
 553.400     2.037514e+05     2.037549e+05
 554.000     1.571395e+05     1.571422e+05
 554.600     9.710244e+04     9.710410e+04
 555.200     4.807132e+04     4.807214e+04
 555.800     1.906469e+04     1.906501e+04
 556.400     6.056868e+03     6.056972e+03
 557.000     1.541476e+03     1.541502e+03
 557.600     3.142620e+02     3.142673e+02
 558.200     5.132297e+01     5.132384e+01
 558.800     6.714275e+00     6.714389e+00
 559.400     7.036408e-01     7.036528e-01
 560.000     2.103412e-46     2.103446e-46
 560.600     2.103412e-46     2.103446e-46
 561.200     2.103412e-46     2.103446e-46
 561.800     3.483991e-02     3.483991e-02
 562.400     4.428711e-01     4.428711e-01
 563.000     3.831322e+00     3.831322e+00
 563.600     2.674407e+01     2.674407e+01
 564.200     1.507553e+02     1.507553e+02
 564.800     6.868256e+02     6.868256e+02
 565.400     2.530680e+03     2.530680e+03
 566.000     7.546226e+03     7.546226e+03
 566.600     1.822136e+04     1.822136e+04
 567.200     3.565394e+04     3.565394e+04
 567.800     5.661083e+04     5.661084e+04
 568.400     7.317178e+04     7.317180e+04
 569.000     7.759021e+04     7.759026e+04
 569.600     6.870994e+04     6.871005e+04
 570.200     5.267173e+04     5.267191e+04
 570.800     3.696373e+04     3.696397e+04
 571.400     2.498054e+04     2.498079e+04
 572.000     1.626131e+04     1.626152e+04
 572.600     9.684026e+03     9.684174e+03
 573.200     4.976112e+03     4.976193e+03
 573.800     2.123672e+03     2.123707e+03
 574.400     7.430714e+02     7.430840e+02
 575.000     2.334701e+02     2.334741e+02
 575.600     1.419139e+02     1.419163e+02
 576.200     2.777483e+02     2.777530e+02
 576.800     6.099506e+02     6.099609e+02
 577.400     1.102145e+03     1.102163e+03
 578.000     1.598147e+03     1.598174e+03
 578.600     1.856658e+03     1.856689e+03
 579.200     1.727939e+03     1.727968e+03
 579.800     1.288270e+03     1.288292e+03
 580.400     7.694248e+02     7.694379e+02
 581.000     3.681355e+02     3.681418e+02
 581.600     1.411009e+02     1.411033e+02
 582.200     4.332456e+01     4.332530e+01
 582.800     1.797327e+02     1.797329e+02
 583.400     1.677106e+03     1.677106e+03
 584.000     1.277273e+04     1.277273e+04
 584.600     7.824409e+04     7.824409e+04
 585.200     3.853143e+05     3.853143e+05
 585.800     1.526396e+06     1.526396e+06
 586.400     4.868035e+06     4.868035e+06
 587.000     1.251012e+07     1.251012e+07
 587.600     2.593048e+07     2.593048e+07
 588.200     4.339525e+07     4.339525e+07
 588.800     5.869539e+07     5.869539e+07
 589.400     6.422789e+07     6.422789e+07
 590.000     5.690939e+07     5.690939e+07
 590.600     4.085960e+07     4.085960e+07
 591.200     2.378284e+07     2.378284e+07
 591.800     1.122492e+07     1.122492e+07
 592.400     4.295538e+06     4.295538e+06
 593.000     1.332317e+06     1.332317e+06
 593.600     3.347228e+05     3.347228e+05
 594.200     6.806080e+04     6.806080e+04
 594.800     1.119003e+04     1.119003e+04
 595.400     1.486097e+03     1.486097e+03
 596.000     1.350322e+02     1.350322e+02
 596.600     1.710268e-03     1.710298e-03
 597.200     6.510463e-04     6.510574e-04
 597.800     2.038190e-04     2.038225e-04
 598.400     5.198002e-05     5.198090e-05
 599.000     1.073351e-05     1.073370e-05
 599.600     1.788428e-06     1.788458e-06
 600.200     2.391136e-07     2.391176e-07
 600.800     2.414029e-08     2.414070e-08
 601.400     2.103412e-46     2.103446e-46
 602.000     9.218566e-05     9.218723e-05
 602.600     9.197837e-04     9.197993e-04
 603.200     7.351452e-03     7.351578e-03
 603.800     4.706794e-02     4.706874e-02
 604.400     2.414025e-01     2.414066e-01
 605.000     9.917980e-01     9.918149e-01
 605.600     3.264142e+00     3.264197e+00
 606.200     8.605558e+00     8.605705e+00
 606.800     1.817413e+01     1.817444e+01
 607.400     3.074627e+01     3.074679e+01
 608.000     4.166731e+01     4.166802e+01
 608.600     4.523378e+01     4.523455e+01
 609.200     3.935214e+01     3.935281e+01
 609.800     2.757826e+01     2.757873e+01
 610.400     1.668468e+01     1.668495e+01
 611.000     1.575536e+01     1.575548e+01
 611.600     4.864636e+01     4.864640e+01
 612.200     1.945297e+02     1.945297e+02
 612.800     6.597083e+02     6.597083e+02
 613.400     1.822087e+03     1.822087e+03
 614.000     4.089581e+03     4.089581e+03
 614.600     7.460107e+03     7.460107e+03
 615.200     1.105948e+04     1.105948e+04
 615.800     1.331817e+04     1.331817e+04
 616.400     1.301717e+04     1.301717e+04
 617.000     1.031518e+04     1.031518e+04
 617.600     6.618775e+03     6.618775e+03
 618.200     3.434304e+03     3.434304e+03
 618.800     1.439081e+03     1.439081e+03
 619.400     4.863784e+02     4.863784e+02
 620.000     1.324378e+02     1.324378e+02
 620.600     2.902432e+01     2.902432e+01
 621.200     5.115048e+00     5.115048e+00
 621.800     7.243651e-01     7.243651e-01
 622.400     7.961127e-02     7.961128e-02
 623.000     1.841967e-03     1.841998e-03
 623.600     1.480147e-02     1.480172e-02
 624.200     9.527755e-02     9.527917e-02
 624.800     4.912920e-01     4.913003e-01
 625.400     2.033744e+00     2.033779e+00
 626.000     6.790661e+00     6.790776e+00
 626.600     1.843873e+01     1.843905e+01
 627.200     4.212243e+01     4.212315e+01
 627.800     8.774272e+01     8.774422e+01
 628.400     1.894025e+02     1.894057e+02
 629.000     4.495537e+02     4.495613e+02
 629.600     1.069339e+03     1.069357e+03
 630.200     2.257885e+03     2.257923e+03
 630.800     3.964072e+03     3.964140e+03
 631.400     5.644356e+03     5.644452e+03
 632.000     6.463997e+03     6.464107e+03
 632.600     5.938084e+03     5.938185e+03
 633.200     4.372186e+03     4.372260e+03
 633.800     2.579797e+03     2.579841e+03
 634.400     1.220081e+03     1.220101e+03
 635.000     4.628360e+02     4.628439e+02
 635.600     1.411292e+02     1.411316e+02
 636.200     3.479218e+01     3.479278e+01
 636.800     7.042791e+00     7.042911e+00
 637.400     1.215777e+00     1.215798e+00
 638.000     1.929023e-01     1.929056e-01
 638.600     3.078675e-02     3.078728e-02
 639.200     4.006312e-03     4.006380e-03
 639.800     7.201006e-04     7.201128e-04
 640.400     1.036829e-04     1.036847e-04
 641.000     1.195879e-05     1.195899e-05
 641.600     2.103412e-46     2.103446e-46
 642.200     2.103412e-46     2.103446e-46
 642.800     2.103412e-46     2.103446e-46
 643.400     2.103412e-46     2.103446e-46
 644.000     2.103412e-46     2.103446e-46
 644.600     2.103412e-46     2.103446e-46
 645.200     2.103412e-46     2.103446e-46
 645.800     2.103412e-46     2.103446e-46
 646.400     2.103412e-46     2.103446e-46
 647.000     2.103412e-46     2.103446e-46
 647.600     2.103412e-46     2.103446e-46
 648.200     2.715652e-06     2.715699e-06
 648.800     2.763148e-05     2.763195e-05
 649.400     2.252306e-04     2.252344e-04
 650.000     1.470683e-03     1.470708e-03
