501
 350.000     1.000000e-60     4.420398e-72
 350.600     1.000000e-60     4.420398e-72
 351.200     1.000000e-60     4.420398e-72
 351.800     1.000000e-60     4.420398e-72
 352.400     1.000000e-60     4.420398e-72
 353.000     1.000000e-60     4.420398e-72
 353.600     1.000000e-60     4.420398e-72
 354.200     1.000000e-60     4.420398e-72
 354.800     1.000000e-60     4.420398e-72
 355.400     1.000000e-60     4.420398e-72
 356.000     1.000000e-60     4.420398e-72
 356.600     1.000000e-60     4.420398e-72
 357.200     1.000000e-60     4.420398e-72
 357.800     1.000000e-60     4.420398e-72
 358.400     1.000000e-60     4.420398e-72
 359.000     1.000000e-60     4.420398e-72
 359.600     1.000000e-60     4.420398e-72
 360.200     1.000000e-60     4.420398e-72
 360.800     1.000000e-60     4.420398e-72
 361.400     1.000000e-60     4.420398e-72
 362.000     1.000000e-60     4.420398e-72
 362.600     1.000000e-60     4.420398e-72
 363.200     1.000000e-60     4.420398e-72
 363.800     1.000000e-60     4.420398e-72
 364.400     1.000000e-60     4.420398e-72
 365.000     1.000000e-60     4.420398e-72
 365.600     1.000000e-60     4.420398e-72
 366.200     1.000000e-60     4.420398e-72
 366.800     1.000000e-60     4.420398e-72
 367.400     1.000000e-60     4.420398e-72
 368.000     1.000000e-60     4.420398e-72
 368.600     1.000000e-60     4.420398e-72
 369.200     1.000000e-60     4.420398e-72
 369.800     1.000000e-60     4.420398e-72
 370.400     1.000000e-60     4.420398e-72
 371.000     1.000000e-60     4.420398e-72
 371.600     1.000000e-60     4.420398e-72
 372.200     1.000000e-60     4.420398e-72
 372.800     1.000000e-60     4.420398e-72
 373.400     1.000000e-60     4.420398e-72
 374.000     1.000000e-60     4.420398e-72
 374.600     1.000000e-60     4.420398e-72
 375.200     1.000000e-60     4.420398e-72
 375.800     1.000000e-60     4.420398e-72
 376.400     1.000000e-60     4.420398e-72
 377.000     1.000000e-60     4.420398e-72
 377.600     1.000000e-60     4.420398e-72
 378.200     1.000000e-60     4.420398e-72
 378.800     1.000000e-60     4.420398e-72
 379.400     1.000000e-60     4.420398e-72
 380.000     1.000000e-60     4.420398e-72
 380.600     1.000000e-60     4.420398e-72
 381.200     1.000000e-60     4.420398e-72
 381.800     1.000000e-60     4.420398e-72
 382.400     1.000000e-60     4.420398e-72
 383.000     1.000000e-60     4.420398e-72
 383.600     1.000000e-60     4.420398e-72
 384.200     1.000000e-60     4.420398e-72
 384.800     1.000000e-60     4.420398e-72
 385.400     1.000000e-60     4.420398e-72
 386.000     1.000000e-60     4.420398e-72
 386.600     1.000000e-60     4.420398e-72
 387.200     1.000000e-60     4.420398e-72
 387.800     1.000000e-60     4.420398e-72
 388.400     1.000000e-60     4.420398e-72
 389.000     1.000000e-60     4.420398e-72
 389.600     1.000000e-60     4.420398e-72
 390.200     1.000000e-60     4.420398e-72
 390.800     1.000000e-60     4.420398e-72
 391.400     1.000000e-60     4.420398e-72
 392.000     1.000000e-60     4.420398e-72
 392.600     1.000000e-60     4.420398e-72
 393.200     1.000000e-60     4.420398e-72
 393.800     1.000000e-60     4.420398e-72
 394.400     1.000000e-60     4.420398e-72
 395.000     1.000000e-60     4.420398e-72
 395.600     1.000000e-60     4.420398e-72
 396.200     1.000000e-60     4.420398e-72
 396.800     1.000000e-60     4.420398e-72
 397.400     1.000000e-60     4.420398e-72
 398.000     1.000000e-60     4.420398e-72
 398.600     1.000000e-60     4.420398e-72
 399.200     1.000000e-60     4.420398e-72
 399.800     1.000000e-60     4.420398e-72
 400.400     1.000000e-60     4.420398e-72
 401.000     1.000000e-60     4.420398e-72
 401.600     1.000000e-60     4.420398e-72
 402.200     1.000000e-60     4.420398e-72
 402.800     1.000000e-60     4.420398e-72
 403.400     1.000000e-60     4.420398e-72
 404.000     1.000000e-60     4.420398e-72
 404.600     1.000000e-60     4.420398e-72
 405.200     1.000000e-60     4.420398e-72
 405.800     1.000000e-60     4.420398e-72
 406.400     1.000000e-60     4.420398e-72
 407.000     1.000000e-60     4.420398e-72
 407.600     1.000000e-60     4.420398e-72
 408.200     1.000000e-60     4.420398e-72
 408.800     1.000000e-60     4.420398e-72
 409.400     1.000000e-60     4.420398e-72
 410.000     1.000000e-60     4.420398e-72
 410.600     1.000000e-60     4.420398e-72
 411.200     1.000000e-60     4.420398e-72
 411.800     1.000000e-60     4.420398e-72
 412.400     1.000000e-60     4.420398e-72
 413.000     1.000000e-60     4.420398e-72
 413.600     1.000000e-60     4.420398e-72
 414.200     1.000000e-60     4.420398e-72
 414.800     2.662459e-14     1.507099e-22
 415.400     4.538499e-13     2.569041e-21
 416.000     3.993333e-12     2.260447e-20
 416.600     2.822450e-11     1.597663e-19
 417.200     1.602564e-10     9.071396e-19
 417.800     7.313254e-10     4.139660e-18
 418.400     2.681926e-09     1.518075e-17
 419.000     7.910240e-09     4.477304e-17
 419.600     1.879662e-08     1.063792e-16
 420.200     3.614125e-08     2.044806e-16
 420.800     5.684448e-08     3.213795e-16
 421.400     7.503925e-08     4.235139e-16
 422.000     8.762023e-08     4.927623e-16
 422.600     9.777728e-08     5.467790e-16
 423.200     1.100307e-07     6.115098e-16
 423.800     1.221426e-07     6.756143e-16
 424.400     1.263746e-07     6.965728e-16
 425.000     1.207152e-07     6.624961e-16
 425.600     1.153582e-07     6.283504e-16
 426.200     1.239093e-07     6.684774e-16
 426.800     1.476242e-07     7.908864e-16
 427.400     1.706537e-07     9.111820e-16
 428.000     1.732396e-07     9.234170e-16
 428.600     1.499458e-07     7.979006e-16
 429.200     1.148693e-07     6.088984e-16
 429.800     9.165242e-08     4.808349e-16
 430.400     9.979364e-08     5.154455e-16
 431.000     1.440398e-07     7.370639e-16
 431.600     2.078486e-07     1.060349e-15
 432.200     2.580095e-07     1.314896e-15
 432.800     2.656121e-07     1.352606e-15
 433.400     2.277371e-07     1.158399e-15
 434.000     1.664641e-07     8.450915e-16
 434.600     1.076637e-07     5.449157e-16
 435.200     6.515975e-08     3.281337e-16
 435.800     4.332896e-08     2.155468e-16
 436.400     4.790862e-08     2.329649e-16
 437.000     9.066667e-08     4.352514e-16
 437.600     1.808927e-07     8.658733e-16
 438.200     3.061004e-07     1.464440e-15
 438.800     4.208200e-07     2.012979e-15
 439.400     4.679923e-07     2.238157e-15
 440.000     4.243719e-07     2.028395e-15
 440.600     3.218272e-07     1.535884e-15
 441.200     2.170752e-07     1.032169e-15
 441.800     1.446494e-07     6.833763e-16
 442.400     1.027072e-07     4.818688e-16
 443.000     7.404195e-08     3.458343e-16
 443.600     4.861699e-08     2.266245e-16
 444.200     2.705922e-08     1.260199e-16
 444.800     1.276502e-08     5.929389e-17
 445.400     7.287499e-09     3.310734e-17
 446.000     1.367550e-08     6.001731e-17
 446.600     4.432222e-08     1.933314e-16
 447.200     1.262351e-07     5.503828e-16
 447.800     2.909859e-07     1.268655e-15
 448.400     5.396908e-07     2.352966e-15
 449.000     8.050041e-07     3.509687e-15
 449.600     9.655887e-07     4.209796e-15
 450.200     9.315342e-07     4.061249e-15
 450.800     7.239396e-07     3.155865e-15
 451.400     4.575270e-07     1.993360e-15
 452.000     2.473740e-07     1.074617e-15
 452.600     1.409771e-07     6.058276e-16
 453.200     1.210707e-07     5.118146e-16
 453.800     1.420109e-07     5.956725e-16
 454.400     1.598393e-07     6.692395e-16
 455.000     1.500869e-07     6.281936e-16
 455.600     1.140684e-07     4.774081e-16
 456.200     6.976953e-08     2.920019e-16
 456.800     3.430244e-08     1.435634e-16
 457.400     1.355148e-08     5.671602e-17
 458.000     4.300647e-09     1.799918e-17
 458.600     1.096151e-09     4.587639e-18
 459.200     2.243397e-10     9.389123e-19
 459.800     3.685963e-11     1.542659e-19
 460.400     1.292784e-11     5.082538e-20
 461.000     7.605266e-11     2.875561e-19
 461.600     5.698771e-10     2.153313e-18
 462.200     3.456806e-09     1.306174e-17
 462.800     1.687434e-08     6.376064e-17
 463.400     6.629483e-08     2.504987e-16
 464.000     2.096330e-07     7.921099e-16
 464.600     5.335453e-07     2.016031e-15
 465.200     1.092952e-06     4.129781e-15
 465.800     1.801834e-06     6.808330e-15
 466.400     2.390348e-06     9.032060e-15
 467.000     2.551358e-06     9.640444e-15
 467.600     2.190607e-06     8.277328e-15
 468.200     1.512682e-06     5.715749e-15
 468.800     8.398841e-07     3.173546e-15
 469.400     3.748790e-07     1.416496e-15
 470.000     1.345853e-07     5.085074e-16
 470.600     3.948400e-08     1.490154e-16
 471.200     1.244345e-08     4.618026e-17
 471.800     1.491027e-08     5.314403e-17
 472.400     4.090528e-08     1.447531e-16
 473.000     1.005307e-07     3.556113e-16
 473.600     2.000255e-07     7.075451e-16
 474.200     3.204944e-07     1.133676e-15
 474.800     4.133633e-07     1.462178e-15
 475.400     4.290776e-07     1.517764e-15
 476.000     3.583759e-07     1.267673e-15
 476.600     2.407885e-07     8.517342e-16
 477.200     1.301102e-07     4.602351e-16
 477.800     5.652574e-08     1.999468e-16
 478.400     1.973865e-08     6.982094e-17
 479.000     5.538629e-09     1.959163e-17
 479.600     1.248477e-09     4.416203e-18
 480.200     2.260147e-10     7.994751e-19
 480.800     3.285185e-11     1.162059e-19
 481.400     3.833076e-12     1.355863e-20
 482.000     3.272040e-13     1.157409e-21
 482.600     1.000000e-60     4.420398e-72
 483.200     1.000000e-60     4.420398e-72
 483.800     1.000000e-60     4.420398e-72
 484.400     1.000000e-60     4.420398e-72
 485.000     1.000000e-60     4.420398e-72
 485.600     1.000000e-60     4.420398e-72
 486.200     1.000000e-60     4.420398e-72
 486.800     1.000000e-60     4.420398e-72
 487.400     1.000000e-60     4.420398e-72
 488.000     1.000000e-60     4.420398e-72
 488.600     1.000000e-60     4.420398e-72
 489.200     1.000000e-60     4.420398e-72
 489.800     1.000000e-60     4.420398e-72
 490.400     1.000000e-60     4.420398e-72
 491.000     1.000000e-60     4.420398e-72
 491.600     1.039930e-11     3.098738e-20
 492.200     1.405765e-10     4.188833e-19
 492.800     1.130348e-09     3.368157e-18
 493.400     7.320710e-09     2.181390e-17
 494.000     3.819934e-08     1.138246e-16
 494.600     1.606263e-07     4.786264e-16
 495.200     5.443808e-07     1.622120e-15
 495.800     1.487132e-06     4.431283e-15
 496.400     3.274612e-06     9.757529e-15
 497.000     5.811702e-06     1.731743e-14
 497.600     8.312217e-06     2.476833e-14
 498.200     9.578766e-06     2.854233e-14
 498.800     8.891275e-06     2.649378e-14
 499.400     6.645763e-06     1.980271e-14
 500.000     3.998542e-06     1.191465e-14
 500.600     1.935861e-06     5.768381e-15
 501.200     7.538739e-07     2.246355e-15
 501.800     2.360539e-07     7.033813e-16
 502.400     5.940894e-08     1.770237e-16
 503.000     1.201346e-08     3.579711e-17
 503.600     1.951261e-09     5.814266e-18
 504.200     2.544834e-10     7.582967e-19
 504.800     2.449905e-11     7.300098e-20
 505.400     1.000000e-60     4.420398e-72
 506.000     1.000000e-60     4.420398e-72
 506.600     1.000000e-60     4.420398e-72
 507.200     1.000000e-60     4.420398e-72
 507.800     1.000000e-60     4.420398e-72
 508.400     7.307832e-13     1.937510e-21
 509.000     1.021826e-11     2.709144e-20
 509.600     8.924770e-11     2.366205e-19
 510.200     6.280761e-10     1.665204e-18
 510.800     3.562822e-09     9.446033e-18
 511.400     1.629630e-08     4.320602e-17
 512.000     6.011900e-08     1.593922e-16
 512.600     1.789123e-07     4.743463e-16
 513.200     4.295488e-07     1.138853e-15
 513.800     8.319944e-07     2.205849e-15
 514.400     1.299915e-06     3.446436e-15
 515.000     1.637970e-06     4.342715e-15
 515.600     1.664053e-06     4.411867e-15
 516.200     1.362524e-06     3.612430e-15
 516.800     8.987929e-07     2.382950e-15
 517.400     4.774435e-07     1.265835e-15
 518.000     2.041423e-07     5.412380e-16
 518.600     7.022502e-08     1.861861e-16
 519.200     1.942691e-08     5.150614e-17
 519.800     4.319971e-09     1.145345e-17
 520.400     7.718760e-10     2.046458e-18
 521.000     1.107747e-10     2.936946e-19
 521.600     1.276475e-11     3.384290e-20
 522.200     1.000000e-60     4.420398e-72
 522.800     1.000000e-60     4.420398e-72
 523.400     1.000000e-60     4.420398e-72
 524.000     1.000000e-60     4.420398e-72
 524.600     1.000000e-60     4.420398e-72
 525.200     1.000000e-60     4.420398e-72
 525.800     1.000000e-60     4.420398e-72
 526.400     1.000000e-60     4.420398e-72
 527.000     1.000000e-60     4.420398e-72
 527.600     1.000000e-60     4.420398e-72
 528.200     1.000000e-60     4.420398e-72
 528.800     1.000000e-60     4.420398e-72
 529.400     1.000000e-60     4.420398e-72
 530.000     1.000000e-60     4.420398e-72
 530.600     1.000000e-60     4.420398e-72
 531.200     1.000000e-60     4.420398e-72
 531.800     1.000000e-60     4.420398e-72
 532.400     1.000000e-60     4.420398e-72
 533.000     1.000000e-60     4.420398e-72
 533.600     1.000000e-60     4.420398e-72
 534.200     1.000000e-60     4.420398e-72
 534.800     1.000000e-60     4.420398e-72
 535.400     1.000000e-60     4.420398e-72
 536.000     1.000000e-60     4.420398e-72
 536.600     1.000000e-60     4.420398e-72
 537.200     1.000000e-60     4.420398e-72
 537.800     1.000000e-60     4.420398e-72
 538.400     1.000000e-60     4.420398e-72
 539.000     1.000000e-60     4.420398e-72
 539.600     1.000000e-60     4.420398e-72
 540.200     1.000000e-60     4.420398e-72
 540.800     1.000000e-60     4.420398e-72
 541.400     1.000000e-60     4.420398e-72
 542.000     1.000000e-60     4.420398e-72
 542.600     1.000000e-60     4.420398e-72
 543.200     1.000000e-60     4.420398e-72
 543.800     1.000000e-60     4.420398e-72
 544.400     1.000000e-60     4.420398e-72
 545.000     1.000000e-60     4.420398e-72
 545.600     1.000000e-60     4.420398e-72
 546.200     1.000000e-60     4.420398e-72
 546.800     1.000000e-60     4.420398e-72
 547.400     1.000000e-60     4.420398e-72
 548.000     1.000000e-60     4.420398e-72
 548.600     1.000000e-60     4.420398e-72
 549.200     1.000000e-60     4.420398e-72
 549.800     1.000000e-60     4.420398e-72
 550.400     1.000000e-60     4.420398e-72
 551.000     1.000000e-60     4.420398e-72
 551.600     1.000000e-60     4.420398e-72
 552.200     1.000000e-60     4.420398e-72
 552.800     1.000000e-60     4.420398e-72
 553.400     1.000000e-60     4.420398e-72
 554.000     1.000000e-60     4.420398e-72
 554.600     1.000000e-60     4.420398e-72
 555.200     1.000000e-60     4.420398e-72
 555.800     1.000000e-60     4.420398e-72
 556.400     1.000000e-60     4.420398e-72
 557.000     1.000000e-60     4.420398e-72
 557.600     1.000000e-60     4.420398e-72
 558.200     1.000000e-60     4.420398e-72
 558.800     1.000000e-60     4.420398e-72
 559.400     1.000000e-60     4.420398e-72
 560.000     1.000000e-60     4.420398e-72
 560.600     1.000000e-60     4.420398e-72
 561.200     1.000000e-60     4.420398e-72
 561.800     2.903326e-11     5.585380e-20
 562.400     3.690593e-10     7.099906e-19
 563.000     3.192768e-09     6.142198e-18
 563.600     2.228672e-08     4.287484e-17
 564.200     1.256294e-07     2.416838e-16
 564.800     5.723235e-07     1.101026e-15
 565.400     2.108596e-06     4.056480e-15
 566.000     6.286134e-06     1.209315e-14
 566.600     1.516947e-05     2.918275e-14
 567.200     2.963614e-05     5.701346e-14
 567.800     4.687149e-05     9.017048e-14
 568.400     5.999427e-05     1.154158e-13
 569.000     6.211806e-05     1.195015e-13
 569.600     5.199462e-05     1.000262e-13
 570.200     3.515667e-05     6.763366e-14
 570.800     1.918729e-05     3.691210e-14
 571.400     8.445262e-06     1.624681e-14
 572.000     2.995353e-06     5.762395e-15
 572.600     8.554169e-07     1.645632e-15
 573.200     1.965568e-07     3.781316e-16
 573.800     3.631562e-08     6.986318e-17
 574.400     5.391894e-09     1.037280e-17
 575.000     6.429999e-10     1.236989e-18
 575.600     5.877278e-11     1.130657e-19
 576.200     1.000000e-60     4.420398e-72
 576.800     1.000000e-60     4.420398e-72
 577.400     1.000000e-60     4.420398e-72
 578.000     1.000000e-60     4.420398e-72
 578.600     1.000000e-60     4.420398e-72
 579.200     1.000000e-60     4.420398e-72
 579.800     1.000000e-60     4.420398e-72
 580.400     1.000000e-60     4.420398e-72
 581.000     1.000000e-60     4.420398e-72
 581.600     1.000000e-60     4.420398e-72
 582.200     1.000000e-60     4.420398e-72
 582.800     1.408967e-07     1.232309e-17
 583.400     1.395838e-06     1.220637e-16
 584.000     1.064367e-05     9.307377e-16
 584.600     6.520338e-05     5.701475e-15
 585.200     3.210952e-04     2.807555e-14
 585.800     1.271997e-03     1.112124e-13
 586.400     4.056696e-03     3.546562e-13
 587.000     1.042510e-02     9.113342e-13
 587.600     2.160873e-02     1.888787e-12
 588.200     3.616270e-02     3.160566e-12
 588.800     4.891283e-02     4.274358e-12
 589.400     5.352324e-02     4.676587e-12
 590.000     4.742450e-02     4.143078e-12
 590.600     3.404966e-02     2.974153e-12
 591.200     1.981903e-02     1.730856e-12
 591.800     9.354098e-03     8.167856e-13
 592.400     3.579615e-03     3.125154e-13
 593.000     1.110264e-03     9.691553e-14
 593.600     2.789356e-04     2.434486e-14
 594.200     5.671732e-05     4.949491e-15
 594.800     9.325012e-06     8.136575e-16
 595.400     1.238408e-06     1.080462e-16
 596.000     1.125237e-07     9.811814e-18
 596.600     1.000000e-60     4.420398e-72
 597.200     1.000000e-60     4.420398e-72
 597.800     1.000000e-60     4.420398e-72
 598.400     1.000000e-60     4.420398e-72
 599.000     1.000000e-60     4.420398e-72
 599.600     1.000000e-60     4.420398e-72
 600.200     1.000000e-60     4.420398e-72
 600.800     1.000000e-60     4.420398e-72
 601.400     1.000000e-60     4.420398e-72
 602.000     1.000000e-60     4.420398e-72
 602.600     1.000000e-60     4.420398e-72
 603.200     1.000000e-60     4.420398e-72
 603.800     1.000000e-60     4.420398e-72
 604.400     1.000000e-60     4.420398e-72
 605.000     1.000000e-60     4.420398e-72
 605.600     1.000000e-60     4.420398e-72
 606.200     1.000000e-60     4.420398e-72
 606.800     1.000000e-60     4.420398e-72
 607.400     1.000000e-60     4.420398e-72
 608.000     1.000000e-60     4.420398e-72
 608.600     1.000000e-60     4.420398e-72
 609.200     1.315930e-11     1.997229e-20
 609.800     1.465105e-10     2.223638e-19
 610.400     1.161027e-09     1.762129e-18
 611.000     7.433195e-09     1.128160e-17
 611.600     3.849888e-08     5.843101e-17
 612.200     1.615230e-07     2.451487e-16
 612.800     5.496225e-07     8.341800e-16
 613.400     1.518381e-06     2.304497e-15
 614.000     3.407981e-06     5.172404e-15
 614.600     6.216756e-06     9.435373e-15
 615.200     9.216235e-06     1.398778e-14
 615.800     1.109848e-05     1.684452e-14
 616.400     1.084764e-05     1.646382e-14
 617.000     8.595982e-06     1.304640e-14
 617.600     5.515646e-06     8.371276e-15
 618.200     2.861920e-06     4.343630e-15
 618.800     1.199234e-06     1.820117e-15
 619.400     4.053153e-07     6.151603e-16
 620.000     1.103648e-07     1.675043e-16
 620.600     2.418693e-08     3.670930e-17
 621.200     4.262540e-09     6.469396e-18
 621.800     6.036376e-10     9.161606e-19
 622.400     6.618971e-11     1.004583e-19
 623.000     1.000000e-60     4.420398e-72
 623.600     1.000000e-60     4.420398e-72
 624.200     1.000000e-60     4.420398e-72
 624.800     1.000000e-60     4.420398e-72
 625.400     1.000000e-60     4.420398e-72
 626.000     1.000000e-60     4.420398e-72
 626.600     1.000000e-60     4.420398e-72
 627.200     1.000000e-60     4.420398e-72
 627.800     1.000000e-60     4.420398e-72
 628.400     1.000000e-60     4.420398e-72
 629.000     1.000000e-60     4.420398e-72
 629.600     1.000000e-60     4.420398e-72
 630.200     1.000000e-60     4.420398e-72
 630.800     1.000000e-60     4.420398e-72
 631.400     1.000000e-60     4.420398e-72
 632.000     1.000000e-60     4.420398e-72
 632.600     1.000000e-60     4.420398e-72
 633.200     1.000000e-60     4.420398e-72
 633.800     1.000000e-60     4.420398e-72
 634.400     1.000000e-60     4.420398e-72
 635.000     1.000000e-60     4.420398e-72
 635.600     1.000000e-60     4.420398e-72
 636.200     1.000000e-60     4.420398e-72
 636.800     1.000000e-60     4.420398e-72
 637.400     1.000000e-60     4.420398e-72
 638.000     1.000000e-60     4.420398e-72
 638.600     1.000000e-60     4.420398e-72
 639.200     1.000000e-60     4.420398e-72
 639.800     1.000000e-60     4.420398e-72
 640.400     1.000000e-60     4.420398e-72
 641.000     1.000000e-60     4.420398e-72
 641.600     1.000000e-60     4.420398e-72
 642.200     1.000000e-60     4.420398e-72
 642.800     1.000000e-60     4.420398e-72
 643.400     1.000000e-60     4.420398e-72
 644.000     1.000000e-60     4.420398e-72
 644.600     1.000000e-60     4.420398e-72
 645.200     1.000000e-60     4.420398e-72
 645.800     1.000000e-60     4.420398e-72
 646.400     1.000000e-60     4.420398e-72
 647.000     1.000000e-60     4.420398e-72
 647.600     1.000000e-60     4.420398e-72
 648.200     1.000000e-60     4.420398e-72
 648.800     1.000000e-60     4.420398e-72
 649.400     1.000000e-60     4.420398e-72
 650.000     1.000000e-60     4.420398e-72
