501
 350.000     9.245691e+11     1.026208e+12
 350.600    -2.113322e+12    -4.138308e+11
 351.200    -2.606980e+12    -4.230506e+11
 351.800    -1.470656e+12     3.937612e+11
 352.400     2.402905e+11     6.931075e+11
 353.000    -1.087975e+12    -6.222455e+10
 353.600    -3.669592e+12     5.273488e+10
 354.200     4.296595e+11     2.586368e+11
 354.800     1.016722e+12    -4.970089e+10
 355.400     2.629219e+12    -8.416628e+10
 356.000     2.750585e+12    -4.983039e+10
 356.600    -3.826701e+11    -1.121840e+11
 357.200    -5.427089e+12    -9.103981e+11
 357.800    -3.965716e+12    -1.360283e+12
 358.400    -3.996767e+11    -9.507119e+11
 359.000     1.610863e+12    -2.116502e+11
 359.600     4.357704e+12    -6.363847e+11
 360.200     2.354201e+12    -5.804754e+11
 360.800    -6.027019e+11    -5.552665e+11
 361.400     2.915072e+11    -2.216972e+11
 362.000     1.540868e+11     1.814965e+10
 362.600    -5.682156e+11    -1.876183e+11
 363.200     2.468190e+11    -1.938898e+11
 363.800    -3.280120e+11     2.252653e+11
 364.400     2.497492e+08     2.430144e+11
 365.000    -4.233651e+11     8.107559e+10
 365.600    -3.284343e+11     9.282023e+10
 366.200    -5.341978e+11     1.332856e+11
 366.800    -7.026494e+11     6.784049e+10
 367.400    -1.535050e+12    -4.707229e+10
 368.000    -2.060859e+12     4.128825e+10
 368.600    -2.068118e+12     2.928609e+11
 369.200    -1.203666e+12     9.414861e+08
 369.800    -6.952060e+11    -1.664814e+11
 370.400    -5.375652e+11    -5.075821e+09
 371.000    -7.122702e+11     4.118449e+10
 371.600     6.389155e+10     1.428099e+11
 372.200    -3.018627e+11     3.439251e+11
 372.800    -5.943267e+10     2.401614e+11
 373.400    -1.277244e+12     1.995983e+11
 374.000    -1.236850e+12    -3.082146e+11
 374.600     9.811958e+11    -1.099910e+11
 375.200     1.590828e+12    -1.289261e+11
 375.800     1.919801e+12     1.611305e+11
 376.400     6.644760e+11     2.072979e+11
 377.000    -9.589709e+11     8.859139e+10
 377.600    -7.765869e+11     9.586347e+10
 378.200    -8.175658e+11     1.423498e+11
 378.800    -7.541106e+11    -1.700068e+11
 379.400     2.817103e+11    -4.251045e+11
 380.000     3.372181e+11    -3.615829e+11
 380.600     2.994219e+11    -2.914469e+11
 381.200     1.293893e+12    -2.909365e+11
 381.800     6.695828e+11    -2.015335e+11
 382.400    -1.530874e+12    -2.071020e+11
 383.000    -6.650692e+11    -4.623215e+10
 383.600    -5.477040e+11     6.402065e+10
 384.200     1.128276e+12     1.476713e+11
 384.800     1.722361e+12    -5.724485e+10
 385.400     1.618290e+12    -5.624947e+10
 386.000     2.959546e+12     4.545837e+10
 386.600     1.047576e+12    -1.771784e+11
 387.200    -8.984178e+11    -8.411320e+10
 387.800    -8.054854e+11     4.057479e+10
 388.400    -1.653883e+12    -2.129182e+10
 389.000    -1.023779e+11    -1.144636e+11
 389.600     4.372417e+11    -2.135617e+11
 390.200     1.489466e+11    -9.442892e+10
 390.800     3.382666e+11     7.455436e+10
 391.400     1.893344e+11     9.327388e+10
 392.000    -3.792234e+11     1.494666e+11
 392.600    -5.466781e+11     2.353019e+11
 393.200    -5.207045e+11     2.296357e+11
 393.800     4.664161e+11     2.876242e+11
 394.400     4.770286e+11     9.768813e+10
 395.000    -4.077222e+11     2.318324e+10
 395.600    -9.889927e+11     8.589241e+10
 396.200    -4.614263e+11     1.518029e+11
 396.800     7.435657e+11     1.128537e+10
 397.400     2.171000e+11     1.494313e+10
 398.000     2.189186e+11     1.328477e+11
 398.600     9.803718e+11     1.575503e+11
 399.200     4.965062e+11     4.937192e+10
 399.800     5.612001e+11     7.065529e+10
 400.400     5.927325e+11     4.373667e+10
 401.000     4.014740e+11     3.076339e+10
 401.600     2.312014e+11     1.187097e+11
 402.200     2.639117e+11     1.943306e+11
 402.800     5.958006e+11     3.553907e+11
 403.400     9.710454e+11     3.687291e+11
 404.000     6.446638e+11     1.832138e+11
 404.600    -8.613612e+10     5.500515e+10
 405.200    -1.019226e+10    -2.159265e+09
 405.800    -1.784898e+11     4.346159e+10
 406.400    -4.527478e+11     3.902120e+10
 407.000    -5.521910e+11     5.418230e+10
 407.600    -2.873724e+11     1.161470e+11
 408.200    -1.712753e+11     6.546847e+10
 408.800    -6.395912e+10     9.583452e+10
 409.400    -1.498366e+11     1.322565e+11
 410.000    -1.362147e+11     7.653063e+10
 410.600    -3.259368e+10     9.495255e+10
 411.200    -4.167876e+10     1.143578e+11
 411.800    -1.773975e+11     9.325418e+10
 412.400    -1.970774e+11     1.531103e+11
 413.000     1.522163e+11     1.332547e+11
 413.600     1.219802e+11     1.409325e+11
 414.200     9.506958e+09     1.190391e+11
 414.800     2.526014e+11     1.347045e+11
 415.400     1.902996e+11     1.181483e+11
 416.000     7.421171e+10     1.023610e+11
 416.600    -1.659807e+11     1.025572e+11
 417.200    -2.939986e+11     1.379094e+11
 417.800     1.431087e+11     1.333025e+11
 418.400     9.341585e+10     9.142268e+10
 419.000    -1.947762e+11     5.370935e+10
 419.600     2.911609e+10     1.396504e+10
 420.200     1.911245e+10     4.806727e+10
 420.800    -1.093009e+11     8.051737e+10
 421.400    -1.649861e+11     9.540258e+10
 422.000    -3.885028e+10     1.431570e+11
 422.600     2.993773e+11     1.456898e+11
 423.200     3.044487e+11     1.146288e+11
 423.800     3.790388e+11     1.280578e+11
 424.400     3.196315e+11     9.513956e+10
 425.000     2.431729e+11     1.269868e+11
 425.600     3.006445e+11     1.486064e+11
 426.200     3.156653e+11     1.454783e+11
 426.800     1.796706e+11     1.597868e+11
 427.400     6.450768e+10     1.660225e+11
 428.000     8.013088e+10     1.553396e+11
 428.600     8.082101e+10     1.857507e+11
 429.200     1.012506e+11     1.488602e+11
 429.800     1.952443e+11     1.002463e+11
 430.400     9.108888e+10     8.047514e+10
 431.000    -1.982550e+10     1.106622e+11
 431.600     2.692988e+10     1.473721e+11
 432.200     2.933648e+10     1.456122e+11
 432.800     1.196958e+11     1.391509e+11
 433.400     2.082695e+11     1.327459e+11
 434.000     2.244940e+11     1.436544e+11
 434.600     2.643227e+11     1.677297e+11
 435.200     1.658214e+11     1.741299e+11
 435.800     1.288127e+11     1.795757e+11
 436.400     1.509314e+11     1.696139e+11
 437.000     2.036626e+11     1.479553e+11
 437.600     1.532048e+11     1.504142e+11
 438.200     2.268788e+11     1.643860e+11
 438.800     2.260685e+11     1.668598e+11
 439.400     1.775371e+11     1.869093e+11
 440.000     1.327938e+11     1.662630e+11
 440.600     9.234084e+10     1.815138e+11
 441.200     1.917092e+11     1.702312e+11
 441.800     1.926013e+11     1.579167e+11
 442.400     1.498077e+11     1.711799e+11
 443.000     1.720189e+11     1.773738e+11
 443.600     1.857671e+11     1.650754e+11
 444.200     1.881062e+11     1.811647e+11
 444.800     8.230302e+10     1.759996e+11
 445.400     6.698788e+10     1.756211e+11
 446.000     1.847416e+11     1.875319e+11
 446.600     3.235804e+11     1.978090e+11
 447.200     3.172937e+11     2.037640e+11
 447.800     2.650366e+11     1.925007e+11
 448.400     2.386693e+11     1.722851e+11
 449.000     2.090352e+11     1.545501e+11
 449.600     1.920052e+11     1.810573e+11
 450.200     1.854301e+11     2.098802e+11
 450.800     1.629250e+11     1.948892e+11
 451.400     1.933710e+11     1.945755e+11
 452.000     2.232444e+11     1.865747e+11
 452.600     2.683288e+11     1.775331e+11
 453.200     2.438919e+11     1.862425e+11
 453.800     1.500148e+11     1.932918e+11
 454.400     1.468811e+11     1.836899e+11
 455.000     1.028448e+11     1.950083e+11
 455.600     1.632246e+11     2.179727e+11
 456.200     2.423858e+11     2.233156e+11
 456.800     1.985385e+11     2.086918e+11
 457.400     1.370729e+11     1.943990e+11
 458.000     1.491067e+11     1.876738e+11
 458.600     1.599581e+11     1.972834e+11
 459.200     1.678347e+11     1.870087e+11
 459.800     1.913513e+11     1.905936e+11
 460.400     2.687905e+11     2.151720e+11
 461.000     2.721297e+11     2.278730e+11
 461.600     2.356305e+11     2.288069e+11
 462.200     2.114624e+11     2.132621e+11
 462.800     2.651508e+11     2.127626e+11
 463.400     2.632095e+11     2.181778e+11
 464.000     1.879606e+11     2.195509e+11
 464.600     1.794269e+11     2.313277e+11
 465.200     2.654910e+11     2.395276e+11
 465.800     2.905866e+11     2.489050e+11
 466.400     2.305105e+11     2.390816e+11
 467.000     1.691261e+11     2.269018e+11
 467.600     2.327815e+11     2.291519e+11
 468.200     2.903457e+11     2.321071e+11
 468.800     2.730105e+11     2.325479e+11
 469.400     2.193679e+11     2.349311e+11
 470.000     2.904068e+11     2.453100e+11
 470.600     3.177433e+11     2.680577e+11
 471.200     3.290838e+11     2.506617e+11
 471.800     2.941643e+11     2.171378e+11
 472.400     3.292543e+11     2.322897e+11
 473.000     3.281817e+11     2.497677e+11
 473.600     1.897338e+11     2.362430e+11
 474.200     1.541668e+11     2.394749e+11
 474.800     2.272167e+11     2.510631e+11
 475.400     2.507679e+11     2.420504e+11
 476.000     2.539346e+11     2.332734e+11
 476.600     2.575976e+11     2.416736e+11
 477.200     2.724864e+11     2.494697e+11
 477.800     2.370281e+11     2.379889e+11
 478.400     1.636879e+11     2.360564e+11
 479.000     1.738118e+11     2.604072e+11
 479.600     2.671154e+11     2.712039e+11
 480.200     2.789228e+11     2.698715e+11
 480.800     2.373257e+11     2.556282e+11
 481.400     2.647647e+11     2.261139e+11
 482.000     2.900992e+11     2.364337e+11
 482.600     3.095253e+11     2.475372e+11
 483.200     2.893680e+11     2.501807e+11
 483.800     2.537641e+11     2.497790e+11
 484.400     3.058462e+11     2.610112e+11
 485.000     3.127527e+11     2.559302e+11
 485.600     2.799507e+11     2.455622e+11
 486.200     2.277367e+11     2.584864e+11
 486.800     3.057879e+11     2.771267e+11
 487.400     3.245079e+11     2.811440e+11
 488.000     2.714979e+11     2.810760e+11
 488.600     3.045022e+11     2.874686e+11
 489.200     3.507472e+11     2.772019e+11
 489.800     2.982971e+11     2.684715e+11
 490.400     2.674685e+11     2.668950e+11
 491.000     2.756137e+11     2.608769e+11
 491.600     3.274735e+11     2.691343e+11
 492.200     3.067769e+11     2.669891e+11
 492.800     2.838719e+11     2.660513e+11
 493.400     2.933302e+11     2.722274e+11
 494.000     2.809393e+11     2.759761e+11
 494.600     3.473883e+11     2.777243e+11
 495.200     3.056460e+11     2.761973e+11
 495.800     2.356309e+11     2.732333e+11
 496.400     2.808295e+11     2.832876e+11
 497.000     2.744551e+11     2.826622e+11
 497.600     2.710800e+11     2.871774e+11
 498.200     2.796387e+11     2.923791e+11
 498.800     2.642523e+11     2.900642e+11
 499.400     2.748041e+11     2.937622e+11
 500.000     2.837971e+11     3.034686e+11
 500.600     3.099585e+11     3.116858e+11
 501.200     2.748596e+11     3.092104e+11
 501.800     2.369577e+11     3.100723e+11
 502.400     3.043188e+11     3.113508e+11
 503.000     3.142890e+11     3.137976e+11
 503.600     3.112370e+11     3.158788e+11
 504.200     3.419935e+11     3.121953e+11
 504.800     3.109836e+11     3.133367e+11
 505.400     3.464242e+11     3.002605e+11
 506.000     3.648421e+11     2.960690e+11
 506.600     3.376581e+11     2.981885e+11
 507.200     4.123170e+11     3.012096e+11
 507.800     4.153405e+11     3.261045e+11
 508.400     3.586121e+11     3.320534e+11
 509.000     3.506097e+11     3.208006e+11
 509.600     3.682602e+11     3.131742e+11
 510.200     3.690453e+11     3.131026e+11
 510.800     3.292374e+11     3.142911e+11
 511.400     3.177501e+11     3.066558e+11
 512.000     3.193717e+11     3.087395e+11
 512.600     3.508115e+11     3.058217e+11
 513.200     2.882862e+11     3.067017e+11
 513.800     2.894376e+11     3.075647e+11
 514.400     3.295270e+11     3.102778e+11
 515.000     3.019098e+11     3.030777e+11
 515.600     2.933483e+11     3.011054e+11
 516.200     3.011179e+11     2.993652e+11
 516.800     3.397261e+11     3.180534e+11
 517.400     4.148519e+11     3.412809e+11
 518.000     4.455787e+11     3.588260e+11
 518.600     3.555849e+11     3.560346e+11
 519.200     2.905717e+11     3.385079e+11
 519.800     3.900326e+11     3.299891e+11
 520.400     4.157660e+11     3.330464e+11
 521.000     3.714112e+11     3.285292e+11
 521.600     4.095115e+11     3.405722e+11
 522.200     4.446666e+11     3.408232e+11
 522.800     3.960230e+11     3.364652e+11
 523.400     3.341548e+11     3.499151e+11
 524.000     3.078366e+11     3.362131e+11
 524.600     3.750569e+11     3.256742e+11
 525.200     4.126814e+11     3.363804e+11
 525.800     3.942490e+11     3.430295e+11
 526.400     3.541130e+11     3.617498e+11
 527.000     3.721335e+11     3.750123e+11
 527.600     4.010043e+11     3.725631e+11
 528.200     3.592898e+11     3.707376e+11
 528.800     3.509616e+11     3.545747e+11
 529.400     4.044401e+11     3.398017e+11
 530.000     4.041718e+11     3.404069e+11
 530.600     3.636509e+11     3.370938e+11
 531.200     3.788892e+11     3.432873e+11
 531.800     3.926484e+11     3.494019e+11
 532.400     3.840571e+11     3.633356e+11
 533.000     3.588470e+11     3.806222e+11
 533.600     3.266965e+11     3.615118e+11
 534.200     3.289289e+11     3.689266e+11
 534.800     3.774881e+11     3.672182e+11
 535.400     3.155338e+11     3.557925e+11
 536.000     3.160144e+11     3.547138e+11
 536.600     3.143643e+11     3.612877e+11
 537.200     3.293902e+11     3.579988e+11
 537.800     3.147375e+11     3.629081e+11
 538.400     2.475618e+11     3.537908e+11
 539.000     2.847631e+11     3.504536e+11
 539.600     3.710899e+11     3.586949e+11
 540.200     3.975315e+11     3.661544e+11
 540.800     4.394005e+11     3.717784e+11
 541.400     4.241405e+11     3.736811e+11
 542.000     3.664734e+11     3.836043e+11
 542.600     3.599907e+11     3.880745e+11
 543.200     3.105239e+11     3.746294e+11
 543.800     3.514289e+11     3.593312e+11
 544.400     2.975615e+11     3.506623e+11
 545.000     3.267801e+11     3.663402e+11
 545.600     3.276649e+11     3.577313e+11
 546.200     2.508596e+11     3.556264e+11
 546.800     2.334906e+11     3.656976e+11
 547.400     2.374113e+11     3.734169e+11
 548.000     3.178000e+11     3.805812e+11
 548.600     3.503724e+11     3.843077e+11
 549.200     3.829512e+11     3.827336e+11
 549.800     3.708651e+11     3.728136e+11
 550.400     3.579807e+11     3.656722e+11
 551.000     3.513058e+11     3.856196e+11
 551.600     2.956753e+11     3.838356e+11
 552.200     3.309177e+11     3.940692e+11
 552.800     3.764822e+11     3.926624e+11
 553.400     3.498463e+11     3.839015e+11
 554.000     3.779441e+11     3.917201e+11
 554.600     3.794595e+11     3.820113e+11
 555.200     3.493625e+11     3.577366e+11
 555.800     3.361218e+11     3.611269e+11
 556.400     3.478186e+11     3.661371e+11
 557.000     3.772258e+11     3.782075e+11
 557.600     4.001252e+11     3.780551e+11
 558.200     3.544263e+11     3.743853e+11
 558.800     3.691482e+11     3.715271e+11
 559.400     3.834374e+11     3.925116e+11
 560.000     3.952508e+11     3.922852e+11
 560.600     3.808229e+11     3.815118e+11
 561.200     3.391827e+11     3.829681e+11
 561.800     3.714209e+11     3.860113e+11
 562.400     3.439750e+11     3.803893e+11
 563.000     2.715972e+11     3.807195e+11
 563.600     2.658992e+11     3.907240e+11
 564.200     3.365155e+11     3.923455e+11
 564.800     3.360804e+11     3.860962e+11
 565.400     3.289772e+11     3.914177e+11
 566.000     3.107761e+11     3.947734e+11
 566.600     3.433303e+11     3.919578e+11
 567.200     2.993351e+11     3.777410e+11
 567.800     2.877843e+11     3.737475e+11
 568.400     3.539943e+11     3.838524e+11
 569.000     3.703165e+11     3.882896e+11
 569.600     3.648474e+11     3.861750e+11
 570.200     3.182058e+11     3.803383e+11
 570.800     3.561190e+11     3.879538e+11
 571.400     4.317243e+11     4.003206e+11
 572.000     3.988503e+11     3.855697e+11
 572.600     3.474518e+11     3.793336e+11
 573.200     3.833968e+11     3.790179e+11
 573.800     4.069207e+11     3.669974e+11
 574.400     4.102820e+11     3.703246e+11
 575.000     3.757346e+11     3.835150e+11
 575.600     3.582779e+11     3.833787e+11
 576.200     3.715532e+11     3.851587e+11
 576.800     3.843757e+11     3.816670e+11
 577.400     3.592206e+11     3.784432e+11
 578.000     3.698898e+11     3.896248e+11
 578.600     3.764867e+11     3.825989e+11
 579.200     3.946275e+11     3.773011e+11
 579.800     3.853501e+11     3.799107e+11
 580.400     4.201727e+11     3.827280e+11
 581.000     4.089054e+11     3.899470e+11
 581.600     3.945012e+11     3.912021e+11
 582.200     3.789958e+11     3.892202e+11
 582.800     3.570018e+11     4.022518e+11
 583.400     4.106142e+11     3.992351e+11
 584.000     4.300219e+11     3.929327e+11
 584.600     3.920531e+11     3.979611e+11
 585.200     3.833103e+11     3.869512e+11
 585.800     3.721239e+11     3.929637e+11
 586.400     3.478946e+11     4.081698e+11
 587.000     3.519409e+11     4.056594e+11
 587.600     3.837266e+11     4.280633e+11
 588.200     4.169010e+11     4.249030e+11
 588.800     4.085225e+11     4.005595e+11
 589.400     3.682124e+11     4.133120e+11
 590.000     4.018271e+11     4.289718e+11
 590.600     4.216925e+11     3.998320e+11
 591.200     4.122221e+11     4.069456e+11
 591.800     3.747078e+11     4.078875e+11
 592.400     3.991394e+11     4.094805e+11
 593.000     3.968173e+11     4.152842e+11
 593.600     4.066154e+11     4.229975e+11
 594.200     4.175915e+11     4.104059e+11
 594.800     4.070650e+11     4.144811e+11
 595.400     4.155099e+11     3.982325e+11
 596.000     4.124791e+11     4.099478e+11
 596.600     3.689528e+11     4.178396e+11
 597.200     3.290910e+11     4.078159e+11
 597.800     3.567701e+11     4.175175e+11
 598.400     3.894740e+11     4.167570e+11
 599.000     4.085294e+11     4.027546e+11
 599.600     4.224859e+11     3.933759e+11
 600.200     4.278634e+11     3.995750e+11
 600.800     4.030007e+11     4.095493e+11
 601.400     3.612978e+11     4.121831e+11
 602.000     3.607159e+11     4.220757e+11
 602.600     3.619509e+11     4.192159e+11
 603.200     4.252030e+11     4.143162e+11
 603.800     5.395347e+11     4.184059e+11
 604.400     3.681174e+11     4.055661e+11
 605.000     3.945124e+11     3.932484e+11
 605.600     4.041509e+11     4.027240e+11
 606.200     3.517796e+11     4.114190e+11
 606.800     3.870835e+11     4.038477e+11
 607.400     3.988479e+11     3.960053e+11
 608.000     3.843556e+11     3.902675e+11
 608.600     4.096993e+11     3.926990e+11
 609.200     3.780547e+11     3.870264e+11
 609.800     3.587528e+11     3.868575e+11
 610.400     3.601580e+11     4.008249e+11
 611.000     3.616843e+11     4.042189e+11
 611.600     3.327230e+11     3.898525e+11
 612.200     3.723994e+11     3.955046e+11
 612.800     3.919043e+11     4.004300e+11
 613.400     3.930481e+11     4.032010e+11
 614.000     3.545473e+11     4.033622e+11
 614.600     3.673525e+11     4.129931e+11
 615.200     3.717350e+11     4.172657e+11
 615.800     3.702305e+11     4.138963e+11
 616.400     4.115774e+11     4.038203e+11
 617.000     3.757696e+11     4.118018e+11
 617.600     3.512366e+11     4.126215e+11
 618.200     3.597354e+11     4.188330e+11
 618.800     3.554233e+11     4.178702e+11
 619.400     3.477285e+11     4.192919e+11
 620.000     3.753714e+11     4.216563e+11
 620.600     4.015328e+11     4.082502e+11
 621.200     3.471622e+11     3.962872e+11
 621.800     3.769411e+11     4.139844e+11
 622.400     4.103974e+11     4.026472e+11
 623.000     4.071656e+11     3.939976e+11
 623.600     3.988949e+11     3.984947e+11
 624.200     4.262817e+11     4.165032e+11
 624.800     3.610283e+11     3.939554e+11
 625.400     3.545043e+11     3.910554e+11
 626.000     3.933087e+11     4.070912e+11
 626.600     4.075991e+11     3.982156e+11
 627.200     4.521450e+11     3.996458e+11
 627.800     5.031232e+11     4.060801e+11
 628.400     4.606312e+11     3.985901e+11
 629.000     4.041843e+11     3.864095e+11
 629.600     4.054467e+11     3.786857e+11
 630.200     4.474259e+11     3.813079e+11
 630.800     4.194427e+11     4.050300e+11
 631.400     4.640179e+11     4.056104e+11
 632.000     6.160661e+11     3.994145e+11
 632.600     5.687923e+11     3.972951e+11
 633.200     4.935901e+11     3.981195e+11
 633.800     4.201087e+11     3.811880e+11
 634.400     3.792641e+11     3.813276e+11
 635.000     3.699397e+11     3.915444e+11
 635.600     3.766359e+11     3.952154e+11
 636.200     4.033421e+11     4.082032e+11
 636.800     4.788006e+11     3.965667e+11
 637.400     4.619861e+11     4.057451e+11
 638.000     4.808790e+11     4.073498e+11
 638.600     4.116225e+11     4.023829e+11
 639.200     3.659807e+11     4.165209e+11
 639.800     4.370659e+11     4.433096e+11
 640.400     4.090586e+11     4.439929e+11
 641.000     3.838866e+11     4.287208e+11
 641.600     4.359841e+11     4.077576e+11
 642.200     4.337174e+11     3.981694e+11
 642.800     4.314246e+11     4.037226e+11
 643.400     3.565735e+11     3.811659e+11
 644.000     3.362770e+11     3.681830e+11
 644.600     3.863624e+11     3.949331e+11
 645.200     4.830833e+11     4.054322e+11
 645.800     4.939339e+11     3.960017e+11
 646.400     4.585669e+11     4.142611e+11
 647.000     4.072726e+11     3.969162e+11
 647.600     3.651993e+11     3.784674e+11
 648.200     3.350424e+11     3.601524e+11
 648.800     3.816389e+11     3.553891e+11
 649.400     4.392091e+11     3.793505e+11
 650.000     4.004827e+11     3.872299e+11
