501
 350.000     0.000000e+00     5.990367e+11
 350.600     0.000000e+00    -2.459935e+11
 351.200     0.000000e+00    -2.517519e+11
 351.800     0.000000e+00     2.414750e+11
 352.400     0.000000e+00     4.306331e+11
 353.000     0.000000e+00    -4.086845e+10
 353.600     0.000000e+00     3.306747e+10
 354.200     0.000000e+00     1.642208e+11
 354.800     0.000000e+00    -3.116961e+10
 355.400     0.000000e+00    -5.344492e+10
 356.000     0.000000e+00    -3.164191e+10
 356.600     0.000000e+00    -7.226089e+10
 357.200     0.000000e+00    -6.150061e+11
 357.800     0.000000e+00    -8.938466e+11
 358.400     0.000000e+00    -6.479696e+11
 359.000     0.000000e+00    -1.477140e+11
 359.600     0.000000e+00    -4.375559e+11
 360.200     0.000000e+00    -4.071129e+11
 360.800     0.000000e+00    -3.829661e+11
 361.400     0.000000e+00    -1.531735e+11
 362.000     0.000000e+00     1.282144e+10
 362.600     0.000000e+00    -1.345238e+11
 363.200     0.000000e+00    -1.390981e+11
 363.800     0.000000e+00     1.605711e+11
 364.400     0.000000e+00     1.743275e+11
 365.000     0.000000e+00     5.768615e+10
 365.600     0.000000e+00     6.671046e+10
 366.200     0.000000e+00     9.631320e+10
 366.800     0.000000e+00     5.034681e+10
 367.400     0.000000e+00    -3.505179e+10
 368.000     0.000000e+00     3.089429e+10
 368.600     0.000000e+00     2.140925e+11
 369.200     0.000000e+00     6.921078e+08
 369.800     0.000000e+00    -1.261027e+11
 370.400     0.000000e+00    -3.789174e+09
 371.000     0.000000e+00     3.043790e+10
 371.600     0.000000e+00     1.079640e+11
 372.200     0.000000e+00     2.587952e+11
 372.800     0.000000e+00     1.795707e+11
 373.400     0.000000e+00     1.492836e+11
 374.000     0.000000e+00    -2.313403e+11
 374.600     0.000000e+00    -8.303021e+10
 375.200     0.000000e+00    -9.778702e+10
 375.800     0.000000e+00     1.222288e+11
 376.400     0.000000e+00     1.597597e+11
 377.000     0.000000e+00     6.809519e+10
 377.600     0.000000e+00     7.452887e+10
 378.200     0.000000e+00     1.101852e+11
 378.800     0.000000e+00    -1.322135e+11
 379.400     0.000000e+00    -3.308184e+11
 380.000     0.000000e+00    -2.823521e+11
 380.600     0.000000e+00    -2.286170e+11
 381.200     0.000000e+00    -2.289516e+11
 381.800     0.000000e+00    -1.578485e+11
 382.400     1.066197e+09    -1.627511e+11
 383.000     4.757409e+09    -3.554625e+10
 383.600     8.431354e+09     5.271052e+10
 384.200     1.208644e+10     1.190065e+11
 384.800     1.572111e+10    -4.198958e+10
 385.400     1.933524e+10    -4.115768e+10
 386.000     2.292660e+10     4.080401e+10
 386.600     2.649373e+10    -1.352504e+11
 387.200     3.003655e+10    -6.128477e+10
 387.800     3.355224e+10     3.913996e+10
 388.400     3.704146e+10    -9.452309e+09
 389.000     4.050076e+10    -8.482422e+10
 389.600     4.393083e+10    -1.632276e+11
 390.200     4.732963e+10    -6.788072e+10
 390.800     5.069651e+10     7.008659e+10
 391.400     5.402949e+10     8.602475e+10
 392.000     5.732796e+10     1.323384e+11
 392.600     6.059064e+10     2.031386e+11
 393.200     6.381695e+10     2.002890e+11
 393.800     6.700563e+10     2.484124e+11
 394.400     7.015547e+10     9.282828e+10
 395.000     7.326655e+10     3.263530e+10
 395.600     7.633701e+10     8.418252e+10
 396.200     7.936633e+10     1.381553e+11
 396.800     8.235395e+10     2.382983e+10
 397.400     8.529935e+10     2.710496e+10
 398.000     8.820136e+10     1.253600e+11
 398.600     9.106072e+10     1.465068e+11
 399.200     9.387565e+10     5.672466e+10
 399.800     9.664688e+10     7.501386e+10
 400.400     9.937327e+10     5.292825e+10
 401.000     1.020549e+11     4.215727e+10
 401.600     1.046913e+11     1.163667e+11
 402.200     1.072831e+11     1.859194e+11
 402.800     1.098299e+11     3.314320e+11
 403.400     1.123323e+11     3.438965e+11
 404.000     1.147897e+11     1.766718e+11
 404.600     1.172023e+11     6.097416e+10
 405.200     1.195706e+11     9.562064e+09
 405.800     1.218955e+11     5.082696e+10
 406.400     1.241768e+11     4.702354e+10
 407.000     1.264158e+11     6.097308e+10
 407.600     1.286119e+11     1.173060e+11
 408.200     1.307664e+11     7.148376e+10
 408.800     1.328803e+11     9.925202e+10
 409.400     1.349537e+11     1.325075e+11
 410.000     1.369877e+11     8.203874e+10
 410.600     1.389828e+11     9.895069e+10
 411.200     1.409407e+11     1.167458e+11
 411.800     1.428619e+11     9.776301e+10
 412.400     1.447469e+11     1.523737e+11
 413.000     1.465979e+11     1.344287e+11
 413.600     1.484143e+11     1.415929e+11
 414.200     1.501986e+11     1.217979e+11
 414.800     1.519514e+11     1.362246e+11
 415.400     1.536736e+11     1.212324e+11
 416.000     1.553662e+11     1.069156e+11
 416.600     1.570307e+11     1.072305e+11
 417.200     1.586686e+11     1.397082e+11
 417.800     1.602801e+11     1.356288e+11
 418.400     1.618668e+11     9.742747e+10
 419.000     1.634295e+11     6.287331e+10
 419.600     1.649702e+11     2.664780e+10
 420.200     1.664892e+11     5.799505e+10
 420.800     1.679884e+11     8.779126e+10
 421.400     1.694674e+11     1.015915e+11
 422.000     1.709288e+11     1.454673e+11
 422.600     1.723728e+11     1.479158e+11
 423.200     1.738007e+11     1.195335e+11
 423.800     1.752137e+11     1.318886e+11
 424.400     1.766121e+11     1.017651e+11
 425.000     1.779971e+11     1.310837e+11
 425.600     1.793695e+11     1.510853e+11
 426.200     1.807305e+11     1.483025e+11
 426.800     1.820808e+11     1.615449e+11
 427.400     1.834205e+11     1.673767e+11
 428.000     1.847513e+11     1.576520e+11
 428.600     1.860735e+11     1.857758e+11
 429.200     1.873882e+11     1.518426e+11
 429.800     1.886949e+11     1.072050e+11
 430.400     1.899954e+11     8.901384e+10
 431.000     1.912892e+11     1.169692e+11
 431.600     1.925775e+11     1.508591e+11
 432.200     1.938604e+11     1.493246e+11
 432.800     1.951390e+11     1.434859e+11
 433.400     1.964129e+11     1.376085e+11
 434.000     1.976826e+11     1.477372e+11
 434.600     1.989483e+11     1.701256e+11
 435.200     2.002111e+11     1.760872e+11
 435.800     2.014709e+11     1.812092e+11
 436.400     2.027274e+11     1.720858e+11
 437.000     2.039812e+11     1.521153e+11
 437.600     2.052322e+11     1.544758e+11
 438.200     2.064811e+11     1.674658e+11
 438.800     2.077274e+11     1.698418e+11
 439.400     2.089717e+11     1.885371e+11
 440.000     2.102140e+11     1.694401e+11
 440.600     2.114539e+11     1.836754e+11
 441.200     2.126918e+11     1.733096e+11
 441.800     2.139275e+11     1.619904e+11
 442.400     2.151613e+11     1.744109e+11
 443.000     2.163928e+11     1.801766e+11
 443.600     2.176227e+11     1.688231e+11
 444.200     2.188499e+11     1.838458e+11
 444.800     2.200754e+11     1.791373e+11
 445.400     2.212984e+11     1.788311e+11
 446.000     2.225188e+11     1.899671e+11
 446.600     2.237372e+11     1.996019e+11
 447.200     2.249526e+11     2.052315e+11
 447.800     2.261661e+11     1.948268e+11
 448.400     2.273763e+11     1.760280e+11
 449.000     2.285841e+11     1.595888e+11
 449.600     2.297890e+11     1.843811e+11
 450.200     2.309907e+11     2.113074e+11
 450.800     2.321892e+11     1.973919e+11
 451.400     2.333850e+11     1.971663e+11
 452.000     2.345772e+11     1.897599e+11
 452.600     2.357662e+11     1.814095e+11
 453.200     2.369517e+11     1.896005e+11
 453.800     2.381332e+11     1.962193e+11
 454.400     2.393116e+11     1.873037e+11
 455.000     2.404861e+11     1.979469e+11
 455.600     2.416572e+11     2.194944e+11
 456.200     2.428239e+11     2.245554e+11
 456.800     2.439868e+11     2.109294e+11
 457.400     2.451459e+11     1.976172e+11
 458.000     2.463012e+11     1.913540e+11
 458.600     2.474518e+11     2.004166e+11
 459.200     2.485986e+11     1.908547e+11
 459.800     2.497413e+11     1.942799e+11
 460.400     2.508799e+11     2.173913e+11
 461.000     2.520143e+11     2.293701e+11
 461.600     2.531442e+11     2.303024e+11
 462.200     2.542700e+11     2.157804e+11
 462.800     2.553918e+11     2.153893e+11
 463.400     2.565091e+11     2.205085e+11
 464.000     2.576225e+11     2.218601e+11
 464.600     2.587313e+11     2.329825e+11
 465.200     2.598363e+11     2.407500e+11
 465.800     2.609368e+11     2.496297e+11
 466.400     2.620335e+11     2.404684e+11
 467.000     2.631258e+11     2.290778e+11
 467.600     2.642142e+11     2.312568e+11
 468.200     2.652988e+11     2.340959e+11
 468.800     2.663791e+11     2.345629e+11
 469.400     2.674560e+11     2.368565e+11
 470.000     2.685286e+11     2.466797e+11
 470.600     2.695975e+11     2.681482e+11
 471.200     2.706625e+11     2.518328e+11
 471.800     2.717243e+11     2.203190e+11
 472.400     2.727823e+11     2.346461e+11
 473.000     2.738369e+11     2.511662e+11
 473.600     2.748879e+11     2.384751e+11
 474.200     2.759355e+11     2.415910e+11
 474.800     2.769799e+11     2.525647e+11
 475.400     2.780209e+11     2.441203e+11
 476.000     2.790587e+11     2.359032e+11
 476.600     2.800937e+11     2.439014e+11
 477.200     2.811254e+11     2.512857e+11
 477.800     2.821543e+11     2.405251e+11
 478.400     2.831804e+11     2.387485e+11
 479.000     2.842036e+11     2.617679e+11
 479.600     2.852240e+11     2.720015e+11
 480.200     2.862415e+11     2.708018e+11
 480.800     2.872562e+11     2.574220e+11
 481.400     2.882686e+11     2.296042e+11
 482.000     2.892784e+11     2.393874e+11
 482.600     2.902855e+11     2.499159e+11
 483.200     2.912901e+11     2.524658e+11
 483.800     2.922927e+11     2.521434e+11
 484.400     2.932923e+11     2.628085e+11
 485.000     2.942896e+11     2.580559e+11
 485.600     2.952843e+11     2.483085e+11
 486.200     2.962765e+11     2.605717e+11
 486.800     2.972667e+11     2.782539e+11
 487.400     2.982543e+11     2.820839e+11
 488.000     2.992394e+11     2.820733e+11
 488.600     3.002219e+11     2.881668e+11
 489.200     3.012022e+11     2.785129e+11
 489.800     3.021795e+11     2.703104e+11
 490.400     3.031546e+11     2.688564e+11
 491.000     3.041270e+11     2.632072e+11
 491.600     3.050968e+11     2.710741e+11
 492.200     3.060634e+11     2.690980e+11
 492.800     3.070278e+11     2.682651e+11
 493.400     3.079889e+11     2.741542e+11
 494.000     3.089468e+11     2.777598e+11
 494.600     3.099019e+11     2.794569e+11
 495.200     3.108542e+11     2.780851e+11
 495.800     3.118028e+11     2.753120e+11
 496.400     3.127480e+11     2.848712e+11
 497.000     3.136899e+11     2.843300e+11
 497.600     3.146280e+11     2.886480e+11
 498.200     3.155626e+11     2.936246e+11
 498.800     3.164930e+11     2.914781e+11
 499.400     3.174194e+11     2.950293e+11
 500.000     3.183419e+11     3.042645e+11
 500.600     3.192600e+11     3.120897e+11
 501.200     3.201736e+11     3.097943e+11
 501.800     3.210824e+11     3.106571e+11
 502.400     3.219862e+11     3.119145e+11
 503.000     3.228855e+11     3.142793e+11
 503.600     3.237794e+11     3.162982e+11
 504.200     3.246682e+11     3.128563e+11
 504.800     3.255511e+11     3.139821e+11
 505.400     3.264289e+11     3.016380e+11
 506.000     3.273003e+11     2.977112e+11
 506.600     3.281657e+11     2.997647e+11
 507.200     3.290250e+11     3.026771e+11
 507.800     3.298778e+11     3.263039e+11
 508.400     3.307240e+11     3.319832e+11
 509.000     3.315632e+11     3.213665e+11
 509.600     3.323954e+11     3.141843e+11
 510.200     3.332201e+11     3.141580e+11
 510.800     3.340376e+11     3.153270e+11
 511.400     3.348476e+11     3.081373e+11
 512.000     3.356495e+11     3.101552e+11
 512.600     3.364429e+11     3.074367e+11
 513.200     3.372287e+11     3.083159e+11
 513.800     3.380055e+11     3.091680e+11
 514.400     3.387736e+11     3.117693e+11
 515.000     3.395332e+11     3.049891e+11
 515.600     3.402832e+11     3.031647e+11
 516.200     3.410241e+11     3.015555e+11
 516.800     3.417555e+11     3.192891e+11
 517.400     3.424768e+11     3.413433e+11
 518.000     3.431886e+11     3.580113e+11
 518.600     3.438898e+11     3.554028e+11
 519.200     3.445809e+11     3.388247e+11
 519.800     3.452614e+11     3.307818e+11
 520.400     3.459314e+11     3.337182e+11
 521.000     3.465903e+11     3.294677e+11
 521.600     3.472381e+11     3.409190e+11
 522.200     3.478745e+11     3.411887e+11
 522.800     3.484998e+11     3.370914e+11
 523.400     3.491131e+11     3.498735e+11
 524.000     3.497148e+11     3.369094e+11
 524.600     3.503045e+11     3.269416e+11
 525.200     3.508822e+11     3.371266e+11
 525.800     3.514478e+11     3.434629e+11
 526.400     3.520010e+11     3.612485e+11
 527.000     3.525413e+11     3.738541e+11
 527.600     3.530695e+11     3.715599e+11
 528.200     3.535847e+11     3.698527e+11
 528.800     3.540870e+11     3.545497e+11
 529.400     3.545764e+11     3.405575e+11
 530.000     3.550528e+11     3.411562e+11
 530.600     3.555158e+11     3.380382e+11
 531.200     3.559659e+11     3.439377e+11
 531.800     3.564026e+11     3.497618e+11
 532.400     3.568259e+11     3.630013e+11
 533.000     3.572359e+11     3.794329e+11
 533.600     3.576325e+11     3.613143e+11
 534.200     3.580158e+11     3.683760e+11
 534.800     3.583857e+11     3.667723e+11
 535.400     3.587420e+11     3.559404e+11
 536.000     3.590849e+11     3.549321e+11
 536.600     3.594142e+11     3.611946e+11
 537.200     3.597302e+11     3.580845e+11
 537.800     3.600330e+11     3.627669e+11
 538.400     3.603226e+11     3.541102e+11
 539.000     3.605987e+11     3.509487e+11
 539.600     3.608621e+11     3.588004e+11
 540.200     3.611120e+11     3.659092e+11
 540.800     3.613494e+11     3.712753e+11
 541.400     3.615738e+11     3.731003e+11
 542.000     3.617853e+11     3.825627e+11
 542.600     3.619844e+11     3.868331e+11
 543.200     3.621715e+11     3.740460e+11
 543.800     3.623460e+11     3.594717e+11
 544.400     3.625086e+11     3.512138e+11
 545.000     3.626592e+11     3.661685e+11
 545.600     3.627985e+11     3.579672e+11
 546.200     3.629264e+11     3.559654e+11
 546.800     3.630428e+11     3.655749e+11
 547.400     3.631487e+11     3.729445e+11
 548.000     3.632434e+11     3.797806e+11
 548.600     3.633282e+11     3.833391e+11
 549.200     3.634029e+11     3.818442e+11
 549.800     3.634676e+11     3.723859e+11
 550.400     3.635228e+11     3.655739e+11
 551.000     3.635691e+11     3.846090e+11
 551.600     3.636062e+11     3.829132e+11
 552.200     3.636348e+11     3.926825e+11
 552.800     3.636553e+11     3.913429e+11
 553.400     3.636683e+11     3.829782e+11
 554.000     3.636733e+11     3.904456e+11
 554.600     3.636716e+11     3.811719e+11
 555.200     3.636630e+11     3.580049e+11
 555.800     3.636485e+11     3.612412e+11
 556.400     3.636277e+11     3.660229e+11
 557.000     3.636017e+11     3.775479e+11
 557.600     3.635702e+11     3.774010e+11
 558.200     3.635346e+11     3.738946e+11
 558.800     3.634946e+11     3.711649e+11
 559.400     3.634507e+11     3.912013e+11
 560.000     3.634033e+11     3.909839e+11
 560.600     3.633533e+11     3.806981e+11
 561.200     3.633008e+11     3.820867e+11
 561.800     3.632462e+11     3.849920e+11
 562.400     3.631899e+11     3.796180e+11
 563.000     3.631324e+11     3.799329e+11
 563.600     3.630745e+11     3.894872e+11
 564.200     3.630161e+11     3.910369e+11
 564.800     3.629584e+11     3.850645e+11
 565.400     3.629010e+11     3.901484e+11
 566.000     3.628448e+11     3.933523e+11
 566.600     3.627900e+11     3.906627e+11
 567.200     3.627373e+11     3.770731e+11
 567.800     3.626870e+11     3.732560e+11
 568.400     3.626399e+11     3.829145e+11
 569.000     3.625960e+11     3.871515e+11
 569.600     3.625556e+11     3.851287e+11
 570.200     3.625193e+11     3.795478e+11
 570.800     3.624876e+11     3.868217e+11
 571.400     3.624611e+11     3.986346e+11
 572.000     3.624398e+11     3.845443e+11
 572.600     3.624240e+11     3.785840e+11
 573.200     3.624145e+11     3.782800e+11
 573.800     3.624114e+11     3.667941e+11
 574.400     3.624150e+11     3.699734e+11
 575.000     3.624257e+11     3.825792e+11
 575.600     3.624443e+11     3.824513e+11
 576.200     3.624701e+11     3.841529e+11
 576.800     3.625046e+11     3.808171e+11
 577.400     3.625470e+11     3.777437e+11
 578.000     3.625981e+11     3.884354e+11
 578.600     3.626581e+11     3.817227e+11
 579.200     3.627273e+11     3.766622e+11
 579.800     3.628061e+11     3.791617e+11
 580.400     3.628939e+11     3.818563e+11
 581.000     3.629921e+11     3.887665e+11
 581.600     3.630995e+11     3.899714e+11
 582.200     3.632176e+11     3.880815e+11
 582.800     3.633458e+11     4.005480e+11
 583.400     3.634841e+11     3.976657e+11
 584.000     3.636331e+11     3.916441e+11
 584.600     3.637923e+11     3.964588e+11
 585.200     3.639622e+11     3.859419e+11
 585.800     3.641428e+11     3.916983e+11
 586.400     3.643338e+11     4.062417e+11
 587.000     3.645358e+11     4.038506e+11
 587.600     3.647485e+11     4.252757e+11
 588.200     3.649713e+11     4.222516e+11
 588.800     3.652051e+11     3.990044e+11
 589.400     3.654492e+11     4.112038e+11
 590.000     3.657037e+11     4.261889e+11
 590.600     3.659686e+11     3.983371e+11
 591.200     3.662439e+11     4.051553e+11
 591.800     3.665288e+11     4.060683e+11
 592.400     3.668238e+11     4.075971e+11
 593.000     3.671284e+11     4.131661e+11
 593.600     3.674425e+11     4.205663e+11
 594.200     3.677661e+11     4.085445e+11
 594.800     3.680985e+11     4.124564e+11
 595.400     3.684402e+11     3.969353e+11
 596.000     3.687901e+11     4.081557e+11
 596.600     3.691486e+11     4.157248e+11
 597.200     3.695149e+11     4.061523e+11
 597.800     3.698893e+11     4.154491e+11
 598.400     3.702708e+11     4.147303e+11
 599.000     3.706594e+11     4.013553e+11
 599.600     3.710554e+11     3.924048e+11
 600.200     3.714573e+11     3.983515e+11
 600.800     3.718659e+11     4.079029e+11
 601.400     3.722799e+11     4.104456e+11
 602.000     3.726998e+11     4.199160e+11
 602.600     3.731245e+11     4.172089e+11
 603.200     3.735541e+11     4.125413e+11
 603.800     3.739880e+11     4.164718e+11
 604.400     3.744258e+11     4.042102e+11
 605.000     3.748675e+11     3.924465e+11
 605.600     3.753123e+11     4.015264e+11
 606.200     3.757599e+11     4.098625e+11
 606.800     3.762101e+11     4.026426e+11
 607.400     3.766623e+11     3.951568e+11
 608.000     3.771164e+11     3.896934e+11
 608.600     3.775720e+11     3.920352e+11
 609.200     3.780282e+11     3.866336e+11
 609.800     3.784851e+11     3.864904e+11
 610.400     3.789421e+11     3.998672e+11
 611.000     3.793990e+11     4.031299e+11
 611.600     3.798553e+11     3.894106e+11
 612.200     3.803105e+11     3.948379e+11
 612.800     3.807647e+11     3.995629e+11
 613.400     3.812170e+11     4.022340e+11
 614.000     3.816675e+11     4.024027e+11
 614.600     3.821152e+11     4.116238e+11
 615.200     3.825603e+11     4.157327e+11
 615.800     3.830027e+11     4.125315e+11
 616.400     3.834413e+11     4.029193e+11
 617.000     3.838760e+11     4.105659e+11
 617.600     3.843070e+11     4.113654e+11
 618.200     3.847333e+11     4.173254e+11
 618.800     3.851548e+11     4.164168e+11
 619.400     3.855713e+11     4.178008e+11
 620.000     3.859827e+11     4.200788e+11
 620.600     3.863881e+11     4.072804e+11
 621.200     3.867876e+11     3.958664e+11
 621.800     3.871809e+11     4.127991e+11
 622.400     3.875678e+11     4.019787e+11
 623.000     3.879478e+11     3.937278e+11
 623.600     3.883207e+11     3.980428e+11
 624.200     3.886863e+11     4.152647e+11
 624.800     3.890447e+11     3.937354e+11
 625.400     3.893948e+11     3.909814e+11
 626.000     3.897371e+11     4.063150e+11
 626.600     3.900711e+11     3.978544e+11
 627.200     3.903964e+11     3.992341e+11
 627.800     3.907133e+11     4.053972e+11
 628.400     3.910212e+11     3.982527e+11
 629.000     3.913201e+11     3.866267e+11
 629.600     3.916092e+11     3.792571e+11
 630.200     3.918891e+11     3.817762e+11
 630.800     3.921595e+11     4.044586e+11
 631.400     3.924196e+11     4.050232e+11
 632.000     3.926698e+11     3.991150e+11
 632.600     3.929098e+11     3.970999e+11
 633.200     3.931392e+11     3.978971e+11
 633.800     3.933585e+11     3.817309e+11
 634.400     3.935666e+11     3.818738e+11
 635.000     3.937638e+11     3.916437e+11
 635.600     3.939500e+11     3.951588e+11
 636.200     3.941250e+11     4.075718e+11
 636.800     3.942885e+11     3.964637e+11
 637.400     3.944406e+11     4.052325e+11
 638.000     3.945809e+11     4.067737e+11
 638.600     3.947093e+11     4.020348e+11
 639.200     3.948256e+11     4.155305e+11
 639.800     3.949299e+11     4.410939e+11
 640.400     3.950216e+11     4.417496e+11
 641.000     3.951010e+11     4.271897e+11
 641.600     3.951678e+11     4.071816e+11
 642.200     3.952218e+11     3.980346e+11
 642.800     3.952626e+11     4.033343e+11
 643.400     3.952900e+11     3.818114e+11
 644.000     3.953046e+11     3.694181e+11
 644.600     3.953054e+11     3.949501e+11
 645.200     3.952923e+11     4.049689e+11
 645.800     3.952654e+11     3.959677e+11
 646.400     3.952241e+11     4.133811e+11
 647.000     3.951685e+11     3.968355e+11
 647.600     3.950986e+11     3.792344e+11
 648.200     3.950134e+11     3.617769e+11
 648.800     3.949133e+11     3.572259e+11
 649.400     3.947984e+11     3.800779e+11
 650.000     3.946674e+11     3.875786e+11
