Version =  1.64
NumCams = 1
Cam     Date       Time        Roll     Pitch       Yaw
---  ----------  --------  --------  --------  --------
101  04/21/2013  08:00:00      0.00     25.00      0.00
-------------------------------------------------------
Extinction Fit: Multi-Day = 2
Extinction Coef Scale     = 1.008800
Extinction Coef Rayleigh  = 2.846974
Extinction Coef Oxygen2   = 2.846974
Extinction Coef Ozone     = 0.761201
Extinction Coef Dust      = 17.575153
Extinction Coef Water     = 12.857024
-------------------------------------------------------
Number of wavelengths      = 1251
Responsivity normalization = 302172611547.561830
-------------------------------------------------------
Wave(nm)	WeightSum	DayResp	CumResp	SmoothResp	DayExtn	CumExtn
350	0.551910309	0.345127068	0.345127068	0.345127068	0.422052925	0.422052925
350.6	0.552752399	0.345653653	0.345653653	0.345653653	0.423185569	0.423185569
351.2	0.553731149	0.346265697	0.346265697	0.346265697	0.42612897	0.42612897
351.8	0.554258485	0.346595457	0.346595457	0.346595457	0.432320784	0.432320784
352.4	0.55417848	0.346545428	0.346545428	0.346545428	0.436508409	0.436508409
353	0.554076854	0.346481878	0.346481878	0.346481878	0.437177914	0.437177914
353.6	0.554566866	0.346788298	0.346788298	0.346788298	0.437945686	0.437945686
354.2	0.555556237	0.347406983	0.347406983	0.347406983	0.440014543	0.440014543
354.8	0.556396301	0.347932301	0.347932301	0.347932301	0.442683395	0.442683395
355.4	0.556572074	0.348042218	0.348042218	0.348042218	0.444466952	0.444466952
356	0.556407882	0.347939544	0.347939544	0.347939544	0.444982948	0.444982948
356.6	0.556521041	0.348010306	0.348010306	0.348010306	0.447808298	0.447808298
357.2	0.557244099	0.348462456	0.348462456	0.348462456	0.453470241	0.453470241
357.8	0.558239835	0.349085122	0.349085122	0.349085122	0.456787297	0.456787297
358.4	0.559090489	0.349617063	0.349617063	0.349617063	0.457364938	0.457364938
359	0.559777495	0.350046669	0.350046669	0.350046669	0.459020972	0.459020972
359.6	0.560706097	0.350627354	0.350627354	0.350627354	0.461592331	0.461592331
360.2	0.562224694	0.351576981	0.351576981	0.351576981	0.46324238	0.46324238
360.8	0.56405688	0.352722705	0.352722705	0.352722705	0.463634135	0.463634135
361.4	0.565623944	0.35370264	0.35370264	0.35370264	0.464013903	0.464013903
362	0.566568307	0.354293181	0.354293181	0.354293181	0.468076393	0.468076393
362.6	0.567261052	0.354726376	0.354726376	0.354726376	0.474977965	0.474977965
363.2	0.568216665	0.355323951	0.355323951	0.355323951	0.478591311	0.478591311
363.8	0.569699975	0.356251512	0.356251512	0.356251512	0.479646209	0.479646209
364.4	0.571618499	0.357451226	0.357451226	0.357451226	0.48256941	0.48256941
365	0.573856072	0.358850452	0.358850452	0.358850452	0.485036038	0.485036038
365.6	0.576342348	0.360405199	0.360405199	0.360405199	0.484817836	0.484817836
366.2	0.57903718	0.362090363	0.362090363	0.362090363	0.487512915	0.487512915
366.8	0.581946998	0.363909965	0.363909965	0.363909965	0.494537525	0.494537525
367.4	0.585289631	0.36600022	0.36600022	0.36600022	0.498386588	0.498386588
368	0.589341811	0.368534177	0.368534177	0.368534177	0.498155927	0.498155927
368.6	0.594171295	0.371554206	0.371554206	0.371554206	0.499193038	0.499193038
369.2	0.599439453	0.374848554	0.374848554	0.374848554	0.502122904	0.502122904
369.8	0.604786784	0.37819241	0.37819241	0.37819241	0.505072011	0.505072011
370.4	0.610340058	0.381665048	0.381665048	0.381665048	0.506287152	0.506287152
371	0.616658475	0.385616156	0.385616156	0.385616156	0.506101637	0.506101637
371.6	0.624274814	0.390378894	0.390378894	0.390378894	0.509311997	0.509311997
372.2	0.633452033	0.396117701	0.396117701	0.396117701	0.515702727	0.515702727
372.8	0.64434493	0.402929376	0.402929376	0.402929376	0.51862385	0.51862385
373.4	0.656948101	0.41081054	0.41081054	0.41081054	0.518405533	0.518405533
374	0.67082788	0.419490007	0.419490007	0.419490007	0.519764119	0.519764119
374.6	0.685511311	0.428672023	0.428672023	0.428672023	0.52275019	0.52275019
375.2	0.701555955	0.43870525	0.43870525	0.43870525	0.525598621	0.525598621
375.8	0.720752788	0.450709639	0.450709639	0.450709639	0.526552479	0.526552479
376.4	0.744754242	0.465718512	0.465718512	0.465718512	0.5264633	0.5264633
377	0.773223981	0.483521546	0.483521546	0.483521546	0.530278973	0.530278973
377.6	0.80473404	0.503225787	0.503225787	0.503225787	0.53661131	0.53661131
378.2	0.837936059	0.523988066	0.523988066	0.523988066	0.538627897	0.538627897
378.8	0.871821886	0.545177951	0.545177951	0.545177951	0.537724984	0.537724984
379.4	0.905466023	0.5662167	0.5662167	0.5662167	0.538656814	0.538656814
380	0.938148515	0.586654102	0.586654102	0.586654102	0.541303012	0.541303012
380.6	0.969481848	0.606247831	0.606247831	0.606247831	0.544008319	0.544008319
381.2	0.999265779	0.62487267	0.62487267	0.62487267	0.544820325	0.544820325
381.8	1.029533681	0.643800152	0.643800152	0.643800152	0.544918298	0.544918298
382.4	1.06398112	0.665341231	0.665341231	0.665341231	0.549051823	0.549051823
383	1.105173918	0.691100398	0.691100398	0.691100398	0.555273692	0.555273692
383.6	1.149510587	0.718825527	0.718825527	0.718825527	0.557783756	0.557783756
384.2	1.191374836	0.745004573	0.745004573	0.745004573	0.558036528	0.558036528
384.8	1.227393993	0.767528497	0.767528497	0.767528497	0.559370832	0.559370832
385.4	1.259152542	0.787388128	0.787388128	0.787388128	0.561832621	0.561832621
386	1.288852978	0.805960755	0.805960755	0.805960755	0.56437095	0.56437095
386.6	1.31766214	0.82397604	0.82397604	0.82397604	0.565340099	0.565340099
387.2	1.345708748	0.841514477	0.841514477	0.841514477	0.566278977	0.566278977
387.8	1.37296865	0.85856096	0.85856096	0.85856096	0.568909027	0.568909027
388.4	1.398608679	0.874594485	0.874594485	0.874594485	0.572041064	0.572041064
389	1.421427829	0.888864026	0.888864026	0.888864026	0.575216779	0.575216779
389.6	1.440907378	0.901045207	0.901045207	0.901045207	0.577871108	0.577871108
390.2	1.458622432	0.912122994	0.912122994	0.912122994	0.57906799	0.57906799
390.8	1.476510612	0.923309042	0.923309042	0.923309042	0.579829933	0.579829933
391.4	1.494951859	0.93484094	0.93484094	0.93484094	0.582259311	0.582259311
392	1.5122229	0.945641071	0.945641071	0.945641071	0.584988717	0.584988717
392.6	1.526622643	0.954645688	0.954645688	0.954645688	0.586412236	0.586412236
393.2	1.538340318	0.961973123	0.961973123	0.961973123	0.585647733	0.585647733
393.8	1.548739621	0.968476138	0.968476138	0.968476138	0.58660701	0.58660701
394.4	1.558848547	0.974797571	0.974797571	0.974797571	0.592473553	0.592473553
395	1.56817688	0.980630874	0.980630874	0.980630874	0.597401892	0.597401892
395.6	1.575832507	0.985418181	0.985418181	0.985418181	0.597830406	0.597830406
396.2	1.58149318	0.98895798	0.98895798	0.98895798	0.597688008	0.597688008
396.8	1.58588001	0.991701205	0.991701205	0.991701205	0.599032853	0.599032853
397.4	1.589789176	0.99414573	0.99414573	0.99414573	0.601231469	0.601231469
398	1.593393892	0.996399874	0.996399874	0.996399874	0.60353022	0.60353022
398.6	1.59634441	0.998244926	0.998244926	0.998244926	0.605202301	0.605202301
399.2	1.598307732	0.999472654	0.999472654	0.999472654	0.605657112	0.605657112
399.8	1.599151038	1	1	1	0.605528097	0.605528097
400.4	1.598817078	0.999791164	0.999791164	0.999791164	0.608318717	0.608318717
401	1.597416119	0.9989151	0.9989151	0.9989151	0.613982473	0.613982473
401.6	1.595479227	0.9977039	0.9977039	0.9977039	0.617333087	0.617333087
402.2	1.593589252	0.996522039	0.996522039	0.996522039	0.617824054	0.617824054
402.8	1.591944018	0.995493221	0.995493221	0.995493221	0.618439023	0.618439023
403.4	1.590306312	0.994469112	0.994469112	0.994469112	0.619972952	0.619972952
404	1.588416826	0.993287556	0.993287556	0.993287556	0.62197861	0.62197861
404.6	1.586027127	0.991793201	0.991793201	0.991793201	0.623042959	0.623042959
405.2	1.582894413	0.989834215	0.989834215	0.989834215	0.623563502	0.623563502
405.8	1.578924885	0.987351944	0.987351944	0.987351944	0.626107375	0.626107375
406.4	1.574546958	0.984614287	0.984614287	0.984614287	0.629155745	0.629155745
407	1.57029629	0.981956209	0.981956209	0.981956209	0.632402927	0.632402927
407.6	1.566299064	0.979456616	0.979456616	0.979456616	0.634970527	0.634970527
408.2	1.562057072	0.976803964	0.976803964	0.976803964	0.636372151	0.636372151
408.8	1.557055122	0.973676085	0.973676085	0.973676085	0.636182043	0.636182043
409.4	1.551242691	0.970041387	0.970041387	0.970041387	0.637698411	0.637698411
410	1.544895499	0.966072286	0.966072286	0.966072286	0.640013305	0.640013305
410.6	1.538272831	0.961930921	0.961930921	0.961930921	0.641821534	0.641821534
411.2	1.531519563	0.957707888	0.957707888	0.957707888	0.642403743	0.642403743
411.8	1.524745079	0.953471588	0.953471588	0.953471588	0.643618682	0.643618682
412.4	1.518016298	0.949263867	0.949263867	0.949263867	0.64611686	0.64611686
413	1.511311961	0.945071432	0.945071432	0.945071432	0.649008753	0.649008753
413.6	1.504601051	0.940874886	0.940874886	0.940874886	0.65180579	0.65180579
414.2	1.497877911	0.936670693	0.936670693	0.936670693	0.654013416	0.654013416
414.8	1.491160888	0.932470325	0.932470325	0.932470325	0.654418002	0.654418002
415.4	1.484463446	0.928282202	0.928282202	0.928282202	0.654841761	0.654841761
416	1.477758201	0.924089199	0.924089199	0.924089199	0.656798531	0.656798531
416.6	1.47100034	0.919863293	0.919863293	0.919863293	0.658614804	0.658614804
417.2	1.464191845	0.915605725	0.915605725	0.915605725	0.660298153	0.660298153
417.8	1.457469162	0.911401817	0.911401817	0.911401817	0.662501041	0.662501041
418.4	1.450991937	0.907351402	0.907351402	0.907351402	0.663490055	0.663490055
419	1.444891152	0.903536388	0.903536388	0.903536388	0.662739008	0.662739008
419.6	1.439261272	0.900015845	0.900015845	0.900015845	0.664144933	0.664144933
420.2	1.434158471	0.896824901	0.896824901	0.896824901	0.666700092	0.666700092
420.8	1.429271708	0.893769052	0.893769052	0.893769052	0.669707987	0.669707987
421.4	1.424074912	0.890519331	0.890519331	0.890519331	0.672265039	0.672265039
422	1.41823393	0.886866779	0.886866779	0.886866779	0.673874401	0.673874401
422.6	1.412197394	0.883091941	0.883091941	0.883091941	0.673666074	0.673666074
423.2	1.406605128	0.879594919	0.879594919	0.879594919	0.674943369	0.674943369
423.8	1.401642811	0.876491825	0.876491825	0.876491825	0.677288763	0.677288763
424.4	1.396712885	0.873408985	0.873408985	0.873408985	0.679297868	0.679297868
425	1.391186276	0.869953021	0.869953021	0.869953021	0.679668676	0.679668676
425.6	1.385154153	0.866180942	0.866180942	0.866180942	0.679941733	0.679941733
426.2	1.379278375	0.862506631	0.862506631	0.862506631	0.682255132	0.682255132
426.8	1.374082555	0.85925752	0.85925752	0.85925752	0.685139532	0.685139532
427.4	1.369217267	0.856215101	0.856215101	0.856215101	0.688043399	0.688043399
428	1.364026803	0.852969339	0.852969339	0.852969339	0.6902119	0.6902119
428.6	1.35818731	0.849317718	0.849317718	0.849317718	0.690352388	0.690352388
429.2	1.352159409	0.84554828	0.84554828	0.84554828	0.690071923	0.690071923
429.8	1.346501993	0.842010517	0.842010517	0.842010517	0.69193646	0.69193646
430.4	1.341387267	0.838812117	0.838812117	0.838812117	0.694050994	0.694050994
431	1.336574956	0.835802826	0.835802826	0.835802826	0.695655395	0.695655395
431.6	1.331807681	0.832821697	0.832821697	0.832821697	0.697144827	0.697144827
432.2	1.326852366	0.829722981	0.829722981	0.829722981	0.698012157	0.698012157
432.8	1.321487786	0.826368338	0.826368338	0.826368338	0.698022071	0.698022071
433.4	1.315629461	0.822704942	0.822704942	0.822704942	0.699346446	0.699346446
434	1.309641678	0.81896059	0.81896059	0.81896059	0.701240171	0.701240171
434.6	1.303975317	0.815417235	0.815417235	0.815417235	0.703502306	0.703502306
435.2	1.298815703	0.812190764	0.812190764	0.812190764	0.705576732	0.705576732
435.8	1.293966259	0.809158252	0.809158252	0.809158252	0.707460844	0.707460844
436.4	1.289200128	0.806177839	0.806177839	0.806177839	0.708090127	0.708090127
437	1.284282403	0.803102629	0.803102629	0.803102629	0.709046937	0.709046937
437.6	1.27897284	0.799782391	0.799782391	0.799782391	0.710316388	0.710316388
438.2	1.273137484	0.796133357	0.796133357	0.796133357	0.71140384	0.71140384
438.8	1.267133435	0.792378834	0.792378834	0.792378834	0.712690042	0.712690042
439.4	1.261457168	0.788829284	0.788829284	0.788829284	0.713993497	0.713993497
440	1.256330589	0.785623471	0.785623471	0.785623471	0.714160323	0.714160323
440.6	1.251438982	0.782564594	0.782564594	0.782564594	0.714688457	0.714688457
441.2	1.246424113	0.779428637	0.779428637	0.779428637	0.716201752	0.716201752
441.8	1.241279994	0.776211856	0.776211856	0.776211856	0.717767412	0.717767412
442.4	1.236315371	0.773107319	0.773107319	0.773107319	0.719521726	0.719521726
443	1.231797639	0.770282237	0.770282237	0.770282237	0.721247804	0.721247804
443.6	1.227651361	0.767689438	0.767689438	0.767689438	0.722728754	0.722728754
444.2	1.223663334	0.765195598	0.765195598	0.765195598	0.724229887	0.724229887
444.8	1.219634313	0.762676123	0.762676123	0.762676123	0.724349779	0.724349779
445.4	1.21540363	0.760030542	0.760030542	0.760030542	0.725122645	0.725122645
446	1.210820948	0.757164845	0.757164845	0.757164845	0.727172378	0.727172378
446.6	1.205864374	0.754065342	0.754065342	0.754065342	0.729078131	0.729078131
447.2	1.200666484	0.750814936	0.750814936	0.750814936	0.730617405	0.730617405
447.8	1.195377542	0.747507592	0.747507592	0.747507592	0.731659583	0.731659583
448.4	1.190228622	0.744287809	0.744287809	0.744287809	0.731055849	0.731055849
449	1.185495369	0.741327956	0.741327956	0.741327956	0.729873229	0.729873229
449.6	1.181306395	0.738708457	0.738708457	0.738708457	0.731428337	0.731428337
450.2	1.177234993	0.736162479	0.736162479	0.736162479	0.734044716	0.734044716
450.8	1.172729732	0.733345197	0.733345197	0.733345197	0.737044354	0.737044354
451.4	1.167645463	0.730165842	0.730165842	0.730165842	0.73957091	0.73957091
452	1.162497351	0.726946564	0.726946564	0.726946564	0.741490348	0.741490348
452.6	1.157825221	0.724024932	0.724024932	0.724024932	0.741719319	0.741719319
453.2	1.153654898	0.721417096	0.721417096	0.721417096	0.742743043	0.742743043
453.8	1.149627865	0.718898864	0.718898864	0.718898864	0.744426218	0.744426218
454.4	1.145447642	0.716284838	0.716284838	0.716284838	0.746190886	0.746190886
455	1.141195844	0.713626053	0.713626053	0.713626053	0.747384485	0.747384485
455.6	1.137078037	0.711051058	0.711051058	0.711051058	0.747739834	0.747739834
456.2	1.133111098	0.708570405	0.708570405	0.708570405	0.747562492	0.747562492
456.8	1.128892921	0.705932645	0.705932645	0.705932645	0.74882045	0.74882045
457.4	1.123993681	0.702868994	0.702868994	0.702868994	0.749991625	0.749991625
458	1.118650514	0.699527741	0.699527741	0.699527741	0.751434471	0.751434471
458.6	1.113772279	0.696477226	0.696477226	0.696477226	0.752970175	0.752970175
459.2	1.110117502	0.694191778	0.694191778	0.694191778	0.754419924	0.754419924
459.8	1.107083356	0.69229443	0.69229443	0.69229443	0.755604905	0.755604905
460.4	1.103444522	0.690018952	0.690018952	0.690018952	0.756820773	0.756820773
461	1.098497464	0.686925399	0.686925399	0.686925399	0.756844203	0.756844203
461.6	1.093154021	0.683583974	0.683583974	0.683583974	0.757829579	0.757829579
462.2	1.08861575	0.680746048	0.680746048	0.680746048	0.759062439	0.759062439
462.8	1.085226829	0.678626849	0.678626849	0.678626849	0.759612005	0.759612005
463.4	1.082168229	0.676714209	0.676714209	0.676714209	0.760190095	0.760190095
464	1.07860172	0.674483957	0.674483957	0.674483957	0.760853952	0.760853952
464.6	1.074397852	0.671855145	0.671855145	0.671855145	0.760739735	0.760739735
465.2	1.069869689	0.66902354	0.66902354	0.66902354	0.761524422	0.761524422
465.8	1.065335763	0.666188333	0.666188333	0.666188333	0.7629849	0.7629849
466.4	1.061109123	0.66354528	0.66354528	0.66354528	0.764562168	0.764562168
467	1.057497441	0.661286781	0.661286781	0.661286781	0.766307951	0.766307951
467.6	1.054418334	0.659361317	0.659361317	0.659361317	0.768016544	0.768016544
468.2	1.051071722	0.657268574	0.657268574	0.657268574	0.769482242	0.769482242
468.8	1.04664079	0.654497771	0.654497771	0.654497771	0.771067955	0.771067955
469.4	1.041350329	0.651189478	0.651189478	0.651189478	0.771121373	0.771121373
470	1.036303708	0.648033665	0.648033665	0.648033665	0.771276942	0.771276942
470.6	1.032417038	0.645603206	0.645603206	0.645603206	0.772040844	0.772040844
471.2	1.029295069	0.643650941	0.643650941	0.643650941	0.772654316	0.772654316
471.8	1.026048517	0.641620768	0.641620768	0.641620768	0.773190831	0.773190831
472.4	1.022107786	0.639156504	0.639156504	0.639156504	0.77379926	0.77379926
473	1.017713475	0.636408601	0.636408601	0.636408601	0.7742379	0.7742379
473.6	1.013228314	0.633603887	0.633603887	0.633603887	0.774250694	0.774250694
474.2	1.008901514	0.630898202	0.630898202	0.630898202	0.77373081	0.77373081
474.8	1.004853412	0.628366795	0.628366795	0.628366795	0.773875423	0.773875423
475.4	1.001180394	0.62606994	0.62606994	0.62606994	0.774516644	0.774516644
476	0.997829455	0.623974491	0.623974491	0.623974491	0.775152069	0.775152069
476.6	0.994669996	0.621998781	0.621998781	0.621998781	0.775896413	0.775896413
477.2	0.991543234	0.620043517	0.620043517	0.620043517	0.776701659	0.776701659
477.8	0.988193374	0.617948743	0.617948743	0.617948743	0.777519791	0.777519791
478.4	0.984348569	0.615544464	0.615544464	0.615544464	0.778302791	0.778302791
479	0.980046108	0.612853998	0.612853998	0.612853998	0.779002642	0.779002642
479.6	0.975796948	0.610196864	0.610196864	0.610196864	0.780412613	0.780412613
480.2	0.972105622	0.607888561	0.607888561	0.607888561	0.781168849	0.781168849
480.8	0.968863971	0.605861453	0.605861453	0.605861453	0.782010025	0.782010025
481.4	0.965531596	0.603777613	0.603777613	0.603777613	0.783553444	0.783553444
482	0.961668234	0.60136173	0.60136173	0.60136173	0.785568554	0.785568554
482.6	0.957375307	0.598677226	0.598677226	0.598677226	0.78631689	0.78631689
483.2	0.952921681	0.595892232	0.595892232	0.595892232	0.786477176	0.786477176
483.8	0.948544292	0.593154911	0.593154911	0.593154911	0.788430866	0.788430866
484.4	0.944413315	0.59057168	0.59057168	0.59057168	0.790934684	0.790934684
485	0.940681476	0.588238042	0.588238042	0.588238042	0.793542479	0.793542479
485.6	0.937310273	0.586129922	0.586129922	0.586129922	0.795539424	0.795539424
486.2	0.934079365	0.584109532	0.584109532	0.584109532	0.796052865	0.796052865
486.8	0.93078708	0.582050762	0.582050762	0.582050762	0.795313227	0.795313227
487.4	0.927414202	0.579941594	0.579941594	0.579941594	0.795836663	0.795836663
488	0.924019964	0.577819069	0.577819069	0.577819069	0.797048003	0.797048003
488.6	0.920647956	0.575710445	0.575710445	0.575710445	0.798207433	0.798207433
489.2	0.917295762	0.573614212	0.573614212	0.573614212	0.798840448	0.798840448
489.8	0.913952654	0.57152366	0.57152366	0.57152366	0.79940575	0.79940575
490.4	0.910605286	0.569430444	0.569430444	0.569430444	0.800586893	0.800586893
491	0.907236967	0.567324127	0.567324127	0.567324127	0.801588297	0.801588297
491.6	0.903836251	0.565197552	0.565197552	0.565197552	0.801946947	0.801946947
492.2	0.900447928	0.563078726	0.563078726	0.563078726	0.802651087	0.802651087
492.8	0.897149876	0.561016348	0.561016348	0.561016348	0.803106483	0.803106483
493.4	0.893958641	0.559020768	0.559020768	0.559020768	0.803650909	0.803650909
494	0.890641039	0.556946166	0.556946166	0.556946166	0.804255695	0.804255695
494.6	0.886903728	0.554609106	0.554609106	0.554609106	0.80489217	0.80489217
495.2	0.882698183	0.551979245	0.551979245	0.551979245	0.805531665	0.805531665
495.8	0.878400183	0.549291569	0.549291569	0.549291569	0.80614551	0.80614551
496.4	0.874413749	0.546798725	0.546798725	0.546798725	0.807088054	0.807088054
497	0.870921612	0.544614981	0.544614981	0.544614981	0.80837139	0.80837139
497.6	0.867930319	0.542744431	0.542744431	0.542744431	0.808574719	0.808574719
498.2	0.865392676	0.541157562	0.541157562	0.541157562	0.808469523	0.808469523
498.8	0.862982748	0.539650557	0.539650557	0.539650557	0.809340422	0.809340422
499.4	0.860276614	0.537958325	0.537958325	0.537958325	0.810565507	0.810565507
500	0.857050247	0.535940776	0.535940776	0.535940776	0.810778012	0.810778012
500.6	0.853554375	0.533754696	0.533754696	0.533754696	0.810630967	0.810630967
501.2	0.850100053	0.531594598	0.531594598	0.531594598	0.810794395	0.810794395
501.8	0.846774277	0.529514884	0.529514884	0.529514884	0.810306022	0.810306022
502.4	0.8434239	0.527419787	0.527419787	0.527419787	0.809028375	0.809028375
503	0.839922241	0.525230089	0.525230089	0.525230089	0.808412195	0.808412195
503.6	0.836455462	0.523062201	0.523062201	0.523062201	0.808305874	0.808305874
504.2	0.833362611	0.521128143	0.521128143	0.521128143	0.808395936	0.808395936
504.8	0.830813786	0.519534282	0.519534282	0.519534282	0.80860843	0.80860843
505.4	0.828417896	0.518036056	0.518036056	0.518036056	0.809149827	0.809149827
506	0.825674533	0.516320544	0.516320544	0.516320544	0.809764669	0.809764669
506.6	0.822399793	0.514272744	0.514272744	0.514272744	0.810359143	0.810359143
507.2	0.818867134	0.51206366	0.51206366	0.51206366	0.81082238	0.81082238
507.8	0.815369308	0.509876359	0.509876359	0.509876359	0.811365456	0.811365456
508.4	0.812000052	0.507769456	0.507769456	0.507769456	0.812461682	0.812461682
509	0.80872068	0.50571876	0.50571876	0.50571876	0.813601586	0.813601586
509.6	0.805475262	0.503689297	0.503689297	0.503689297	0.814162003	0.814162003
510.2	0.802138943	0.50160299	0.50160299	0.50160299	0.815835385	0.815835385
510.8	0.798568785	0.499370458	0.499370458	0.499370458	0.817097069	0.817097069
511.4	0.794860937	0.497051822	0.497051822	0.497051822	0.818587532	0.818587532
512	0.791581136	0.495000858	0.495000858	0.495000858	0.820126443	0.820126443
512.6	0.789308047	0.493579423	0.493579423	0.493579423	0.821533468	0.821533468
513.2	0.787823349	0.492650994	0.492650994	0.492650994	0.822628275	0.822628275
513.8	0.786193223	0.491631625	0.491631625	0.491631625	0.823441122	0.823441122
514.4	0.78359713	0.490008205	0.490008205	0.490008205	0.822795534	0.822795534
515	0.780126678	0.487838021	0.487838021	0.487838021	0.823103609	0.823103609
515.6	0.776242005	0.485408812	0.485408812	0.485408812	0.824029364	0.824029364
516.2	0.772411752	0.483013633	0.483013633	0.483013633	0.824707411	0.824707411
516.8	0.769124794	0.480958193	0.480958193	0.480958193	0.824773243	0.824773243
517.4	0.766853267	0.479537735	0.479537735	0.479537735	0.824678834	0.824678834
518	0.765400755	0.478629433	0.478629433	0.478629433	0.825567642	0.825567642
518.6	0.763763004	0.477605296	0.477605296	0.477605296	0.826785749	0.826785749
519.2	0.761014389	0.475886499	0.475886499	0.475886499	0.826936119	0.826936119
519.8	0.757439504	0.47365101	0.47365101	0.47365101	0.826866647	0.826866647
520.4	0.753993826	0.471496318	0.471496318	0.471496318	0.82697536	0.82697536
521	0.751341765	0.4698379	0.4698379	0.4698379	0.827136587	0.827136587
521.6	0.749018932	0.468385358	0.468385358	0.468385358	0.827325832	0.827325832
522.2	0.746300668	0.466685542	0.466685542	0.466685542	0.827518597	0.827518597
522.8	0.742932929	0.464579587	0.464579587	0.464579587	0.827690387	0.827690387
523.4	0.739430281	0.46238927	0.46238927	0.46238927	0.827816703	0.827816703
524	0.73634737	0.460461428	0.460461428	0.460461428	0.827873064	0.827873064
524.6	0.733793839	0.458864624	0.458864624	0.458864624	0.827397888	0.827397888
525.2	0.731544987	0.457458345	0.457458345	0.457458345	0.826775398	0.826775398
525.8	0.729354385	0.456088492	0.456088492	0.456088492	0.826768954	0.826768954
526.4	0.726903158	0.454555662	0.454555662	0.454555662	0.826891959	0.826891959
527	0.723850058	0.452646461	0.452646461	0.452646461	0.826871061	0.826871061
527.6	0.720209659	0.450370004	0.450370004	0.450370004	0.826853591	0.826853591
528.2	0.71679036	0.448231808	0.448231808	0.448231808	0.826859795	0.826859795
528.8	0.714463976	0.446777046	0.446777046	0.446777046	0.826836084	0.826836084
529.4	0.71306892	0.445904673	0.445904673	0.445904673	0.826868434	0.826868434
530	0.71139789	0.444859725	0.444859725	0.444859725	0.826958364	0.826958364
530.6	0.708411307	0.442992119	0.442992119	0.442992119	0.826726239	0.826726239
531.2	0.704699602	0.440671072	0.440671072	0.440671072	0.826518087	0.826518087
531.8	0.701602391	0.438734287	0.438734287	0.438734287	0.827049293	0.827049293
532.4	0.699885387	0.43766059	0.43766059	0.43766059	0.82749744	0.82749744
533	0.698526769	0.436811003	0.436811003	0.436811003	0.828045815	0.828045815
533.6	0.696185462	0.435346909	0.435346909	0.435346909	0.828661737	0.828661737
534.2	0.692620519	0.433117637	0.433117637	0.433117637	0.829312523	0.829312523
534.8	0.689090717	0.43091034	0.43091034	0.43091034	0.829965493	0.829965493
535.4	0.686822253	0.429491797	0.429491797	0.429491797	0.830587964	0.830587964
536	0.685471301	0.428647004	0.428647004	0.428647004	0.831752108	0.831752108
536.6	0.68370903	0.427545	0.427545	0.427545	0.832831272	0.832831272
537.2	0.680589751	0.425594415	0.425594415	0.425594415	0.832890816	0.832890816
537.8	0.676898138	0.423285933	0.423285933	0.423285933	0.832878777	0.832878777
538.4	0.673881623	0.42139961	0.42139961	0.42139961	0.833894108	0.833894108
539	0.672077367	0.420271351	0.420271351	0.420271351	0.835043713	0.835043713
539.6	0.670709161	0.419415768	0.419415768	0.419415768	0.835214331	0.835214331
540.2	0.668896592	0.418282311	0.418282311	0.418282311	0.834840943	0.834840943
540.8	0.66641688	0.416731669	0.416731669	0.416731669	0.834308879	0.834308879
541.4	0.663604598	0.414973059	0.414973059	0.414973059	0.83347914	0.83347914
542	0.660795701	0.413216567	0.413216567	0.413216567	0.832906604	0.832906604
542.6	0.658226398	0.4116099	0.4116099	0.4116099	0.83304567	0.83304567
543.2	0.656094663	0.410276858	0.410276858	0.410276858	0.833258775	0.833258775
543.8	0.654432182	0.409237256	0.409237256	0.409237256	0.833541349	0.833541349
544.4	0.652848424	0.408246882	0.408246882	0.408246882	0.833868741	0.833868741
545	0.650897521	0.40702692	0.40702692	0.40702692	0.834216301	0.834216301
545.6	0.648449662	0.405496196	0.405496196	0.405496196	0.834559381	0.834559381
546.2	0.645735553	0.403798977	0.403798977	0.403798977	0.834873331	0.834873331
546.8	0.642998215	0.402087232	0.402087232	0.402087232	0.83549168	0.83549168
547.4	0.640415803	0.400472368	0.400472368	0.400472368	0.835929725	0.835929725
548	0.63813261	0.399044615	0.399044615	0.399044615	0.836449573	0.836449573
548.6	0.636239802	0.397860982	0.397860982	0.397860982	0.837049454	0.837049454
549.2	0.63464131	0.396861394	0.396861394	0.396861394	0.837589548	0.837589548
549.8	0.633198689	0.395959277	0.395959277	0.395959277	0.838235322	0.838235322
550.4	0.631719479	0.39503428	0.39503428	0.39503428	0.838894361	0.838894361
551	0.629928053	0.393914044	0.393914044	0.393914044	0.838985304	0.838985304
551.6	0.627577841	0.392444382	0.392444382	0.392444382	0.838911823	0.838911823
552.2	0.624901499	0.390770781	0.390770781	0.390770781	0.839839811	0.839839811
552.8	0.62247139	0.389251156	0.389251156	0.389251156	0.841035967	0.841035967
553.4	0.620702969	0.388145306	0.388145306	0.388145306	0.841168562	0.841168562
554	0.619193122	0.387201151	0.387201151	0.387201151	0.841228117	0.841228117
554.6	0.617286458	0.386008853	0.386008853	0.386008853	0.841246137	0.841246137
555.2	0.614723043	0.384405868	0.384405868	0.384405868	0.841232982	0.841232982
555.8	0.612072733	0.382748545	0.382748545	0.382748545	0.841199011	0.841199011
556.4	0.609979053	0.381439301	0.381439301	0.381439301	0.841154581	0.841154581
557	0.608430673	0.380471049	0.380471049	0.380471049	0.841110053	0.841110053
557.6	0.606790607	0.379445464	0.379445464	0.379445464	0.841075785	0.841075785
558.2	0.604509473	0.378018998	0.378018998	0.378018998	0.841063211	0.841063211
558.8	0.601836629	0.376347584	0.376347584	0.376347584	0.841228007	0.841228007
559.4	0.599366484	0.374802923	0.374802923	0.374802923	0.840818041	0.840818041
560	0.597482275	0.373624668	0.373624668	0.373624668	0.839551699	0.839551699
560.6	0.595950844	0.372667015	0.372667015	0.372667015	0.838782391	0.838782391
561.2	0.594432713	0.37171768	0.37171768	0.37171768	0.838923802	0.838923802
561.8	0.592770485	0.370678236	0.370678236	0.370678236	0.839296652	0.839296652
562.4	0.59104098	0.369596721	0.369596721	0.369596721	0.839074445	0.839074445
563	0.589329782	0.368526655	0.368526655	0.368526655	0.837800543	0.837800543
563.6	0.587653496	0.367478419	0.367478419	0.367478419	0.836982714	0.836982714
564.2	0.585987937	0.366436892	0.366436892	0.366436892	0.837319318	0.837319318
564.8	0.584313528	0.365389831	0.365389831	0.365389831	0.836799241	0.836799241
565.4	0.582631575	0.364338052	0.364338052	0.364338052	0.836061172	0.836061172
566	0.580948655	0.363285669	0.363285669	0.363285669	0.835095079	0.835095079
566.6	0.579268497	0.362235013	0.362235013	0.362235013	0.834005951	0.834005951
567.2	0.577589864	0.36118531	0.36118531	0.36118531	0.832898774	0.832898774
567.8	0.575911089	0.360135519	0.360135519	0.360135519	0.831774814	0.831774814
568.4	0.5742316	0.359085281	0.359085281	0.359085281	0.829720806	0.829720806
569	0.572551702	0.358034787	0.358034787	0.358034787	0.828655356	0.828655356
569.6	0.570871732	0.356984249	0.356984249	0.356984249	0.828069026	0.828069026
570.2	0.569192092	0.355933916	0.355933916	0.355933916	0.827720826	0.827720826
570.8	0.567513203	0.354884054	0.354884054	0.354884054	0.8277381	0.8277381
571.4	0.565834833	0.353834516	0.353834516	0.353834516	0.828456135	0.828456135
572	0.564155187	0.35278418	0.35278418	0.35278418	0.82890664	0.82890664
572.6	0.56247241	0.351731886	0.351731886	0.351731886	0.828746637	0.828746637
573.2	0.56078912	0.350679271	0.350679271	0.350679271	0.828500351	0.828500351
573.8	0.559112746	0.349630981	0.349630981	0.349630981	0.82818636	0.82818636
574.4	0.557448225	0.348590103	0.348590103	0.348590103	0.827836816	0.827836816
575	0.555778023	0.347545673	0.347545673	0.347545673	0.827483875	0.827483875
575.6	0.554073572	0.346479825	0.346479825	0.346479825	0.827159689	0.827159689
576.2	0.552333305	0.345391581	0.345391581	0.345391581	0.826896412	0.826896412
576.8	0.550645532	0.344336163	0.344336163	0.344336163	0.826615405	0.826615405
577.4	0.54911332	0.343378022	0.343378022	0.343378022	0.826868336	0.826868336
578	0.547644055	0.342459244	0.342459244	0.342459244	0.827135196	0.827135196
578.6	0.545860991	0.341344237	0.341344237	0.341344237	0.828351417	0.828351417
579.2	0.543420791	0.339818303	0.339818303	0.339818303	0.830405215	0.830405215
579.8	0.540660653	0.338092301	0.338092301	0.338092301	0.83075164	0.83075164
580.4	0.538372792	0.336661628	0.336661628	0.336661628	0.8309893	0.8309893
581	0.53713901	0.335890105	0.335890105	0.335890105	0.833877888	0.833877888
581.6	0.536520266	0.335503185	0.335503185	0.335503185	0.837599246	0.837599246
582.2	0.535781937	0.335041484	0.335041484	0.335041484	0.841480064	0.841480064
582.8	0.534443378	0.334204441	0.334204441	0.334204441	0.844746453	0.844746453
583.4	0.532525348	0.333005036	0.333005036	0.333005036	0.846192006	0.846192006
584	0.530116232	0.331498539	0.331498539	0.331498539	0.846348382	0.846348382
584.6	0.527475125	0.32984697	0.32984697	0.32984697	0.847646712	0.847646712
585.2	0.525015104	0.328308641	0.328308641	0.328308641	0.848624164	0.848624164
585.8	0.523077666	0.327097099	0.327097099	0.327097099	0.849070773	0.849070773
586.4	0.521494282	0.326106959	0.326106959	0.326106959	0.849608961	0.849608961
587	0.519889591	0.325103495	0.325103495	0.325103495	0.848049938	0.848049938
587.6	0.518072743	0.323967362	0.323967362	0.323967362	0.842470681	0.842470681
588.2	0.516356461	0.322894116	0.322894116	0.322894116	0.83640685	0.83640685
588.8	0.515126424	0.322124935	0.322124935	0.322124935	0.832529255	0.832529255
589.4	0.514370102	0.321651983	0.321651983	0.321651983	0.829492166	0.829492166
590	0.513591495	0.321165095	0.321165095	0.321165095	0.82717102	0.82717102
590.6	0.512318642	0.32036914	0.32036914	0.32036914	0.826999802	0.826999802
591.2	0.510589612	0.319287922	0.319287922	0.319287922	0.827841891	0.827841891
591.8	0.508726605	0.318122925	0.318122925	0.318122925	0.827529602	0.827529602
592.4	0.506982684	0.317032395	0.317032395	0.317032395	0.826794684	0.826794684
593	0.505336075	0.316002718	0.316002718	0.316002718	0.826996838	0.826996838
593.6	0.503700187	0.314979746	0.314979746	0.314979746	0.82862744	0.82862744
594.2	0.502027776	0.313933934	0.313933934	0.313933934	0.830662034	0.830662034
594.8	0.500336167	0.312876117	0.312876117	0.312876117	0.830360755	0.830360755
595.4	0.498647583	0.311820191	0.311820191	0.311820191	0.829600284	0.829600284
596	0.496968252	0.310770053	0.310770053	0.310770053	0.833124348	0.833124348
596.6	0.495292331	0.309722046	0.309722046	0.309722046	0.838087089	0.838087089
597.2	0.493614583	0.308672897	0.308672897	0.308672897	0.83985699	0.83985699
597.8	0.491934631	0.307622369	0.307622369	0.307622369	0.840151386	0.840151386
598.4	0.490253716	0.306571239	0.306571239	0.306571239	0.841165443	0.841165443
599	0.48857306	0.305520272	0.305520272	0.305520272	0.843014809	0.843014809
599.6	0.486893837	0.3044702	0.3044702	0.3044702	0.844825593	0.844825593
600.2	0.485217071	0.303421666	0.303421666	0.303421666	0.845191726	0.845191726
600.8	0.483540426	0.302373206	0.302373206	0.302373206	0.845904782	0.845904782
601.4	0.481858141	0.30132122	0.30132122	0.30132122	0.847680008	0.847680008
602	0.480166631	0.300263464	0.300263464	0.300263464	0.849919176	0.849919176
602.6	0.478480104	0.299208826	0.299208826	0.299208826	0.852115699	0.852115699
603.2	0.476820986	0.298171326	0.298171326	0.298171326	0.853971336	0.853971336
603.8	0.47518915	0.297150888	0.297150888	0.297150888	0.854355078	0.854355078
604.4	0.473514214	0.296103497	0.296103497	0.296103497	0.854326464	0.854326464
605	0.471715808	0.294978896	0.294978896	0.294978896	0.855040194	0.855040194
605.6	0.469873112	0.2938266	0.2938266	0.2938266	0.856208029	0.856208029
606.2	0.468283859	0.29283279	0.29283279	0.29283279	0.857300664	0.857300664
606.8	0.467220786	0.292168016	0.292168016	0.292168016	0.857910134	0.857910134
607.4	0.466496939	0.291715371	0.291715371	0.291715371	0.858460367	0.858460367
608	0.465635558	0.291176722	0.291176722	0.291176722	0.859142892	0.859142892
608.6	0.46426439	0.290319288	0.290319288	0.290319288	0.859298394	0.859298394
609.2	0.462487441	0.289208105	0.289208105	0.289208105	0.859711534	0.859711534
609.8	0.460538702	0.287989496	0.287989496	0.287989496	0.860971364	0.860971364
610.4	0.458652217	0.286809817	0.286809817	0.286809817	0.862153653	0.862153653
611	0.457062118	0.285815478	0.285815478	0.285815478	0.863474048	0.863474048
611.6	0.455981424	0.285139685	0.285139685	0.285139685	0.864768792	0.864768792
612.2	0.455253351	0.284684398	0.284684398	0.284684398	0.865874128	0.865874128
612.8	0.454406219	0.28415466	0.28415466	0.28415466	0.866896249	0.866896249
613.4	0.453041873	0.283301491	0.283301491	0.283301491	0.866698239	0.866698239
614	0.451278277	0.282198658	0.282198658	0.282198658	0.866406442	0.866406442
614.6	0.449429956	0.281042844	0.281042844	0.281042844	0.867169715	0.867169715
615.2	0.447709435	0.279966948	0.279966948	0.279966948	0.868466295	0.868466295
615.8	0.446067799	0.27894038	0.27894038	0.27894038	0.869466633	0.869466633
616.4	0.444417021	0.277908097	0.277908097	0.277908097	0.869557459	0.869557459
617	0.442729311	0.276852718	0.276852718	0.276852718	0.869498568	0.869498568
617.6	0.441045907	0.275800032	0.275800032	0.275800032	0.870000532	0.870000532
618.2	0.439402596	0.274772417	0.274772417	0.274772417	0.870907849	0.870907849
618.8	0.437752861	0.273740786	0.273740786	0.273740786	0.871547379	0.871547379
619.4	0.436007014	0.272649052	0.272649052	0.272649052	0.870953463	0.870953463
620	0.434150654	0.271488211	0.271488211	0.271488211	0.870411798	0.870411798
620.6	0.432439018	0.270417871	0.270417871	0.270417871	0.870725884	0.870725884
621.2	0.431182424	0.269632082	0.269632082	0.269632082	0.871139776	0.871139776
621.8	0.430395474	0.269139977	0.269139977	0.269139977	0.871646986	0.871646986
622.4	0.429635256	0.268664589	0.268664589	0.268664589	0.872190984	0.872190984
623	0.428449434	0.267923057	0.267923057	0.267923057	0.872715243	0.872715243
623.6	0.426783979	0.266881595	0.266881595	0.266881595	0.873163237	0.873163237
624.2	0.424868569	0.265683828	0.265683828	0.265683828	0.873478437	0.873478437
624.8	0.422937938	0.264476543	0.264476543	0.264476543	0.873445456	0.873445456
625.4	0.421221639	0.263403287	0.263403287	0.263403287	0.87350308	0.87350308
626	0.419946384	0.262605829	0.262605829	0.262605829	0.875025455	0.875025455
626.6	0.419135847	0.262098975	0.262098975	0.262098975	0.869183641	0.869183641
627.2	0.418385612	0.261629828	0.261629828	0.261629828	0.853059778	0.853059778
627.8	0.417252727	0.260921399	0.260921399	0.260921399	0.842506106	0.842506106
628.4	0.415630483	0.259906959	0.259906959	0.259906959	0.841769556	0.841769556
629	0.413734944	0.258721618	0.258721618	0.258721618	0.839067637	0.839067637
629.6	0.41179538	0.257508747	0.257508747	0.257508747	0.837534101	0.837534101
630.2	0.41004237	0.256412534	0.256412534	0.256412534	0.847671945	0.847671945
630.8	0.40870692	0.255577435	0.255577435	0.255577435	0.858853107	0.858853107
631.4	0.407863453	0.255049988	0.255049988	0.255049988	0.859851127	0.859851127
632	0.407129857	0.254591247	0.254591247	0.254591247	0.861986265	0.861986265
632.6	0.40604902	0.253915365	0.253915365	0.253915365	0.870959082	0.870959082
633.2	0.40446141	0.252922582	0.252922582	0.252922582	0.876368767	0.876368767
633.8	0.402592136	0.251753666	0.251753666	0.251753666	0.876476303	0.876476303
634.4	0.400686199	0.250561823	0.250561823	0.250561823	0.878134897	0.878134897
635	0.398930054	0.24946365	0.24946365	0.24946365	0.880594069	0.880594069
635.6	0.397475366	0.248553987	0.248553987	0.248553987	0.880657091	0.880657091
636.2	0.396421518	0.247894982	0.247894982	0.247894982	0.881979618	0.881979618
636.8	0.395656026	0.247416296	0.247416296	0.247416296	0.884460035	0.884460035
637.4	0.395012247	0.24701372	0.24701372	0.24701372	0.887475014	0.887475014
638	0.394321171	0.246581568	0.246581568	0.246581568	0.890095486	0.890095486
638.6	0.393409645	0.246011562	0.246011562	0.246011562	0.891645381	0.891645381
639.2	0.392115547	0.245202321	0.245202321	0.245202321	0.890850965	0.890850965
639.8	0.390459721	0.244166881	0.244166881	0.244166881	0.891304945	0.891304945
640.4	0.388610076	0.243010239	0.243010239	0.243010239	0.892923233	0.892923233
641	0.386738915	0.241840143	0.241840143	0.241840143	0.894229556	0.894229556
641.6	0.385019878	0.240765174	0.240765174	0.240765174	0.895014916	0.895014916
642.2	0.38362677	0.239894019	0.239894019	0.239894019	0.895525456	0.895525456
642.8	0.382639131	0.239276417	0.239276417	0.239276417	0.89633025	0.89633025
643.4	0.381910427	0.238820736	0.238820736	0.238820736	0.897537532	0.897537532
644	0.381261555	0.238414975	0.238414975	0.238414975	0.898651369	0.898651369
644.6	0.380529814	0.237957394	0.237957394	0.237957394	0.897979685	0.897979685
645.2	0.379570255	0.237357351	0.237357351	0.237357351	0.894170001	0.894170001
645.8	0.378254586	0.236534622	0.236534622	0.236534622	0.890254006	0.890254006
646.4	0.376585049	0.235490607	0.235490607	0.235490607	0.888570096	0.888570096
647	0.374628358	0.234267026	0.234267026	0.234267026	0.886908351	0.886908351
647.6	0.372550467	0.232967655	0.232967655	0.232967655	0.884444806	0.884444806
648.2	0.370846986	0.231902414	0.231902414	0.231902414	0.882954929	0.882954929
648.8	0.370070843	0.231417067	0.231417067	0.231417067	0.883406104	0.883406104
649.4	0.370192485	0.231493134	0.231493134	0.231493134	0.885837298	0.885837298
650	0.370332494	0.231580686	0.231580686	0.231580686	0.888921098	0.888921098
650.6	0.369609348	0.231128479	0.231128479	0.231128479	0.890883061	0.890883061
651.2	0.36794219	0.230085953	0.230085953	0.230085953	0.890273317	0.890273317
651.8	0.365788101	0.228738932	0.228738932	0.228738932	0.887612893	0.887612893
652.4	0.363612585	0.227378513	0.227378513	0.227378513	0.886702735	0.886702735
653	0.361873873	0.226291241	0.226291241	0.226291241	0.88925974	0.88925974
653.6	0.361024817	0.225760299	0.225760299	0.225760299	0.894358554	0.894358554
654.2	0.361093538	0.225803273	0.225803273	0.225803273	0.898759238	0.898759238
654.8	0.361265566	0.225910847	0.225910847	0.225910847	0.899001438	0.899001438
655.4	0.360662279	0.225533593	0.225533593	0.225533593	0.896328938	0.896328938
656	0.359087021	0.224548534	0.224548534	0.224548534	0.894011492	0.894011492
656.6	0.356961206	0.223219194	0.223219194	0.223219194	0.896750339	0.896750339
657.2	0.354735603	0.221827454	0.221827454	0.221827454	0.903821889	0.903821889
657.8	0.352907521	0.220684296	0.220684296	0.220684296	0.907434617	0.907434617
658.4	0.351992687	0.220112221	0.220112221	0.220112221	0.907079814	0.907079814
659	0.352114467	0.220188374	0.220188374	0.220188374	0.907487893	0.907487893
659.6	0.352323071	0.220318821	0.220318821	0.220318821	0.909126918	0.909126918
660.2	0.35151722	0.219814897	0.219814897	0.219814897	0.910887731	0.910887731
660.8	0.349622663	0.21863017	0.21863017	0.21863017	0.912494029	0.912494029
661.4	0.347818004	0.217501659	0.217501659	0.217501659	0.913741433	0.913741433
662	0.347209835	0.217121352	0.217121352	0.217121352	0.914269645	0.914269645
662.6	0.347475476	0.217287466	0.217287466	0.217287466	0.914750129	0.914750129
663.2	0.347492073	0.217297844	0.217297844	0.217297844	0.915560148	0.915560148
663.8	0.346415035	0.216624338	0.216624338	0.216624338	0.916320402	0.916320402
664.4	0.344498277	0.215425729	0.215425729	0.215425729	0.917172377	0.917172377
665	0.342258074	0.214024858	0.214024858	0.214024858	0.918025725	0.918025725
665.6	0.340184468	0.212728166	0.212728166	0.212728166	0.918790097	0.918790097
666.2	0.338724235	0.211815036	0.211815036	0.211815036	0.919676213	0.919676213
666.8	0.338270039	0.211531013	0.211531013	0.211531013	0.920125463	0.920125463
667.4	0.338481702	0.211663373	0.211663373	0.211663373	0.920420583	0.920420583
668	0.338463136	0.211651763	0.211651763	0.211651763	0.921069419	0.921069419
668.6	0.337469182	0.211030211	0.211030211	0.211030211	0.921838139	0.921838139
669.2	0.335643128	0.209888322	0.209888322	0.209888322	0.922226806	0.922226806
669.8	0.333426492	0.208502189	0.208502189	0.208502189	0.922032895	0.922032895
670.4	0.33128327	0.207161964	0.207161964	0.207161964	0.922484035	0.922484035
671	0.329727632	0.206189175	0.206189175	0.206189175	0.923861593	0.923861593
671.6	0.329247519	0.205888944	0.205888944	0.205888944	0.924150829	0.924150829
672.2	0.329539615	0.206071601	0.206071601	0.206071601	0.923907488	0.923907488
672.8	0.329492304	0.206042016	0.206042016	0.206042016	0.924615914	0.924615914
673.4	0.328157843	0.205207535	0.205207535	0.205207535	0.925299146	0.925299146
674	0.326131659	0.203940498	0.203940498	0.203940498	0.926112297	0.926112297
674.6	0.324725698	0.203061306	0.203061306	0.203061306	0.926979946	0.926979946
675.2	0.324690605	0.203039361	0.203039361	0.203039361	0.927826671	0.927826671
675.8	0.325009673	0.203238884	0.203238884	0.203238884	0.928577052	0.928577052
676.4	0.324346352	0.202824089	0.202824089	0.202824089	0.929155667	0.929155667
677	0.322458266	0.201643409	0.201643409	0.201643409	0.929528208	0.929528208
677.6	0.320609021	0.200487017	0.200487017	0.200487017	0.928469624	0.928469624
678.2	0.320031863	0.200126102	0.200126102	0.200126102	0.928399953	0.928399953
678.8	0.320372195	0.200338922	0.200338922	0.200338922	0.929353378	0.929353378
679.4	0.320269498	0.200274702	0.200274702	0.200274702	0.930136258	0.930136258
680	0.318764756	0.199333739	0.199333739	0.199333739	0.930321786	0.930321786
680.6	0.316732203	0.19806272	0.19806272	0.19806272	0.930157993	0.930157993
681.2	0.315540688	0.197317627	0.197317627	0.197317627	0.930776974	0.930776974
681.8	0.315665056	0.197395398	0.197395398	0.197395398	0.930973523	0.930973523
682.4	0.315910565	0.197548923	0.197548923	0.197548923	0.927886088	0.927886088
683	0.314980167	0.196967115	0.196967115	0.196967115	0.929460046	0.929460046
683.6	0.312997103	0.195727042	0.195727042	0.195727042	0.941886275	0.941886275
684.2	0.311299814	0.194665673	0.194665673	0.194665673	0.92988466	0.92988466
684.8	0.310978778	0.19446492	0.19446492	0.19446492	0.902467387	0.902467387
685.4	0.311341255	0.194691588	0.194691588	0.194691588	0.866809577	0.866809577
686	0.311012556	0.194486042	0.194486042	0.194486042	0.831792418	0.831792418
686.6	0.309309742	0.193421218	0.193421218	0.193421218	0.795743679	0.795743679
687.2	0.30732899	0.192182591	0.192182591	0.192182591	0.770036527	0.770036527
687.8	0.306407223	0.191606181	0.191606181	0.191606181	0.732027743	0.732027743
688.4	0.30665597	0.191761731	0.191761731	0.191761731	0.709857279	0.709857279
689	0.306775688	0.191836594	0.191836594	0.191836594	0.741597884	0.741597884
689.6	0.305575851	0.191086298	0.191086298	0.191086298	0.786268891	0.786268891
690.2	0.303542314	0.189814662	0.189814662	0.189814662	0.808593723	0.808593723
690.8	0.302044721	0.188878169	0.188878169	0.188878169	0.82327906	0.82327906
691.4	0.301949006	0.188818316	0.188818316	0.188818316	0.840636303	0.840636303
692	0.302288027	0.189030317	0.189030317	0.189030317	0.858829515	0.858829515
692.6	0.30170112	0.188663305	0.188663305	0.188663305	0.871673571	0.871673571
693.2	0.299845743	0.187503079	0.187503079	0.187503079	0.873028911	0.873028911
693.8	0.297962222	0.186325253	0.186325253	0.186325253	0.869778801	0.869778801
694.4	0.2973142	0.185920024	0.185920024	0.185920024	0.870256864	0.870256864
695	0.297640976	0.186124368	0.186124368	0.186124368	0.874370656	0.874370656
695.6	0.297590845	0.186093019	0.186093019	0.186093019	0.8820058	0.8820058
696.2	0.296148139	0.18519085	0.18519085	0.18519085	0.894954371	0.894954371
696.8	0.294111293	0.183917145	0.183917145	0.183917145	0.909376717	0.909376717
697.4	0.292844591	0.183125036	0.183125036	0.183125036	0.917283519	0.917283519
698	0.292912768	0.183167669	0.183167669	0.183167669	0.917150912	0.917150912
698.6	0.293185735	0.183338364	0.183338364	0.183338364	0.911053825	0.911053825
699.2	0.292376281	0.182832187	0.182832187	0.182832187	0.902909116	0.902909116
699.8	0.290468437	0.181639151	0.181639151	0.181639151	0.89712112	0.89712112
700.4	0.288672347	0.180515999	0.180515999	0.180515999	0.897978196	0.897978196
701	0.288053837	0.180129225	0.180129225	0.180129225	0.904114178	0.904114178
701.6	0.288285225	0.180273919	0.180273919	0.180273919	0.908147768	0.908147768
702.2	0.288430563	0.180364803	0.180364803	0.180364803	0.90899726	0.90899726
702.8	0.287857498	0.180006448	0.180006448	0.180006448	0.90974315	0.90974315
703.4	0.286830962	0.179364522	0.179364522	0.179364522	0.912295389	0.912295389
704	0.285773931	0.178703528	0.178703528	0.178703528	0.914729694	0.914729694
704.6	0.28489589	0.17815446	0.17815446	0.17815446	0.917523591	0.917523591
705.2	0.284129057	0.177674935	0.177674935	0.177674935	0.920183304	0.920183304
705.8	0.283387296	0.177211089	0.177211089	0.177211089	0.923048889	0.923048889
706.4	0.282586273	0.176710183	0.176710183	0.176710183	0.924926659	0.924926659
707	0.281642721	0.17612015	0.17612015	0.17612015	0.926600452	0.926600452
707.6	0.280554888	0.175439894	0.175439894	0.175439894	0.929287937	0.929287937
708.2	0.27965602	0.174877803	0.174877803	0.174877803	0.931211711	0.931211711
708.8	0.279360239	0.174692842	0.174692842	0.174692842	0.93317647	0.93317647
709.4	0.279632563	0.174863135	0.174863135	0.174863135	0.934798745	0.934798745
710	0.279648085	0.174872841	0.174872841	0.174872841	0.935810573	0.935810573
710.6	0.278568597	0.174197803	0.174197803	0.174197803	0.935468188	0.935468188
711.2	0.276633616	0.172987798	0.172987798	0.172987798	0.935910553	0.935910553
711.8	0.274953054	0.171936889	0.171936889	0.171936889	0.937295172	0.937295172
712.4	0.274435215	0.171613068	0.171613068	0.171613068	0.937937504	0.937937504
713	0.274674605	0.171762766	0.171762766	0.171762766	0.937334899	0.937334899
713.6	0.274794173	0.171837536	0.171837536	0.171837536	0.935910426	0.935910426
714.2	0.274232506	0.171486307	0.171486307	0.171486307	0.935470277	0.935470277
714.8	0.273190543	0.170834734	0.170834734	0.170834734	0.932873815	0.932873815
715.4	0.271981786	0.17007886	0.17007886	0.17007886	0.917235046	0.917235046
716	0.270919744	0.169414732	0.169414732	0.169414732	0.892376468	0.892376468
716.6	0.270317933	0.1690384	0.1690384	0.1690384	0.873658013	0.873658013
717.2	0.270401465	0.169090635	0.169090635	0.169090635	0.854513817	0.854513817
717.8	0.270659462	0.169251969	0.169251969	0.169251969	0.822420152	0.822420152
718.4	0.270215885	0.168974586	0.168974586	0.168974586	0.788088385	0.788088385
719	0.268590172	0.167957976	0.167957976	0.167957976	0.766793211	0.766793211
719.6	0.266637464	0.166736886	0.166736886	0.166736886	0.769510451	0.769510451
720.2	0.265477602	0.166011587	0.166011587	0.166011587	0.790128123	0.790128123
720.8	0.265446182	0.16599194	0.16599194	0.16599194	0.804275282	0.804275282
721.4	0.265729025	0.16616881	0.16616881	0.16616881	0.815547255	0.815547255
722	0.265481007	0.166013717	0.166013717	0.166013717	0.84161928	0.84161928
722.6	0.264607573	0.16546753	0.16546753	0.16546753	0.862375789	0.862375789
723.2	0.263520878	0.164787986	0.164787986	0.164787986	0.855146738	0.855146738
723.8	0.262570324	0.164193574	0.164193574	0.164193574	0.834598922	0.834598922
724.4	0.261764314	0.16368955	0.16368955	0.16368955	0.816494384	0.816494384
725	0.261010874	0.1632184	0.1632184	0.1632184	0.805913588	0.805913588
725.6	0.260229973	0.162730078	0.162730078	0.162730078	0.804317281	0.804317281
726.2	0.259365438	0.162189457	0.162189457	0.162189457	0.810371501	0.810371501
726.8	0.258373126	0.161568932	0.161568932	0.161568932	0.81962431	0.81962431
727.4	0.257388744	0.160953367	0.160953367	0.160953367	0.826419969	0.826419969
728	0.256711782	0.160530041	0.160530041	0.160530041	0.826805369	0.826805369
728.6	0.256572531	0.160442963	0.160442963	0.160442963	0.820973366	0.820973366
729.2	0.25669831	0.160521616	0.160521616	0.160521616	0.817510061	0.817510061
729.8	0.256610296	0.160466579	0.160466579	0.160466579	0.820332971	0.820332971
730.4	0.255998598	0.160084065	0.160084065	0.160084065	0.826160257	0.826160257
731	0.255019453	0.159471774	0.159471774	0.159471774	0.835664558	0.835664558
731.6	0.25390838	0.158776985	0.158776985	0.158776985	0.851478411	0.851478411
732.2	0.252896742	0.158144375	0.158144375	0.158144375	0.868470741	0.868470741
732.8	0.252210803	0.157715436	0.157715436	0.157715436	0.881395565	0.881395565
733.4	0.25203486	0.157605413	0.157605413	0.157605413	0.894588394	0.894588394
734	0.252148514	0.157676484	0.157676484	0.157676484	0.909901553	0.909901553
734.6	0.252103679	0.157648448	0.157648448	0.157648448	0.921571792	0.921571792
735.2	0.251562239	0.157309868	0.157309868	0.157309868	0.926253189	0.926253189
735.8	0.250618993	0.156720026	0.156720026	0.156720026	0.924271379	0.924271379
736.4	0.249473548	0.156003743	0.156003743	0.156003743	0.921239511	0.921239511
737	0.248376787	0.155317904	0.155317904	0.155317904	0.923202872	0.923202872
737.6	0.247664568	0.15487253	0.15487253	0.15487253	0.92530541	0.92530541
738.2	0.247635645	0.154854444	0.154854444	0.154854444	0.924505797	0.924505797
738.8	0.247923987	0.155034754	0.155034754	0.155034754	0.929504239	0.929504239
739.4	0.247656866	0.154867714	0.154867714	0.154867714	0.940490618	0.940490618
740	0.246193212	0.153952445	0.153952445	0.153952445	0.945041532	0.945041532
740.6	0.244217179	0.152716769	0.152716769	0.152716769	0.943608525	0.943608525
741.2	0.242857511	0.151866525	0.151866525	0.151866525	0.945273933	0.945273933
741.8	0.242680107	0.151755588	0.151755588	0.151755588	0.94875182	0.94875182
742.4	0.242975128	0.151940074	0.151940074	0.151940074	0.950319057	0.950319057
743	0.242881209	0.151881344	0.151881344	0.151881344	0.951917834	0.951917834
743.6	0.242118323	0.151404287	0.151404287	0.151404287	0.95308362	0.95308362
744.2	0.241003127	0.15070692	0.15070692	0.15070692	0.954418331	0.954418331
744.8	0.239867756	0.149996936	0.149996936	0.149996936	0.955748574	0.955748574
745.4	0.238953719	0.14942536	0.14942536	0.14942536	0.956900955	0.956900955
746	0.238460165	0.149116725	0.149116725	0.149116725	0.957702081	0.957702081
746.6	0.238449478	0.149110042	0.149110042	0.149110042	0.957671675	0.957671675
747.2	0.238554898	0.149175964	0.149175964	0.149175964	0.956646687	0.956646687
747.8	0.238331572	0.149036311	0.149036311	0.149036311	0.957111923	0.957111923
748.4	0.237605019	0.148581975	0.148581975	0.148581975	0.958063595	0.958063595
749	0.236574679	0.14793767	0.14793767	0.14793767	0.958626655	0.958626655
749.6	0.235467674	0.147245425	0.147245425	0.147245425	0.958847629	0.958847629
750.2	0.234514272	0.146649232	0.146649232	0.146649232	0.958788106	0.958788106
750.8	0.233946738	0.146294335	0.146294335	0.146294335	0.958549995	0.958549995
751.4	0.233891927	0.14626006	0.14626006	0.14626006	0.958781962	0.958781962
752	0.234011093	0.146334579	0.146334579	0.146334579	0.959730296	0.959730296
752.6	0.233839212	0.146227096	0.146227096	0.146227096	0.959454436	0.959454436
753.2	0.233146029	0.145793626	0.145793626	0.145793626	0.958883152	0.958883152
753.8	0.232141907	0.145165717	0.145165717	0.145165717	0.961593681	0.961593681
754.4	0.23108175	0.144502767	0.144502767	0.144502767	0.96344779	0.96344779
755	0.230149206	0.143919617	0.143919617	0.143919617	0.964975799	0.964975799
755.6	0.229466666	0.143492804	0.143492804	0.143492804	0.965497592	0.965497592
756.2	0.229136709	0.143286471	0.143286471	0.143286471	0.964333057	0.964333057
756.8	0.229150631	0.143295177	0.143295177	0.143295177	0.960802078	0.960802078
757.4	0.229456547	0.143486476	0.143486476	0.143486476	0.954224541	0.954224541
758	0.229864521	0.143741595	0.143741595	0.143741595	0.927952996	0.927952996
758.6	0.229828653	0.143719166	0.143719166	0.143719166	0.838881906	0.838881906
759.2	0.22877104	0.143057806	0.143057806	0.143057806	0.721774035	0.721774035
759.8	0.226861929	0.141863979	0.141863979	0.141863979	0.594872266	0.594872266
760.4	0.225137197	0.140785449	0.140785449	0.140785449	0.471937603	0.471937603
761	0.224541925	0.140413206	0.140413206	0.140413206	0.389198015	0.389198015
761.6	0.224767612	0.140554336	0.140554336	0.140554336	0.378631506	0.378631506
762.2	0.224841568	0.140600583	0.140600583	0.140600583	0.420817824	0.420817824
762.8	0.224107078	0.140141283	0.140141283	0.140141283	0.476391432	0.476391432
763.4	0.223067499	0.139491201	0.139491201	0.139491201	0.492573848	0.492573848
764	0.22247849	0.139122875	0.139122875	0.139122875	0.480959735	0.480959735
764.6	0.222555659	0.139171131	0.139171131	0.139171131	0.516115586	0.516115586
765.2	0.222670919	0.139243207	0.139243207	0.139243207	0.591709078	0.591709078
765.8	0.222178583	0.138935333	0.138935333	0.138935333	0.660122853	0.660122853
766.4	0.221187643	0.138315667	0.138315667	0.138315667	0.721092561	0.721092561
767	0.220349835	0.13779176	0.13779176	0.13779176	0.782958759	0.782958759
767.6	0.220167357	0.13767765	0.13767765	0.13767765	0.835820087	0.835820087
768.2	0.220323678	0.137775403	0.137775403	0.137775403	0.874446519	0.874446519
768.8	0.220244791	0.137726072	0.137726072	0.137726072	0.904497905	0.904497905
769.4	0.219601928	0.13732407	0.13732407	0.13732407	0.926735862	0.926735862
770	0.218588862	0.136690567	0.136690567	0.136690567	0.938417424	0.938417424
770.6	0.217465489	0.135988086	0.135988086	0.135988086	0.945724202	0.945724202
771.2	0.216472456	0.135367111	0.135367111	0.135367111	0.955644345	0.955644345
771.8	0.215831756	0.134966461	0.134966461	0.134966461	0.962858483	0.962858483
772.4	0.215705121	0.134887272	0.134887272	0.134887272	0.963517069	0.963517069
773	0.215824944	0.134962201	0.134962201	0.134962201	0.962421004	0.962421004
773.6	0.215735293	0.134906139	0.134906139	0.134906139	0.962540809	0.962540809
774.2	0.215132173	0.134528989	0.134528989	0.134528989	0.963625208	0.963625208
774.8	0.214161665	0.1339221	0.1339221	0.1339221	0.964768087	0.964768087
775.4	0.213052369	0.133228422	0.133228422	0.133228422	0.965019545	0.965019545
776	0.212034059	0.13259164	0.13259164	0.13259164	0.964818276	0.964818276
776.6	0.211338052	0.132156405	0.132156405	0.132156405	0.964798487	0.964798487
777.2	0.211156995	0.132043184	0.132043184	0.132043184	0.964848441	0.964848441
777.8	0.211274355	0.132116573	0.132116573	0.132116573	0.964844082	0.964844082
778.4	0.211228057	0.132087622	0.132087622	0.132087622	0.964836126	0.964836126
779	0.210668486	0.131737704	0.131737704	0.131737704	0.964834692	0.964834692
779.6	0.209724593	0.131147458	0.131147458	0.131147458	0.964834022	0.964834022
780.2	0.208648532	0.130474563	0.130474563	0.130474563	0.964833959	0.964833959
780.8	0.207655758	0.129853749	0.129853749	0.129853749	0.964834344	0.964834344
781.4	0.206896858	0.129379185	0.129379185	0.129379185	0.964835019	0.964835019
782	0.206506575	0.129135129	0.129135129	0.129135129	0.964835827	0.964835827
782.6	0.206470151	0.129112352	0.129112352	0.129112352	0.964836609	0.964836609
783.2	0.206651515	0.129225765	0.129225765	0.129225765	0.964837206	0.964837206
783.8	0.206896012	0.129378656	0.129378656	0.129378656	0.964836906	0.964836906
784.4	0.206961008	0.1294193	0.1294193	0.1294193	0.964836818	0.964836818
785	0.20657274	0.129176504	0.129176504	0.129176504	0.964716596	0.964716596
785.6	0.205674835	0.128615015	0.128615015	0.128615015	0.9636183	0.9636183
786.2	0.204737764	0.128029035	0.128029035	0.128029035	0.961449044	0.961449044
786.8	0.204291802	0.127750161	0.127750161	0.127750161	0.960981316	0.960981316
787.4	0.204367645	0.127797588	0.127797588	0.127797588	0.961301112	0.961301112
788	0.204450293	0.12784927	0.12784927	0.12784927	0.955496532	0.955496532
788.6	0.204055014	0.12760209	0.12760209	0.12760209	0.946050067	0.946050067
789.2	0.203182337	0.127056377	0.127056377	0.127056377	0.942653921	0.942653921
789.8	0.202074806	0.126363803	0.126363803	0.126363803	0.943529025	0.943529025
790.4	0.200978689	0.125678366	0.125678366	0.125678366	0.942829249	0.942829249
791	0.200146814	0.125158168	0.125158168	0.125158168	0.941182815	0.941182815
791.6	0.199827362	0.124958404	0.124958404	0.124958404	0.94098955	0.94098955
792.2	0.199951878	0.125036268	0.125036268	0.125036268	0.944789124	0.944789124
792.8	0.199985439	0.125057255	0.125057255	0.125057255	0.951583917	0.951583917
793.4	0.199411435	0.124698312	0.124698312	0.124698312	0.956456388	0.956456388
794	0.198407458	0.124070493	0.124070493	0.124070493	0.957782524	0.957782524
794.6	0.197622028	0.123579339	0.123579339	0.123579339	0.956221887	0.956221887
795.2	0.197525565	0.123519018	0.123519018	0.123519018	0.952155988	0.952155988
795.8	0.197701094	0.123628781	0.123628781	0.123628781	0.946344874	0.946344874
796.4	0.197471841	0.123485422	0.123485422	0.123485422	0.94102403	0.94102403
797	0.196580778	0.122928212	0.122928212	0.122928212	0.939084021	0.939084021
797.6	0.195612035	0.122322426	0.122322426	0.122322426	0.943682848	0.943682848
798.2	0.195215449	0.122074428	0.122074428	0.122074428	0.951392809	0.951392809
798.8	0.195358219	0.122163707	0.122163707	0.122163707	0.953974817	0.953974817
799.4	0.195382969	0.122179184	0.122179184	0.122179184	0.952683419	0.952683419
800	0.19473675	0.121775083	0.121775083	0.121775083	0.951927671	0.951927671
800.6	0.193724169	0.121141884	0.121141884	0.121141884	0.94906388	0.94906388
801.2	0.193003118	0.120690988	0.120690988	0.120690988	0.942992144	0.942992144
801.8	0.192940281	0.120651694	0.120651694	0.120651694	0.939995224	0.939995224
802.4	0.193094477	0.120748117	0.120748117	0.120748117	0.941728167	0.941728167
803	0.192896788	0.120624496	0.120624496	0.120624496	0.943348716	0.943348716
803.6	0.192146731	0.120155462	0.120155462	0.120155462	0.944321096	0.944321096
804.2	0.191097579	0.119499393	0.119499393	0.119499393	0.946924252	0.946924252
804.8	0.190022137	0.118826885	0.118826885	0.118826885	0.951021839	0.951021839
805.4	0.189110957	0.118257095	0.118257095	0.118257095	0.95540642	0.95540642
806	0.188508085	0.117880101	0.117880101	0.117880101	0.958415383	0.958415383
806.6	0.188303634	0.11775225	0.11775225	0.11775225	0.959112123	0.959112123
807.2	0.188381091	0.117800687	0.117800687	0.117800687	0.957970135	0.957970135
807.8	0.188573987	0.117921311	0.117921311	0.117921311	0.956723695	0.956723695
808.4	0.188715854	0.118010025	0.118010025	0.118010025	0.957432835	0.957432835
809	0.188640222	0.11796273	0.11796273	0.11796273	0.955865405	0.955865405
809.6	0.188191891	0.117682374	0.117682374	0.117682374	0.947572262	0.947572262
810.2	0.187382979	0.117176536	0.117176536	0.117176536	0.941375619	0.941375619
810.8	0.186353746	0.116532923	0.116532923	0.116532923	0.941398269	0.941398269
811.4	0.185264291	0.115851653	0.115851653	0.115851653	0.933086022	0.933086022
812	0.184365153	0.115289393	0.115289393	0.115289393	0.914043716	0.914043716
812.6	0.183936509	0.115021348	0.115021348	0.115021348	0.899120828	0.899120828
813.2	0.184019197	0.115073056	0.115073056	0.115073056	0.885840756	0.885840756
813.8	0.184109071	0.115129257	0.115129257	0.115129257	0.861872094	0.861872094
814.4	0.18365055	0.11484253	0.11484253	0.11484253	0.834655512	0.834655512
815	0.182672637	0.11423101	0.11423101	0.11423101	0.814632287	0.814632287
815.6	0.181807205	0.113689827	0.113689827	0.113689827	0.79723151	0.79723151
816.2	0.181606311	0.113564202	0.113564202	0.113564202	0.78058949	0.78058949
816.8	0.1817843	0.113675504	0.113675504	0.113675504	0.772362898	0.772362898
817.4	0.181662574	0.113599385	0.113599385	0.113599385	0.774740924	0.774740924
818	0.180846183	0.11308887	0.11308887	0.11308887	0.783608288	0.783608288
818.6	0.179843748	0.112462015	0.112462015	0.112462015	0.793348174	0.793348174
819.2	0.179329923	0.112140704	0.112140704	0.112140704	0.801204139	0.801204139
819.8	0.17943256	0.112204886	0.112204886	0.112204886	0.820376715	0.820376715
820.4	0.179519648	0.112259345	0.112259345	0.112259345	0.854616459	0.854616459
821	0.178972021	0.111916896	0.111916896	0.111916896	0.874947243	0.874947243
821.6	0.177962721	0.111285749	0.111285749	0.111285749	0.863138283	0.863138283
822.2	0.177171571	0.110791017	0.110791017	0.110791017	0.822479933	0.822479933
822.8	0.177080597	0.110734129	0.110734129	0.110734129	0.775838802	0.775838802
823.4	0.177257051	0.110844471	0.110844471	0.110844471	0.755428029	0.755428029
824	0.177018437	0.110695258	0.110695258	0.110695258	0.768216958	0.768216958
824.6	0.176122583	0.110135052	0.110135052	0.110135052	0.807384503	0.807384503
825.2	0.175157848	0.109531772	0.109531772	0.109531772	0.854118457	0.854118457
825.8	0.174766312	0.109286933	0.109286933	0.109286933	0.888492328	0.888492328
826.4	0.17490323	0.109372552	0.109372552	0.109372552	0.894002744	0.894002744
827	0.174930594	0.109389663	0.109389663	0.109389663	0.876840036	0.876840036
827.6	0.174317401	0.109006214	0.109006214	0.109006214	0.862912108	0.862912108
828.2	0.173327206	0.108387014	0.108387014	0.108387014	0.855471073	0.855471073
828.8	0.172530875	0.107889043	0.107889043	0.107889043	0.847881874	0.847881874
829.4	0.172294324	0.10774112	0.10774112	0.10774112	0.848083591	0.848083591
830	0.172450166	0.107838573	0.107838573	0.107838573	0.860761027	0.860761027
830.6	0.172745721	0.108023393	0.108023393	0.108023393	0.872230593	0.872230593
831.2	0.172929549	0.108138346	0.108138346	0.108138346	0.875634853	0.875634853
831.8	0.172751647	0.108027099	0.108027099	0.108027099	0.876640224	0.876640224
832.4	0.172016535	0.10756741	0.10756741	0.10756741	0.876064731	0.876064731
833	0.171022447	0.106945775	0.106945775	0.106945775	0.872537329	0.872537329
833.6	0.170330505	0.106513081	0.106513081	0.106513081	0.879028037	0.879028037
834.2	0.170285529	0.106484957	0.106484957	0.106484957	0.904484356	0.904484356
834.8	0.170440095	0.106581611	0.106581611	0.106581611	0.923677827	0.923677827
835.4	0.170174528	0.106415544	0.106415544	0.106415544	0.923144519	0.923144519
836	0.169306991	0.105873046	0.105873046	0.105873046	0.923847987	0.923847987
836.6	0.168342989	0.105270225	0.105270225	0.105270225	0.933403541	0.933403541
837.2	0.167814823	0.104939946	0.104939946	0.104939946	0.942630449	0.942630449
837.8	0.167800099	0.104930738	0.104930738	0.104930738	0.948334343	0.948334343
838.4	0.168047851	0.105085666	0.105085666	0.105085666	0.951294948	0.951294948
839	0.168304585	0.105246209	0.105246209	0.105246209	0.952877746	0.952877746
839.6	0.16834114	0.105269068	0.105269068	0.105269068	0.95413409	0.95413409
840.2	0.167937209	0.105016478	0.105016478	0.105016478	0.954910009	0.954910009
840.8	0.167070165	0.104474288	0.104474288	0.104474288	0.955390432	0.955390432
841.4	0.166140548	0.103892968	0.103892968	0.103892968	0.956449436	0.956449436
842	0.165588505	0.103547758	0.103547758	0.103547758	0.958336479	0.958336479
842.6	0.165525703	0.103508486	0.103508486	0.103508486	0.960719372	0.960719372
843.2	0.165743968	0.103644974	0.103644974	0.103644974	0.962875125	0.962875125
843.8	0.166018668	0.103816753	0.103816753	0.103816753	0.964395359	0.964395359
844.4	0.166101864	0.103868778	0.103868778	0.103868778	0.966557908	0.966557908
845	0.165735469	0.10363966	0.10363966	0.10363966	0.969666493	0.969666493
845.6	0.164844092	0.103082253	0.103082253	0.103082253	0.971542739	0.971542739
846.2	0.163893643	0.102487907	0.102487907	0.102487907	0.971862616	0.971862616
846.8	0.163437412	0.102202612	0.102202612	0.102202612	0.972369175	0.972369175
847.4	0.16353701	0.102264893	0.102264893	0.102264893	0.972943161	0.972943161
848	0.163609361	0.102310137	0.102310137	0.102310137	0.972600393	0.972600393
848.6	0.163093415	0.101987499	0.101987499	0.101987499	0.971842508	0.971842508
849.2	0.162126172	0.101382651	0.101382651	0.101382651	0.971293775	0.971293775
849.8	0.161265564	0.100844486	0.100844486	0.100844486	0.970797617	0.970797617
850.4	0.160944729	0.100643857	0.100643857	0.100643857	0.970423605	0.970423605
851	0.161054093	0.100712246	0.100712246	0.100712246	0.970095959	0.970095959
851.6	0.161343134	0.100892993	0.100892993	0.100892993	0.96991839	0.96991839
852.2	0.161561347	0.101029448	0.101029448	0.101029448	0.970177334	0.970177334
852.8	0.161458257	0.100964983	0.100964983	0.100964983	0.970945068	0.970945068
853.4	0.160809605	0.10055936	0.10055936	0.10055936	0.971632354	0.971632354
854	0.15981951	0.099940222	0.099940222	0.099940222	0.971987337	0.971987337
854.6	0.159041368	0.099453625	0.099453625	0.099453625	0.971989892	0.971989892
855.2	0.158906586	0.099369342	0.099369342	0.099369342	0.971926274	0.971926274
855.8	0.15907121	0.099472286	0.099472286	0.099472286	0.972483044	0.972483044
856.4	0.158910391	0.099371721	0.099371721	0.099371721	0.973293492	0.973293492
857	0.158111788	0.09887233	0.09887233	0.09887233	0.973868578	0.973868578
857.6	0.157125168	0.098255364	0.098255364	0.098255364	0.974504112	0.974504112
858.2	0.156500527	0.097864757	0.097864757	0.097864757	0.975159981	0.975159981
858.8	0.156416174	0.097812008	0.097812008	0.097812008	0.975796071	0.975796071
859.4	0.156642488	0.097953529	0.097953529	0.097953529	0.976372271	0.976372271
860	0.156928992	0.098132689	0.098132689	0.098132689	0.976848466	0.976848466
860.6	0.15702518	0.098192839	0.098192839	0.098192839	0.977448696	0.977448696
861.2	0.156680553	0.097977332	0.097977332	0.097977332	0.977131527	0.977131527
861.8	0.155803957	0.097429169	0.097429169	0.097429169	0.976716476	0.976716476
862.4	0.154844664	0.096829293	0.096829293	0.096829293	0.977022957	0.977022957
863	0.154357858	0.096524877	0.096524877	0.096524877	0.978217497	0.978217497
863.6	0.154444104	0.09657881	0.09657881	0.09657881	0.979169152	0.979169152
864.2	0.154530987	0.096633141	0.096633141	0.096633141	0.979170759	0.979170759
864.8	0.15404533	0.096329444	0.096329444	0.096329444	0.978989621	0.978989621
865.4	0.153085904	0.095729484	0.095729484	0.095729484	0.979021169	0.979021169
866	0.15220953	0.09518146	0.09518146	0.09518146	0.979056181	0.979056181
866.6	0.151867289	0.094967446	0.094967446	0.094967446	0.97904255	0.97904255
867.2	0.151963838	0.095027821	0.095027821	0.095027821	0.979038658	0.979038658
867.8	0.152241161	0.09520124	0.09520124	0.09520124	0.979037293	0.979037293
868.4	0.152452296	0.095333269	0.095333269	0.095333269	0.979037009	0.979037009
869	0.152372595	0.09528343	0.09528343	0.09528343	0.979037513	0.979037513
869.6	0.151797157	0.09492359	0.09492359	0.09492359	0.979038513	0.979038513
870.2	0.150859998	0.094337555	0.094337555	0.094337555	0.979039718	0.979039718
870.8	0.150006707	0.093803965	0.093803965	0.093803965	0.979040835	0.979040835
871.4	0.14962961	0.093568154	0.093568154	0.093568154	0.979042059	0.979042059
872	0.149682172	0.093601022	0.093601022	0.093601022	0.979041039	0.979041039
872.6	0.149935917	0.093759697	0.093759697	0.093759697	0.979041004	0.979041004
873.2	0.150161622	0.093900838	0.093900838	0.093900838	0.9790409	0.9790409
873.8	0.150129606	0.093880817	0.093880817	0.093880817	0.979040304	0.979040304
874.4	0.149618526	0.093561223	0.093561223	0.093561223	0.979042507	0.979042507
875	0.148701138	0.092987551	0.092987551	0.092987551	0.979043364	0.979043364
875.6	0.147814127	0.092432875	0.092432875	0.092432875	0.979032708	0.979032708
876.2	0.147374986	0.092158266	0.092158266	0.092158266	0.979037231	0.979037231
876.8	0.147390246	0.092167808	0.092167808	0.092167808	0.979079885	0.979079885
877.4	0.147632936	0.09231957	0.09231957	0.09231957	0.979024911	0.979024911
878	0.147873431	0.092469959	0.092469959	0.092469959	0.978641654	0.978641654
878.6	0.14788224	0.092475468	0.092475468	0.092475468	0.977891475	0.977891475
879.2	0.147433149	0.092194637	0.092194637	0.092194637	0.977432272	0.977432272
879.8	0.14654169	0.091637179	0.091637179	0.091637179	0.976952148	0.976952148
880.4	0.145627985	0.09106581	0.09106581	0.09106581	0.976512298	0.976512298
881	0.145125981	0.090751891	0.090751891	0.090751891	0.976173918	0.976173918
881.6	0.145099924	0.090735597	0.090735597	0.090735597	0.975998202	0.975998202
882.2	0.145329567	0.0908792	0.0908792	0.0908792	0.976463904	0.976463904
882.8	0.145586189	0.091039674	0.091039674	0.091039674	0.977055561	0.977055561
883.4	0.145634704	0.091070012	0.091070012	0.091070012	0.97690748	0.97690748
884	0.145238694	0.090822374	0.090822374	0.090822374	0.977367464	0.977367464
884.6	0.144362503	0.090274464	0.090274464	0.090274464	0.978149812	0.978149812
885.2	0.143429914	0.089691287	0.089691287	0.089691287	0.976906127	0.976906127
885.8	0.142912898	0.08936798	0.08936798	0.08936798	0.974267445	0.974267445
886.4	0.142895672	0.089357208	0.089357208	0.089357208	0.972570087	0.972570087
887	0.143060671	0.089460387	0.089460387	0.089460387	0.971900224	0.971900224
887.6	0.143111883	0.089492411	0.089492411	0.089492411	0.971723384	0.971723384
888.2	0.143068074	0.089465017	0.089465017	0.089465017	0.972152076	0.972152076
888.8	0.14309642	0.089482742	0.089482742	0.089482742	0.97326522	0.97326522
889.4	0.143260071	0.089585078	0.089585078	0.089585078	0.974850733	0.974850733
890	0.143288898	0.089603105	0.089603105	0.089603105	0.975972249	0.975972249
890.6	0.142853833	0.089331045	0.089331045	0.089331045	0.975021263	0.975021263
891.2	0.141952529	0.088767431	0.088767431	0.088767431	0.97008997	0.97008997
891.8	0.141038846	0.088196076	0.088196076	0.088196076	0.961040963	0.961040963
892.4	0.140564532	0.087899472	0.087899472	0.087899472	0.955891057	0.955891057
893	0.140564617	0.087899525	0.087899525	0.087899525	0.955581356	0.955581356
893.6	0.140806264	0.088050635	0.088050635	0.088050635	0.940843377	0.940843377
894.2	0.141053657	0.088205337	0.088205337	0.088205337	0.911700161	0.911700161
894.8	0.141077435	0.088220207	0.088220207	0.088220207	0.893107547	0.893107547
895.4	0.140652022	0.087954182	0.087954182	0.087954182	0.879904433	0.879904433
896	0.139772072	0.087403922	0.087403922	0.087403922	0.851015952	0.851015952
896.6	0.1388497	0.086827133	0.086827133	0.086827133	0.822684202	0.822684202
897.2	0.138324053	0.086498429	0.086498429	0.086498429	0.810950988	0.810950988
897.8	0.13828175	0.086471976	0.086471976	0.086471976	0.786766668	0.786766668
898.4	0.138503457	0.086610616	0.086610616	0.086610616	0.741199362	0.741199362
899	0.138759676	0.086770838	0.086770838	0.086770838	0.712589215	0.712589215
899.6	0.138820881	0.086809112	0.086809112	0.086809112	0.70846194	0.70846194
900.2	0.13845788	0.086582116	0.086582116	0.086582116	0.706276238	0.706276238
900.8	0.137612347	0.086053377	0.086053377	0.086053377	0.712701886	0.712701886
901.4	0.136671425	0.085464988	0.085464988	0.085464988	0.742670262	0.742670262
902	0.136084154	0.085097749	0.085097749	0.085097749	0.776852731	0.776852731
902.6	0.135996492	0.085042932	0.085042932	0.085042932	0.798101499	0.798101499
903.2	0.136200381	0.085170429	0.085170429	0.085170429	0.816463851	0.816463851
903.8	0.136467235	0.085337302	0.085337302	0.085337302	0.83950177	0.83950177
904.4	0.136564172	0.085397919	0.085397919	0.085397919	0.865702543	0.865702543
905	0.136256005	0.085205213	0.085205213	0.085205213	0.880445548	0.880445548
905.6	0.135438301	0.084693877	0.084693877	0.084693877	0.865399542	0.865399542
906.2	0.134482819	0.084096384	0.084096384	0.084096384	0.835762737	0.835762737
906.8	0.1338651	0.083710104	0.083710104	0.083710104	0.812345556	0.812345556
907.4	0.133772386	0.083652127	0.083652127	0.083652127	0.791317695	0.791317695
908	0.133937123	0.083755143	0.083755143	0.083755143	0.769855001	0.769855001
908.6	0.13406651	0.083836053	0.083836053	0.083836053	0.75547366	0.75547366
909.2	0.134071098	0.083838921	0.083838921	0.083838921	0.752578641	0.752578641
909.8	0.134009091	0.083800146	0.083800146	0.083800146	0.760863596	0.760863596
910.4	0.133942012	0.0837582	0.0837582	0.0837582	0.773799842	0.773799842
911	0.133931387	0.083751556	0.083751556	0.083751556	0.781946156	0.781946156
911.6	0.134038145	0.083818315	0.083818315	0.083818315	0.777557115	0.777557115
912.2	0.134215789	0.083929401	0.083929401	0.083929401	0.760105125	0.760105125
912.8	0.134186689	0.083911204	0.083911204	0.083911204	0.745014871	0.745014871
913.4	0.133660477	0.083582147	0.083582147	0.083582147	0.740270033	0.740270033
914	0.132728374	0.082999273	0.082999273	0.082999273	0.741046985	0.741046985
914.6	0.131854914	0.082453071	0.082453071	0.082453071	0.744070216	0.744070216
915.2	0.131458304	0.082205058	0.082205058	0.082205058	0.747892555	0.747892555
915.8	0.131504663	0.082234048	0.082234048	0.082234048	0.751263038	0.751263038
916.4	0.131759644	0.082393496	0.082393496	0.082393496	0.754105888	0.754105888
917	0.131989606	0.082537298	0.082537298	0.082537298	0.760088295	0.760088295
917.6	0.131965701	0.08252235	0.08252235	0.08252235	0.771935684	0.771935684
918.2	0.131466998	0.082210495	0.082210495	0.082210495	0.789173691	0.789173691
918.8	0.130554693	0.081640001	0.081640001	0.081640001	0.80935823	0.80935823
919.4	0.129661679	0.081081571	0.081081571	0.081081571	0.828860158	0.828860158
920	0.129208668	0.080798289	0.080798289	0.080798289	0.848473015	0.848473015
920.6	0.129214897	0.080802185	0.080802185	0.080802185	0.869105103	0.869105103
921.2	0.129456327	0.080953158	0.080953158	0.080953158	0.880187002	0.880187002
921.8	0.129703938	0.081107997	0.081107997	0.081107997	0.875270958	0.875270958
922.4	0.129722129	0.081119373	0.081119373	0.081119373	0.866609448	0.866609448
923	0.129276258	0.080840556	0.080840556	0.080840556	0.861617851	0.861617851
923.6	0.128374976	0.080276955	0.080276955	0.080276955	0.857272908	0.857272908
924.2	0.127461233	0.079705563	0.079705563	0.079705563	0.851348391	0.851348391
924.8	0.126996625	0.079415028	0.079415028	0.079415028	0.844133809	0.844133809
925.4	0.127009733	0.079423225	0.079423225	0.079423225	0.845052476	0.845052476
926	0.127174397	0.079526195	0.079526195	0.079526195	0.856463173	0.856463173
926.6	0.127209901	0.079548397	0.079548397	0.079548397	0.842917326	0.842917326
927.2	0.127165298	0.079520505	0.079520505	0.079520505	0.796005567	0.796005567
927.8	0.127209746	0.0795483	0.0795483	0.0795483	0.770597408	0.770597408
928.4	0.127378493	0.079653823	0.079653823	0.079653823	0.762315287	0.762315287
929	0.127378526	0.079653843	0.079653843	0.079653843	0.706687747	0.706687747
929.6	0.12688159	0.079343093	0.079343093	0.079343093	0.625431465	0.625431465
930.2	0.125947935	0.078759249	0.078759249	0.078759249	0.576773309	0.576773309
930.8	0.125066211	0.078207879	0.078207879	0.078207879	0.543597952	0.543597952
931.4	0.124686643	0.077970523	0.077970523	0.077970523	0.497672832	0.497672832
932	0.124746624	0.078008031	0.078008031	0.078008031	0.442900498	0.442900498
932.6	0.124925214	0.078119709	0.078119709	0.078119709	0.385567783	0.385567783
933.2	0.124980314	0.078154165	0.078154165	0.078154165	0.328736869	0.328736869
933.8	0.124945368	0.078132312	0.078132312	0.078132312	0.285153729	0.285153729
934.4	0.12491153	0.078111152	0.078111152	0.078111152	0.272407748	0.272407748
935	0.12491753	0.078114904	0.078114904	0.078114904	0.28663544	0.28663544
935.6	0.124924119	0.078119025	0.078119025	0.078119025	0.311153033	0.311153033
936.2	0.124891761	0.07809879	0.07809879	0.07809879	0.31710657	0.31710657
936.8	0.124857324	0.078077256	0.078077256	0.078077256	0.30183523	0.30183523
937.4	0.124910014	0.078110204	0.078110204	0.078110204	0.31653012	0.31653012
938	0.125083989	0.078218996	0.078218996	0.078218996	0.364910358	0.364910358
938.6	0.125144482	0.078256825	0.078256825	0.078256825	0.398854666	0.398854666
939.2	0.124777925	0.078027605	0.078027605	0.078027605	0.428871802	0.428871802
939.8	0.123914208	0.077487495	0.077487495	0.077487495	0.488293165	0.488293165
940.4	0.12297602	0.076900816	0.076900816	0.076900816	0.538801795	0.538801795
941	0.122427691	0.076557929	0.076557929	0.076557929	0.540393459	0.540393459
941.6	0.122376041	0.07652563	0.07652563	0.07652563	0.510570451	0.510570451
942.2	0.122597668	0.076664221	0.076664221	0.076664221	0.471428778	0.471428778
942.8	0.122857527	0.076826719	0.076826719	0.076826719	0.437462542	0.437462542
943.4	0.122925644	0.076869314	0.076869314	0.076869314	0.415789967	0.415789967
944	0.122574362	0.076649647	0.076649647	0.076649647	0.407474723	0.407474723
944.6	0.121736443	0.076125669	0.076125669	0.076125669	0.409713547	0.409713547
945.2	0.120792653	0.075535487	0.075535487	0.075535487	0.417458123	0.417458123
945.8	0.120193093	0.075160563	0.075160563	0.075160563	0.423491667	0.423491667
946.4	0.120095718	0.075099672	0.075099672	0.075099672	0.423072844	0.423072844
947	0.120295243	0.075224441	0.075224441	0.075224441	0.417774573	0.417774573
947.6	0.12056324	0.075392028	0.075392028	0.075392028	0.41968552	0.41968552
948.2	0.120666965	0.075456891	0.075456891	0.075456891	0.447763274	0.447763274
948.8	0.120371215	0.075271949	0.075271949	0.075271949	0.477759326	0.477759326
949.4	0.119562679	0.074766345	0.074766345	0.074766345	0.471898872	0.471898872
950	0.118604895	0.074167413	0.074167413	0.074167413	0.464640983	0.464640983
950.6	0.117974317	0.073773092	0.073773092	0.073773092	0.490726748	0.490726748
951.2	0.117871651	0.073708892	0.073708892	0.073708892	0.518775945	0.518775945
951.8	0.118033852	0.073810321	0.073810321	0.073810321	0.520085467	0.520085467
952.4	0.118166565	0.073893311	0.073893311	0.073893311	0.489022958	0.489022958
953	0.118173663	0.07389775	0.07389775	0.07389775	0.454333989	0.454333989
953.6	0.118112288	0.07385937	0.07385937	0.07385937	0.463716744	0.463716744
954.2	0.118043787	0.073816534	0.073816534	0.073816534	0.499825805	0.499825805
954.8	0.118030756	0.073808385	0.073808385	0.073808385	0.523265098	0.523265098
955.4	0.11813579	0.073874067	0.073874067	0.073874067	0.528245989	0.528245989
956	0.118317743	0.073987848	0.073987848	0.073987848	0.523508253	0.523508253
956.6	0.118296836	0.073974774	0.073974774	0.073974774	0.529900334	0.529900334
957.2	0.117775299	0.07364864	0.07364864	0.07364864	0.545011496	0.545011496
957.8	0.116837594	0.073062263	0.073062263	0.073062263	0.54109157	0.54109157
958.4	0.115966124	0.072517305	0.072517305	0.072517305	0.523902378	0.523902378
959	0.115597492	0.072286788	0.072286788	0.072286788	0.517222959	0.517222959
959.6	0.115660673	0.072326297	0.072326297	0.072326297	0.520689944	0.520689944
960.2	0.115844067	0.072440979	0.072440979	0.072440979	0.529973315	0.529973315
960.8	0.115912364	0.072483687	0.072483687	0.072483687	0.553471535	0.553471535
961.4	0.115878562	0.07246255	0.07246255	0.07246255	0.589376004	0.589376004
962	0.115805143	0.072416639	0.072416639	0.072416639	0.617376158	0.617376158
962.6	0.115754864	0.072385197	0.072385197	0.072385197	0.632514161	0.632514161
963.2	0.115790866	0.072407711	0.072407711	0.072407711	0.643629396	0.643629396
963.8	0.115957675	0.072512022	0.072512022	0.072512022	0.651885935	0.651885935
964.4	0.116082714	0.072590213	0.072590213	0.072590213	0.655669557	0.655669557
965	0.115853166	0.072446669	0.072446669	0.072446669	0.658033237	0.658033237
965.6	0.115075964	0.07196066	0.07196066	0.07196066	0.663417203	0.663417203
966.2	0.114106055	0.071354145	0.071354145	0.071354145	0.67660106	0.67660106
966.8	0.113449669	0.070943686	0.070943686	0.070943686	0.699852593	0.699852593
967.4	0.11334114	0.070875819	0.070875819	0.070875819	0.732173731	0.732173731
968	0.113496838	0.070973182	0.070973182	0.070973182	0.769511944	0.769511944
968.6	0.113589375	0.071031048	0.071031048	0.071031048	0.805776012	0.805776012
969.2	0.113552741	0.07100814	0.07100814	0.07100814	0.834061124	0.834061124
969.8	0.113548854	0.071005709	0.071005709	0.071005709	0.850007698	0.850007698
970.4	0.113695863	0.071097639	0.071097639	0.071097639	0.857640287	0.857640287
971	0.113785393	0.071153625	0.071153625	0.071153625	0.860897896	0.860897896
971.6	0.11348168	0.070963703	0.070963703	0.070963703	0.860873	0.860873
972.2	0.112652259	0.07044504	0.07044504	0.07044504	0.854423948	0.854423948
972.8	0.11169826	0.069848474	0.069848474	0.069848474	0.836354865	0.836354865
973.4	0.111096982	0.069472476	0.069472476	0.069472476	0.814182692	0.814182692
974	0.111007469	0.069416501	0.069416501	0.069416501	0.798294498	0.798294498
974.6	0.111215248	0.069546432	0.069546432	0.069546432	0.784312901	0.784312901
975.2	0.111484704	0.069714931	0.069714931	0.069714931	0.771776273	0.771776273
975.8	0.111581822	0.069775662	0.069775662	0.069775662	0.776947314	0.776947314
976.4	0.111273453	0.069582829	0.069582829	0.069582829	0.799793806	0.799793806
977	0.110456057	0.069071685	0.069071685	0.069071685	0.819019147	0.819019147
977.6	0.109500605	0.068474211	0.068474211	0.068474211	0.829455874	0.829455874
978.2	0.108882141	0.068087465	0.068087465	0.068087465	0.836761698	0.836761698
978.8	0.108788665	0.068029012	0.068029012	0.068029012	0.840097513	0.840097513
979.4	0.108953159	0.068131876	0.068131876	0.068131876	0.839830513	0.839830513
980	0.109082923	0.068213021	0.068213021	0.068213021	0.847607414	0.847607414
980.6	0.109087857	0.068216106	0.068216106	0.068216106	0.866764482	0.866764482
981.2	0.109025684	0.068177228	0.068177228	0.068177228	0.88373567	0.88373567
981.8	0.108957736	0.068134738	0.068134738	0.068134738	0.893947066	0.893947066
982.4	0.108946632	0.068127794	0.068127794	0.068127794	0.902232412	0.902232412
983	0.109054815	0.068195444	0.068195444	0.068195444	0.909845963	0.909845963
983.6	0.109235673	0.06830854	0.06830854	0.06830854	0.91639778	0.91639778
984.2	0.109206773	0.068290468	0.068290468	0.068290468	0.923191001	0.923191001
984.8	0.108672544	0.067956398	0.067956398	0.067956398	0.931142451	0.931142451
985.4	0.107730899	0.067367557	0.067367557	0.067367557	0.939234739	0.939234739
986	0.106866529	0.066827039	0.066827039	0.066827039	0.946818035	0.946818035
986.6	0.106510437	0.066604363	0.066604363	0.066604363	0.953938254	0.953938254
987.2	0.106579647	0.066647642	0.066647642	0.066647642	0.959273598	0.959273598
987.8	0.106762166	0.066761778	0.066761778	0.066761778	0.961232713	0.961232713
988.4	0.106827474	0.066802617	0.066802617	0.066802617	0.962757529	0.962757529
989	0.106792121	0.06678051	0.06678051	0.06678051	0.966598661	0.966598661
989.6	0.106718704	0.0667346	0.0667346	0.0667346	0.969331935	0.969331935
990.2	0.106669873	0.066704064	0.066704064	0.066704064	0.96914665	0.96914665
990.8	0.106708351	0.066728126	0.066728126	0.066728126	0.969010059	0.969010059
991.4	0.106876428	0.066833229	0.066833229	0.066833229	0.969939359	0.969939359
992	0.106996428	0.066908269	0.066908269	0.066908269	0.97079327	0.97079327
992.6	0.10675674	0.066758385	0.066758385	0.066758385	0.971872874	0.971872874
993.2	0.105973292	0.066268469	0.066268469	0.066268469	0.973971347	0.973971347
993.8	0.105005798	0.065663465	0.065663465	0.065663465	0.976411461	0.976411461
994.4	0.104353776	0.065255735	0.065255735	0.065255735	0.978314229	0.978314229
995	0.104242208	0.065185968	0.065185968	0.065185968	0.979126436	0.979126436
995.6	0.104403578	0.065286877	0.065286877	0.065286877	0.979300481	0.979300481
996.2	0.104531807	0.065367063	0.065367063	0.065367063	0.979433012	0.979433012
996.8	0.104531881	0.06536711	0.06536711	0.06536711	0.979542488	0.979542488
997.4	0.104482525	0.065336245	0.065336245	0.065336245	0.97964737	0.97964737
998	0.104456589	0.065320027	0.065320027	0.065320027	0.979766118	0.979766118
998.6	0.1044614	0.065323036	0.065323036	0.065323036	0.979917193	0.979917193
999.2	0.104480217	0.065334803	0.065334803	0.065334803	0.980331412	0.980331412
999.8	0.104496261	0.065344835	0.065344835	0.065344835	0.981199692	0.981199692
1000.4	0.104492751	0.06534264	0.06534264	0.06534264	0.980277382	0.980277382
1001	0.104454551	0.065318752	0.065318752	0.065318752	0.977696094	0.977696094
1001.6	0.104412253	0.065292303	0.065292303	0.065292303	0.975692717	0.975692717
1002.2	0.104447124	0.065314108	0.065314108	0.065314108	0.974987208	0.974987208
1002.8	0.104614042	0.065418487	0.065418487	0.065418487	0.975487985	0.975487985
1003.4	0.104720451	0.065485029	0.065485029	0.065485029	0.977456952	0.977456952
1004	0.10444854	0.065314994	0.065314994	0.065314994	0.980541067	0.980541067
1004.6	0.103638608	0.064808517	0.064808517	0.064808517	0.982657561	0.982657561
1005.2	0.10267636	0.064206793	0.064206793	0.064206793	0.983084164	0.983084164
1005.8	0.102058605	0.063820492	0.063820492	0.063820492	0.983188654	0.983188654
1006.4	0.101972523	0.063766662	0.063766662	0.063766662	0.98317103	0.98317103
1007	0.102142483	0.063872943	0.063872943	0.063872943	0.982370521	0.982370521
1007.6	0.102271603	0.063953686	0.063953686	0.063953686	0.98099606	0.98099606
1008.2	0.102274287	0.063955364	0.063955364	0.063955364	0.979433126	0.979433126
1008.8	0.102210366	0.063915392	0.063915392	0.063915392	0.977416165	0.977416165
1009.4	0.10214254	0.063872979	0.063872979	0.063872979	0.975387698	0.975387698
1010	0.102133519	0.063867337	0.063867337	0.063867337	0.975269707	0.975269707
1010.6	0.102245218	0.063937186	0.063937186	0.063937186	0.977286199	0.977286199
1011.2	0.102425128	0.06404969	0.06404969	0.06404969	0.979833738	0.979833738
1011.8	0.102387977	0.064026458	0.064026458	0.064026458	0.981970445	0.981970445
1012.4	0.101840314	0.063683987	0.063683987	0.063683987	0.983326521	0.983326521
1013	0.100894195	0.063092349	0.063092349	0.063092349	0.984250769	0.984250769
1013.6	0.100038013	0.062556951	0.062556951	0.062556951	0.984993444	0.984993444
1014.2	0.099697754	0.062344176	0.062344176	0.062344176	0.985018315	0.985018315
1014.8	0.099774613	0.062392239	0.062392239	0.062392239	0.984355619	0.984355619
1015.4	0.099950089	0.06250197	0.06250197	0.06250197	0.983945243	0.983945243
1016	0.099999246	0.062532709	0.062532709	0.062532709	0.984059476	0.984059476
1016.6	0.099961941	0.062509381	0.062509381	0.062509381	0.984444658	0.984444658
1017.2	0.099922844	0.062484932	0.062484932	0.062484932	0.985164401	0.985164401
1017.8	0.099919697	0.062482964	0.062482964	0.062482964	0.986089541	0.986089541
1018.4	0.099931614	0.062490416	0.062490416	0.062490416	0.985907315	0.985907315
1019	0.099936223	0.062493298	0.062493298	0.062493298	0.984134947	0.984134947
1019.6	0.0999331	0.062491345	0.062491345	0.062491345	0.982347129	0.982347129
1020.2	0.09993442	0.062492171	0.062492171	0.062492171	0.981858524	0.981858524
1020.8	0.099946227	0.062499554	0.062499554	0.062499554	0.983263701	0.983263701
1021.4	0.099949874	0.062501835	0.062501835	0.062501835	0.985051885	0.985051885
1022	0.09992115	0.062483873	0.062483873	0.062483873	0.985053294	0.985053294
1022.6	0.099874662	0.062454803	0.062454803	0.062454803	0.983948469	0.983948469
1023.2	0.099890623	0.062464783	0.062464783	0.062464783	0.983111697	0.983111697
1023.8	0.100041141	0.062558907	0.062558907	0.062558907	0.983345911	0.983345911
1024.4	0.100179352	0.062645335	0.062645335	0.062645335	0.984588198	0.984588198
1025	0.099988273	0.062525847	0.062525847	0.062525847	0.985706783	0.985706783
1025.6	0.099244827	0.062060946	0.062060946	0.062060946	0.986141204	0.986141204
1026.2	0.09827134	0.061452194	0.061452194	0.061452194	0.985881544	0.985881544
1026.8	0.097577142	0.06101809	0.06101809	0.06101809	0.985103732	0.985103732
1027.4	0.097437486	0.060930759	0.060930759	0.060930759	0.984225052	0.984225052
1028	0.097586033	0.06102365	0.06102365	0.06102365	0.984269529	0.984269529
1028.6	0.097689772	0.061088521	0.061088521	0.061088521	0.985503327	0.985503327
1029.2	0.097656393	0.061067648	0.061067648	0.061067648	0.986480882	0.986480882
1029.8	0.097645363	0.061060751	0.061060751	0.061060751	0.986933179	0.986933179
1030.4	0.097787642	0.061149723	0.061149723	0.061149723	0.987323028	0.987323028
1031	0.097894032	0.061216252	0.061216252	0.061216252	0.98760808	0.98760808
1031.6	0.097622876	0.061046689	0.061046689	0.061046689	0.987926639	0.987926639
1032.2	0.096807286	0.060536675	0.060536675	0.060536675	0.988257216	0.988257216
1032.8	0.095844649	0.059934707	0.059934707	0.059934707	0.98857832	0.98857832
1033.4	0.095238439	0.059555625	0.059555625	0.059555625	0.988868461	0.988868461
1034	0.095164267	0.059509243	0.059509243	0.059509243	0.989106148	0.989106148
1034.6	0.095335518	0.059616331	0.059616331	0.059616331	0.98938902	0.98938902
1035.2	0.095450681	0.059688347	0.059688347	0.059688347	0.989230537	0.989230537
1035.8	0.095442004	0.05968292	0.05968292	0.05968292	0.989133314	0.989133314
1036.4	0.095393459	0.059652564	0.059652564	0.059652564	0.989187153	0.989187153
1037	0.095375193	0.059641141	0.059641141	0.059641141	0.989194883	0.989194883
1037.6	0.095383352	0.059646243	0.059646243	0.059646243	0.98918795	0.98918795
1038.2	0.095393322	0.059652478	0.059652478	0.059652478	0.98919921	0.98919921
1038.8	0.095392289	0.059651832	0.059651832	0.059651832	0.989157841	0.989157841
1039.4	0.095390036	0.059650423	0.059650423	0.059650423	0.989142767	0.989142767
1040	0.095397868	0.059655321	0.059655321	0.059655321	0.989350606	0.989350606
1040.6	0.095408243	0.059661808	0.059661808	0.059661808	0.989253148	0.989253148
1041.2	0.095397101	0.059654841	0.059654841	0.059654841	0.989036799	0.989036799
1041.8	0.095351005	0.059626016	0.059626016	0.059626016	0.988827833	0.988827833
1042.4	0.095327928	0.059611585	0.059611585	0.059611585	0.988586554	0.988586554
1043	0.095413746	0.05966525	0.05966525	0.05966525	0.988325407	0.988325407
1043.6	0.095594516	0.059778291	0.059778291	0.059778291	0.988056838	0.988056838
1044.2	0.095593142	0.059777431	0.059777431	0.059777431	0.987793291	0.987793291
1044.8	0.095101159	0.059469779	0.059469779	0.059469779	0.987547212	0.987547212
1045.4	0.094172002	0.058888748	0.058888748	0.058888748	0.987331043	0.987331043
1046	0.093285858	0.058334613	0.058334613	0.058334613	0.987156391	0.987156391
1046.6	0.092893392	0.058089192	0.058089192	0.058089192	0.986949442	0.986949442
1047.2	0.092945831	0.058121984	0.058121984	0.058121984	0.987210865	0.987210865
1047.8	0.093124475	0.058233696	0.058233696	0.058233696	0.987275211	0.987275211
1048.4	0.093182719	0.058270118	0.058270118	0.058270118	0.986974194	0.986974194
1049	0.093149085	0.058249085	0.058249085	0.058249085	0.986369714	0.986369714
1049.6	0.093114611	0.058227528	0.058227528	0.058227528	0.985711702	0.985711702
1050.2	0.093120267	0.058231064	0.058231064	0.058231064	0.985176553	0.985176553
1050.8	0.093127256	0.058235435	0.058235435	0.058235435	0.984910025	0.984910025
1051.4	0.093095097	0.058215325	0.058215325	0.058215325	0.985193734	0.985193734
1052	0.093058924	0.058192705	0.058192705	0.058192705	0.985716764	0.985716764
1052.6	0.093109305	0.058224209	0.058224209	0.058224209	0.984960561	0.984960561
1053.2	0.093285495	0.058334386	0.058334386	0.058334386	0.984314488	0.984314488
1053.8	0.093354149	0.058377318	0.058377318	0.058377318	0.983508648	0.983508648
1054.4	0.092995123	0.058152808	0.058152808	0.058152808	0.982594268	0.982594268
1055	0.092126844	0.057609845	0.057609845	0.057609845	0.981622578	0.981622578
1055.6	0.091186363	0.057021733	0.057021733	0.057021733	0.980644807	0.980644807
1056.2	0.090661102	0.05669327	0.05669327	0.05669327	0.979712183	0.979712183
1056.8	0.090639946	0.056680041	0.056680041	0.056680041	0.978415196	0.978415196
1057.4	0.090818175	0.056791493	0.056791493	0.056791493	0.976513032	0.976513032
1058	0.090909629	0.056848682	0.056848682	0.056848682	0.975756007	0.975756007
1058.6	0.090888825	0.056835673	0.056835673	0.056835673	0.97526065	0.97526065
1059.2	0.090847034	0.05680954	0.05680954	0.05680954	0.974219158	0.974219158
1059.8	0.090845965	0.056808871	0.056808871	0.056808871	0.973049131	0.973049131
1060.4	0.090856688	0.056815576	0.056815576	0.056815576	0.97275586	0.97275586
1061	0.090834663	0.056801803	0.056801803	0.056801803	0.972971864	0.972971864
1061.6	0.09079164	0.0567749	0.0567749	0.0567749	0.972560664	0.972560664
1062.2	0.090814246	0.056789036	0.056789036	0.056789036	0.97052763	0.97052763
1062.8	0.090972023	0.056887699	0.056887699	0.056887699	0.969052086	0.969052086
1063.4	0.091093336	0.05696356	0.05696356	0.05696356	0.967423708	0.967423708
1064	0.090858977	0.056817008	0.056817008	0.056817008	0.965863593	0.965863593
1064.6	0.090077918	0.056328587	0.056328587	0.056328587	0.96459284	0.96459284
1065.2	0.089109543	0.055723031	0.055723031	0.055723031	0.963832548	0.963832548
1065.8	0.088455614	0.055314108	0.055314108	0.055314108	0.964904846	0.964904846
1066.4	0.088343287	0.055243867	0.055243867	0.055243867	0.96714526	0.96714526
1067	0.088504667	0.055344783	0.055344783	0.055344783	0.967220443	0.967220443
1067.6	0.08863267	0.055424827	0.055424827	0.055424827	0.966718531	0.966718531
1068.2	0.088632233	0.055424554	0.055424554	0.055424554	0.966765344	0.966765344
1068.8	0.088583659	0.055394179	0.055394179	0.055394179	0.967104265	0.967104265
1069.4	0.088560736	0.055379845	0.055379845	0.055379845	0.967751187	0.967751187
1070	0.088566947	0.055383728	0.055383728	0.055383728	0.968867562	0.968867562
1070.6	0.088579834	0.055391787	0.055391787	0.055391787	0.96998401	0.96998401
1071.2	0.088583912	0.055394337	0.055394337	0.055394337	0.970853543	0.970853543
1071.8	0.088581049	0.055392547	0.055392547	0.055392547	0.972660084	0.972660084
1072.4	0.088575751	0.055389234	0.055389234	0.055389234	0.975272945	0.975272945
1073	0.08857252	0.055387213	0.055387213	0.055387213	0.975992375	0.975992375
1073.6	0.088575857	0.0553893	0.0553893	0.0553893	0.974468465	0.974468465
1074.2	0.088588332	0.055397101	0.055397101	0.055397101	0.972783723	0.972783723
1074.8	0.088595936	0.055401857	0.055401857	0.055401857	0.972894162	0.972894162
1075.4	0.088576228	0.055389533	0.055389533	0.055389533	0.975581252	0.975581252
1076	0.088527522	0.055359075	0.055359075	0.055359075	0.976927963	0.976927963
1076.6	0.088519905	0.055354311	0.055354311	0.055354311	0.974009629	0.974009629
1077.2	0.08863614	0.055426997	0.055426997	0.055426997	0.969251007	0.969251007
1077.8	0.088805732	0.055533048	0.055533048	0.055533048	0.965980071	0.965980071
1078.4	0.088727991	0.055484435	0.055484435	0.055484435	0.9672915	0.9672915
1079	0.088119357	0.055103837	0.055103837	0.055103837	0.970647018	0.970647018
1079.6	0.087158215	0.054502804	0.054502804	0.054502804	0.970368596	0.970368596
1080.2	0.086342427	0.053992665	0.053992665	0.053992665	0.966431143	0.966431143
1080.8	0.086063642	0.053818332	0.053818332	0.053818332	0.961747465	0.961747465
1081.4	0.086167515	0.053883288	0.053883288	0.053883288	0.961436365	0.961436365
1082	0.086335269	0.053988189	0.053988189	0.053988189	0.966506258	0.966506258
1082.6	0.086370834	0.054010429	0.054010429	0.054010429	0.970215331	0.970215331
1083.2	0.086329085	0.053984322	0.053984322	0.053984322	0.969607751	0.969607751
1083.8	0.086292932	0.053961714	0.053961714	0.053961714	0.965930023	0.965930023
1084.4	0.086291717	0.053960955	0.053960955	0.053960955	0.958239281	0.958239281
1085	0.086304839	0.05396916	0.05396916	0.05396916	0.945939797	0.945939797
1085.6	0.086312289	0.053973819	0.053973819	0.053973819	0.9359457	0.9359457
1086.2	0.086311289	0.053973194	0.053973194	0.053973194	0.933878754	0.933878754
1086.8	0.086306317	0.053970085	0.053970085	0.053970085	0.93706245	0.93706245
1087.4	0.086301875	0.053967307	0.053967307	0.053967307	0.943010044	0.943010044
1088	0.086302464	0.053967676	0.053967676	0.053967676	0.950813132	0.950813132
1088.6	0.08631227	0.053973807	0.053973807	0.053973807	0.955576	0.955576
1089.2	0.086324044	0.05398117	0.05398117	0.05398117	0.951395442	0.951395442
1089.8	0.086316186	0.053976256	0.053976256	0.053976256	0.945735348	0.945735348
1090.4	0.086272589	0.053948993	0.053948993	0.053948993	0.947218199	0.947218199
1091	0.086241333	0.053929448	0.053929448	0.053929448	0.950043965	0.950043965
1091.6	0.086307515	0.053970834	0.053970834	0.053970834	0.947894871	0.947894871
1092.2	0.086488356	0.054083919	0.054083919	0.054083919	0.939262438	0.939262438
1092.8	0.086530955	0.054110558	0.054110558	0.054110558	0.92889048	0.92889048
1093.4	0.08611934	0.053853162	0.053853162	0.053853162	0.925933365	0.925933365
1094	0.085223996	0.053293275	0.053293275	0.053293275	0.926397647	0.926397647
1094.6	0.084301924	0.052716674	0.052716674	0.052716674	0.921469952	0.921469952
1095.2	0.083828489	0.05242062	0.05242062	0.05242062	0.915097961	0.915097961
1095.8	0.083837697	0.052426378	0.052426378	0.052426378	0.912151696	0.912151696
1096.4	0.084019015	0.052539762	0.052539762	0.052539762	0.910253569	0.910253569
1097	0.084100404	0.052590657	0.052590657	0.052590657	0.906986593	0.906986593
1097.6	0.084075405	0.052575024	0.052575024	0.052575024	0.901394486	0.901394486
1098.2	0.084029443	0.052546283	0.052546283	0.052546283	0.892582934	0.892582934
1098.8	0.084018373	0.05253936	0.05253936	0.05253936	0.879884679	0.879884679
1099.4	0.084029114	0.052546078	0.052546078	0.052546078	0.86441371	0.86441371
1100	0.084029114				0.849980876	0.849980876
