501
 350.000     1.000000e-60     4.335177e-73
 350.600     1.000000e-60     4.335177e-73
 351.200     1.000000e-60     4.335177e-73
 351.800     1.000000e-60     4.335177e-73
 352.400     1.000000e-60     4.335177e-73
 353.000     1.000000e-60     4.335177e-73
 353.600     1.000000e-60     4.335177e-73
 354.200     1.000000e-60     4.335177e-73
 354.800     1.000000e-60     4.335177e-73
 355.400     1.000000e-60     4.335177e-73
 356.000     1.000000e-60     4.335177e-73
 356.600     1.000000e-60     4.335177e-73
 357.200     1.000000e-60     4.335177e-73
 357.800     1.000000e-60     4.335177e-73
 358.400     1.000000e-60     4.335177e-73
 359.000     1.000000e-60     4.335177e-73
 359.600     1.000000e-60     4.335177e-73
 360.200     1.000000e-60     4.335177e-73
 360.800     1.000000e-60     4.335177e-73
 361.400     1.000000e-60     4.335177e-73
 362.000     1.000000e-60     4.335177e-73
 362.600     1.000000e-60     4.335177e-73
 363.200     1.000000e-60     4.335177e-73
 363.800     1.000000e-60     4.335177e-73
 364.400     1.000000e-60     4.335177e-73
 365.000     1.000000e-60     4.335177e-73
 365.600     1.000000e-60     4.335177e-73
 366.200     1.000000e-60     4.335177e-73
 366.800     1.000000e-60     4.335177e-73
 367.400     1.000000e-60     4.335177e-73
 368.000     1.000000e-60     4.335177e-73
 368.600     1.000000e-60     4.335177e-73
 369.200     1.000000e-60     4.335177e-73
 369.800     1.000000e-60     4.335177e-73
 370.400     1.000000e-60     4.335177e-73
 371.000     1.000000e-60     4.335177e-73
 371.600     1.000000e-60     4.335177e-73
 372.200     1.000000e-60     4.335177e-73
 372.800     1.000000e-60     4.335177e-73
 373.400     1.000000e-60     4.335177e-73
 374.000     1.000000e-60     4.335177e-73
 374.600     1.000000e-60     4.335177e-73
 375.200     1.000000e-60     4.335177e-73
 375.800     1.000000e-60     4.335177e-73
 376.400     1.000000e-60     4.335177e-73
 377.000     1.000000e-60     4.335177e-73
 377.600     1.000000e-60     4.335177e-73
 378.200     1.000000e-60     4.335177e-73
 378.800     1.000000e-60     4.335177e-73
 379.400     1.000000e-60     4.335177e-73
 380.000     1.000000e-60     4.335177e-73
 380.600     1.000000e-60     4.335177e-73
 381.200     1.000000e-60     4.335177e-73
 381.800     1.000000e-60     4.335177e-73
 382.400     3.448311e-06     6.061833e-16
 383.000     1.196819e-05     2.125850e-15
 383.600     1.237974e-05     2.557190e-15
 384.200     1.107645e-05     2.724704e-15
 384.800     1.442772e-05     2.502390e-15
 385.400     3.685457e-05     2.686463e-15
 386.000     6.598260e-05     3.574002e-15
 386.600     5.650886e-05     3.432853e-15
 387.200     3.235522e-05     2.908219e-15
 387.800     3.628348e-05     3.450432e-15
 388.400     5.313497e-05     4.497522e-15
 389.000     5.485808e-05     4.909725e-15
 389.600     4.260542e-05     4.458944e-15
 390.200     3.171549e-05     3.939550e-15
 390.800     1.937400e-05     2.889867e-15
 391.400     1.650390e-05     2.114665e-15
 392.000     3.323970e-05     2.687790e-15
 392.600     5.132165e-05     3.495234e-15
 393.200     4.515178e-05     3.249740e-15
 393.800     2.092647e-05     2.287900e-15
 394.400     5.294624e-06     2.188890e-15
 395.000     1.778459e-06     3.023510e-15
 395.600     2.178960e-06     3.553922e-15
 396.200     5.559950e-06     4.247397e-15
 396.800     1.106225e-05     5.579452e-15
 397.400     1.044043e-05     4.980878e-15
 398.000     4.614715e-06     2.833019e-15
 398.600     1.435085e-06     1.753619e-15
 399.200     1.453965e-06     1.994594e-15
 399.800     4.161432e-06     3.222450e-15
 400.400     7.999498e-06     4.347425e-15
 401.000     7.430999e-06     4.018027e-15
 401.600     3.394658e-06     2.878566e-15
 402.200     1.284147e-06     2.194844e-15
 402.800     1.740529e-06     1.938678e-15
 403.400     1.116076e-05     4.082833e-15
 404.000     4.791068e-05     1.404187e-14
 404.600     8.852544e-05     2.542550e-14
 405.200     7.351955e-05     2.188002e-14
 405.800     5.164255e-05     1.707068e-14
 406.400     6.680451e-05     2.279863e-14
 407.000     7.072016e-05     2.475943e-14
 407.600     4.541874e-05     1.724324e-14
 408.200     1.619560e-05     7.798298e-15
 408.800     3.211846e-06     2.961842e-15
 409.400     8.267455e-07     1.527721e-15
 410.000     8.319504e-07     1.511851e-15
 410.600     1.094358e-06     2.273424e-15
 411.200     1.316288e-06     3.579654e-15
 411.800     2.025277e-06     4.964525e-15
 412.400     5.430268e-06     5.832283e-15
 413.000     1.285314e-05     7.419855e-15
 413.600     2.004024e-05     9.306550e-15
 414.200     2.561409e-05     1.042582e-14
 414.800     2.276110e-05     9.992762e-15
 415.400     1.121045e-05     8.157296e-15
 416.000     3.810155e-06     5.644831e-15
 416.600     1.731964e-06     3.208322e-15
 417.200     2.462175e-06     3.391919e-15
 417.800     4.633081e-06     5.904367e-15
 418.400     7.361923e-06     8.900353e-15
 419.000     1.062543e-05     1.151618e-14
 419.600     1.774520e-05     1.540708e-14
 420.200     2.467634e-05     1.673894e-14
 420.800     1.883927e-05     1.122481e-14
 421.400     9.188412e-06     7.102865e-15
 422.000     5.945565e-06     8.663045e-15
 422.600     6.091666e-06     1.128975e-14
 423.200     7.663021e-06     1.166732e-14
 423.800     9.351946e-06     1.059480e-14
 424.400     1.410219e-05     1.049535e-14
 425.000     2.340532e-05     1.268163e-14
 425.600     2.678013e-05     1.462160e-14
 426.200     3.517335e-05     1.727824e-14
 426.800     6.774383e-05     2.252123e-14
 427.400     8.356377e-05     2.330722e-14
 428.000     4.826599e-05     1.372537e-14
 428.600     1.726863e-05     6.012307e-15
 429.200     1.527756e-05     5.527373e-15
 429.800     3.237160e-05     1.042408e-14
 430.400     7.177523e-05     1.986934e-14
 431.000     9.410250e-05     2.429867e-14
 431.600     7.345398e-05     1.904594e-14
 432.200     8.196436e-05     2.125504e-14
 432.800     9.512789e-05     2.441779e-14
 433.400     5.383164e-05     1.391430e-14
 434.000     1.439945e-05     4.071975e-15
 434.600     3.024591e-06     1.521949e-15
 435.200     1.657526e-06     1.335056e-15
 435.800     1.424093e-06     1.164220e-15
 436.400     2.936330e-06     1.455720e-15
 437.000     2.056502e-05     4.778983e-15
 437.600     9.993433e-05     1.970031e-14
 438.200     2.256354e-04     4.447384e-14
 438.800     2.189471e-04     4.395959e-14
 439.400     1.035590e-04     2.170913e-14
 440.000     7.777223e-05     1.726816e-14
 440.600     1.065527e-04     2.363681e-14
 441.200     8.694400e-05     1.951031e-14
 441.800     4.749830e-05     1.096647e-14
 442.400     2.206781e-05     5.104050e-15
 443.000     1.067671e-05     2.666208e-15
 443.600     5.740047e-06     2.424558e-15
 444.200     4.118618e-06     2.826650e-15
 444.800     4.002271e-06     2.912992e-15
 445.400     4.829771e-06     2.867600e-15
 446.000     7.358450e-06     3.680976e-15
 446.600     7.822837e-06     5.130222e-15
 447.200     5.833155e-06     6.050434e-15
 447.800     5.194265e-06     5.648701e-15
 448.400     5.247949e-06     4.241986e-15
 449.000     4.638192e-06     3.104616e-15
 449.600     3.609194e-06     2.340382e-15
 450.200     1.821272e-06     1.240924e-15
 450.800     5.105023e-07     4.551911e-16
 451.400     4.793005e-07     5.822434e-16
 452.000     2.246977e-06     1.936583e-15
 452.600     6.015717e-06     3.988531e-15
 453.200     7.169230e-06     3.967169e-15
 453.800     3.748181e-06     1.983564e-15
 454.400     1.052484e-06     1.076611e-15
 455.000     5.448576e-07     1.484574e-15
 455.600     5.773945e-07     1.839594e-15
 456.200     4.277734e-07     1.337526e-15
 456.800     2.212049e-07     5.939165e-16
 457.400     1.558392e-07     3.008673e-16
 458.000     2.245873e-07     3.085101e-16
 458.600     5.474186e-07     4.166781e-16
 459.200     1.374087e-06     6.399692e-16
 459.800     2.742233e-06     9.847472e-16
 460.400     3.590789e-06     1.312477e-15
 461.000     2.545511e-06     1.481577e-15
 461.600     1.079491e-06     1.293633e-15
 462.200     5.108714e-07     9.183119e-16
 462.800     5.139547e-07     7.184793e-16
 463.400     6.322206e-07     7.972138e-16
 464.000     6.448219e-07     9.884364e-16
 464.600     7.317067e-07     1.125289e-15
 465.200     9.377544e-07     1.272641e-15
 465.800     8.681022e-07     1.222906e-15
 466.400     6.093841e-07     1.165860e-15
 467.000     5.858753e-07     1.504966e-15
 467.600     6.492209e-07     1.749467e-15
 468.200     5.918857e-07     1.421410e-15
 468.800     4.778800e-07     8.707417e-16
 469.400     3.916739e-07     6.240673e-16
 470.000     4.053629e-07     7.736154e-16
 470.600     6.038243e-07     1.231326e-15
 471.200     6.053146e-07     1.227077e-15
 471.800     3.571581e-07     7.399300e-16
 472.400     4.235030e-07     7.528104e-16
 473.000     1.030158e-06     1.396518e-15
 473.600     1.573676e-06     2.025272e-15
 474.200     1.291488e-06     1.941731e-15
 474.800     6.395146e-07     1.268136e-15
 475.400     2.331383e-07     5.760975e-16
 476.000     1.359068e-07     2.888074e-16
 476.600     2.487460e-07     4.209044e-16
 477.200     3.596338e-07     5.651988e-16
 477.800     3.509089e-07     5.905956e-16
 478.400     4.415055e-07     8.604546e-16
 479.000     5.631829e-07     1.181339e-15
 479.600     4.208519e-07     9.883039e-16
 480.200     2.295344e-07     6.444557e-16
 480.800     1.359657e-07     3.969881e-16
 481.400     8.419182e-08     2.144931e-16
 482.000     6.345207e-08     1.666473e-16
 482.600     6.903907e-08     2.202610e-16
 483.200     1.317834e-07     4.033571e-16
 483.800     3.000495e-07     8.522064e-16
 484.400     5.495392e-07     1.408162e-15
 485.000     8.913967e-07     1.728728e-15
 485.600     1.708409e-06     2.209607e-15
 486.200     3.478361e-06     3.648078e-15
 486.800     6.744977e-06     6.602211e-15
 487.400     8.750034e-06     8.563909e-15
 488.000     7.566351e-06     7.881859e-15
 488.600     1.013732e-05     1.066364e-14
 489.200     1.442127e-05     1.432377e-14
 489.800     1.045510e-05     1.022957e-14
 490.400     4.609817e-06     5.315782e-15
 491.000     5.831879e-06     7.283975e-15
 491.600     1.555351e-05     1.569389e-14
 492.200     2.195790e-05     2.035963e-14
 492.800     1.372579e-05     1.287135e-14
 493.400     4.926988e-06     5.395115e-15
 494.000     3.111563e-06     3.468865e-15
 494.600     5.380629e-06     5.122694e-15
 495.200     1.604949e-05     1.421277e-14
 495.800     2.776333e-05     2.432548e-14
 496.400     2.091416e-05     1.929283e-14
 497.000     7.223198e-06     8.867430e-15
 497.600     2.323240e-06     6.983218e-15
 498.200     2.712068e-06     1.069930e-14
 498.800     3.442779e-06     1.051735e-14
 499.400     3.803023e-06     7.039227e-15
 500.000     5.317594e-06     8.435744e-15
 500.600     8.514864e-06     1.166776e-14
 501.200     9.957973e-06     1.002846e-14
 501.800     6.678213e-06     6.315199e-15
 502.400     2.859283e-06     4.142549e-15
 503.000     3.604797e-06     3.058006e-15
 503.600     1.187931e-05     3.069865e-15
 504.200     2.130335e-05     3.992650e-15
 504.800     1.902364e-05     3.744910e-15
 505.400     1.047579e-05     2.649245e-15
 506.000     4.218727e-06     2.603356e-15
 506.600     2.072172e-06     3.987666e-15
 507.200     2.631055e-06     5.064196e-15
 507.800     4.257530e-06     4.647111e-15
 508.400     4.791341e-06     3.134241e-15
 509.000     3.101264e-06     2.549967e-15
 509.600     2.209126e-06     2.945092e-15
 510.200     4.408871e-06     2.661496e-15
 510.800     8.141543e-06     1.895506e-15
 511.400     7.963549e-06     1.593421e-15
 512.000     5.209889e-06     2.505638e-15
 512.600     5.018332e-06     5.005280e-15
 513.200     7.881481e-06     8.890558e-15
 513.800     1.535826e-05     1.262114e-14
 514.400     2.000970e-05     1.172987e-14
 515.000     1.442274e-05     7.180563e-15
 515.600     1.131448e-05     5.367975e-15
 516.200     2.657130e-05     8.590051e-15
 516.800     4.812808e-05     1.072671e-14
 517.400     4.012407e-05     7.123301e-15
 518.000     1.583882e-05     3.439622e-15
 518.600     7.383109e-06     5.099548e-15
 519.200     1.152851e-05     9.976774e-15
 519.800     1.278573e-05     1.041713e-14
 520.400     8.792973e-06     6.237113e-15
 521.000     7.137480e-06     3.845479e-15
 521.600     1.548203e-05     4.879761e-15
 522.200     4.470947e-05     1.040499e-14
 522.800     7.482881e-05     1.905543e-14
 523.400     5.872200e-05     1.999867e-14
 524.000     2.220633e-05     1.153205e-14
 524.600     5.713725e-06     4.491120e-15
 525.200     5.086358e-06     2.308678e-15
 525.800     2.636185e-05     3.889173e-15
 526.400     1.071308e-04     9.894575e-15
 527.000     1.922975e-04     1.473574e-14
 527.600     1.451603e-04     1.146838e-14
 528.200     4.766863e-05     6.469337e-15
 528.800     8.559413e-06     3.720405e-15
 529.400     1.748488e-06     1.857230e-15
 530.000     1.253386e-06     1.465487e-15
 530.600     1.640348e-06     1.429750e-15
 531.200     4.333383e-06     1.527915e-15
 531.800     2.745812e-05     4.531543e-15
 532.400     9.278340e-05     1.052791e-14
 533.000     1.338888e-04     1.205874e-14
 533.600     8.361301e-05     7.602789e-15
 534.200     2.642476e-05     4.026877e-15
 534.800     6.587155e-06     2.220811e-15
 535.400     2.481860e-06     2.249410e-15
 536.000     1.007999e-05     6.861022e-15
 536.600     4.104812e-05     1.587230e-14
 537.200     7.251792e-05     1.915370e-14
 537.800     5.442323e-05     1.503196e-14
 538.400     2.110719e-05     1.302598e-14
 539.000     2.035405e-05     1.202847e-14
 539.600     4.556111e-05     1.533592e-14
 540.200     6.623346e-05     2.562676e-14
 540.800     5.955756e-05     2.981699e-14
 541.400     3.159394e-05     2.406619e-14
 542.000     1.936014e-05     1.878209e-14
 542.600     4.064609e-05     1.563070e-14
 543.200     6.381734e-05     1.059987e-14
 543.800     5.631255e-05     6.086273e-15
 544.400     5.146043e-05     6.043318e-15
 545.000     6.687712e-05     8.915966e-15
 545.600     7.085844e-05     1.170043e-14
 546.200     4.420842e-05     1.123170e-14
 546.800     1.384142e-05     7.868792e-15
 547.400     2.792774e-06     5.389891e-15
 548.000     1.282052e-06     4.533941e-15
 548.600     1.566418e-06     3.769058e-15
 549.200     4.001206e-06     2.694153e-15
 549.800     8.767924e-06     1.482038e-15
 550.400     1.124998e-05     9.229972e-16
 551.000     8.194474e-06     7.524004e-16
 551.600     3.204692e-06     5.586461e-16
 552.200     6.834233e-07     4.896781e-16
 552.800     2.295858e-07     6.917176e-16
 553.400     2.920231e-07     1.039036e-15
 554.000     3.474338e-07     1.211668e-15
 554.600     3.567402e-07     1.377494e-15
 555.200     4.608244e-07     2.080868e-15
 555.800     9.765786e-07     3.556685e-15
 556.400     2.709274e-06     6.081727e-15
 557.000     5.449396e-06     8.768860e-15
 557.600     6.241218e-06     8.641923e-15
 558.200     5.532484e-06     7.177851e-15
 558.800     5.335900e-06     6.921379e-15
 559.400     3.577830e-06     5.246763e-15
 560.000     1.951946e-06     3.619986e-15
 560.600     2.636980e-06     3.853145e-15
 561.200     5.712669e-06     6.376435e-15
 561.800     7.602654e-06     8.206463e-15
 562.400     4.921285e-06     5.683449e-15
 563.000     1.798114e-06     2.813136e-15
 563.600     6.044176e-07     1.914620e-15
 564.200     3.569023e-07     1.583372e-15
 564.800     5.413000e-07     1.830385e-15
 565.400     1.477803e-06     3.566359e-15
 566.000     2.333288e-06     4.824213e-15
 566.600     1.683506e-06     3.337312e-15
 567.200     5.843210e-07     1.257101e-15
 567.800     1.656049e-07     6.170944e-16
 568.400     1.409588e-07     7.629329e-16
 569.000     1.899747e-07     7.829240e-16
 569.600     3.587860e-07     6.886198e-16
 570.200     7.224486e-07     1.082181e-15
 570.800     9.602701e-07     1.646728e-15
 571.400     7.612378e-07     1.466277e-15
 572.000     3.570311e-07     8.324708e-16
 572.600     1.274883e-07     4.214267e-16
 573.200     7.428064e-08     3.120276e-16
 573.800     7.101116e-08     3.059432e-16
 574.400     1.012915e-07     4.293337e-16
 575.000     2.102294e-07     8.418635e-16
 575.600     3.713686e-07     1.368990e-15
 576.200     4.901172e-07     1.713557e-15
 576.800     4.217023e-07     1.456378e-15
 577.400     2.536499e-07     8.181145e-16
 578.000     1.705478e-07     4.142315e-16
 578.600     1.381058e-07     2.599400e-16
 579.200     1.273265e-07     2.752503e-16
 579.800     1.196384e-07     3.358679e-16
 580.400     1.264092e-07     4.619741e-16
 581.000     1.575875e-07     6.719286e-16
 581.600     1.647681e-07     7.756413e-16
 582.200     1.176544e-07     5.840911e-16
 582.800     7.982764e-08     3.729370e-16
 583.400     7.954956e-08     3.342320e-16
 584.000     7.526390e-08     3.212347e-16
 584.600     1.020130e-07     5.085891e-16
 585.200     2.280684e-07     1.202218e-15
 585.800     4.763766e-07     2.555993e-15
 586.400     5.788483e-07     3.128021e-15
 587.000     3.458206e-07     1.832326e-15
 587.600     1.436163e-07     6.436492e-16
 588.200     1.366146e-07     4.826317e-16
 588.800     1.766087e-07     6.877260e-16
 589.400     1.653825e-07     7.390786e-16
 590.000     1.457045e-07     7.214981e-16
 590.600     2.682172e-07     1.371534e-15
 591.200     5.400744e-07     2.675847e-15
 591.800     6.042596e-07     2.896123e-15
 592.400     4.228079e-07     2.043552e-15
 593.000     3.897852e-07     1.905969e-15
 593.600     3.586788e-07     1.561615e-15
 594.200     2.048447e-07     7.224525e-16
 594.800     1.523725e-07     3.445867e-16
 595.400     2.257939e-07     2.989277e-16
 596.000     2.346794e-07     2.307284e-16
 596.600     2.243409e-07     4.261374e-16
 597.200     4.375370e-07     1.271943e-15
 597.800     6.358435e-07     2.116137e-15
 598.400     5.044671e-07     2.151473e-15
 599.000     2.827591e-07     1.538229e-15
 599.600     2.088255e-07     8.477058e-16
 600.200     3.627173e-07     8.521626e-16
 600.800     5.370189e-07     1.234013e-15
 601.400     5.862246e-07     1.743298e-15
 602.000     6.963093e-07     2.817243e-15
 602.600     6.953446e-07     3.108334e-15
 603.200     3.868683e-07     1.708652e-15
 603.800     1.096590e-07     4.580431e-16
 604.400     3.302237e-08     1.418283e-16
 605.000     1.151410e-07     3.652344e-16
 605.600     5.655753e-07     8.109859e-16
 606.200     1.614463e-06     1.041903e-15
 606.800     2.146668e-06     9.831249e-16
 607.400     1.285535e-06     9.260233e-16
 608.000     4.629586e-07     9.538881e-16
 608.600     2.062789e-07     6.564116e-16
 609.200     1.279946e-07     4.312078e-16
 609.800     1.462723e-07     6.956284e-16
 610.400     1.889369e-07     9.732702e-16
 611.000     1.514720e-07     7.077288e-16
 611.600     1.036986e-07     3.349478e-16
 612.200     4.061253e-07     5.545494e-16
 612.800     2.165613e-06     1.439880e-15
 613.400     6.106110e-06     2.425842e-15
 614.000     7.749700e-06     2.503623e-15
 614.600     4.273890e-06     1.411792e-15
 615.200     1.154293e-06     5.542597e-16
 615.800     3.381778e-07     4.375545e-16
 616.400     2.863543e-07     6.386987e-16
 617.000     4.041442e-07     8.758512e-16
 617.600     5.182051e-07     7.353654e-16
 618.200     9.219139e-07     4.758527e-16
 618.800     2.280656e-06     6.558844e-16
 619.400     3.141448e-06     8.175010e-16
 620.000     2.017180e-06     5.204678e-16
 620.600     8.663792e-07     2.538795e-16
 621.200     9.153761e-07     3.210143e-16
 621.800     1.654415e-06     5.466418e-16
 622.400     3.044499e-06     9.546696e-16
 623.000     4.933240e-06     1.625915e-15
 623.600     4.497896e-06     1.666191e-15
 624.200     2.645070e-06     1.294058e-15
 624.800     3.001819e-06     1.397964e-15
 625.400     4.029424e-06     1.333988e-15
 626.000     3.061356e-06     7.978974e-16
 626.600     1.551764e-06     3.662415e-16
 627.200     7.774200e-07     1.994485e-16
 627.800     4.653493e-07     1.330899e-16
 628.400     3.793206e-07     1.775560e-16
 629.000     4.505557e-07     4.316395e-16
 629.600     1.032241e-06     1.074135e-15
 630.200     1.629137e-06     1.745673e-15
 630.800     1.358424e-06     1.548167e-15
 631.400     1.044735e-06     1.089000e-15
 632.000     1.116272e-06     8.350706e-16
 632.600     1.102145e-06     5.587674e-16
 633.200     1.519484e-06     6.882422e-16
 633.800     1.907629e-06     9.707388e-16
 634.400     1.271760e-06     7.151298e-16
 635.000     6.504650e-07     3.772704e-16
 635.600     6.439057e-07     4.506483e-16
 636.200     5.961778e-07     5.768849e-16
 636.800     2.975904e-07     4.465547e-16
 637.400     1.124180e-07     2.581174e-16
 638.000     2.407605e-07     2.367946e-16
 638.600     1.210589e-06     4.757544e-16
 639.200     3.493490e-06     1.302316e-15
 639.800     5.153683e-06     2.547142e-15
 640.400     4.347591e-06     3.006654e-15
 641.000     2.844598e-06     2.729501e-15
 641.600     2.498273e-06     2.564156e-15
 642.200     3.020415e-06     2.180374e-15
 642.800     3.405162e-06     1.333886e-15
 643.400     2.835053e-06     6.237476e-16
 644.000     1.308698e-06     2.365041e-16
 644.600     2.822762e-07     6.364898e-17
 645.200     7.698585e-08     3.784015e-17
 645.800     2.085516e-07     1.213625e-16
 646.400     3.829109e-07     3.134880e-16
 647.000     3.738848e-07     4.310106e-16
 647.600     3.515595e-07     3.112403e-16
 648.200     8.045489e-07     2.543191e-16
 648.800     3.099461e-06     8.170111e-16
 649.400     6.958701e-06     2.021887e-15
 650.000     6.821175e-06     2.441046e-15
