501
 350.000     1.000000e-60     5.659487e-73
 350.600     1.000000e-60     5.659487e-73
 351.200     1.000000e-60     5.659487e-73
 351.800     1.000000e-60     5.659487e-73
 352.400     1.000000e-60     5.659487e-73
 353.000     1.000000e-60     5.659487e-73
 353.600     1.000000e-60     5.659487e-73
 354.200     1.000000e-60     5.659487e-73
 354.800     1.000000e-60     5.659487e-73
 355.400     1.000000e-60     5.659487e-73
 356.000     1.000000e-60     5.659487e-73
 356.600     1.000000e-60     5.659487e-73
 357.200     1.000000e-60     5.659487e-73
 357.800     1.000000e-60     5.659487e-73
 358.400     1.000000e-60     5.659487e-73
 359.000     1.000000e-60     5.659487e-73
 359.600     1.000000e-60     5.659487e-73
 360.200     1.000000e-60     5.659487e-73
 360.800     1.000000e-60     5.659487e-73
 361.400     1.000000e-60     5.659487e-73
 362.000     1.000000e-60     5.659487e-73
 362.600     1.000000e-60     5.659487e-73
 363.200     1.000000e-60     5.659487e-73
 363.800     1.000000e-60     5.659487e-73
 364.400     1.000000e-60     5.659487e-73
 365.000     1.000000e-60     5.659487e-73
 365.600     1.000000e-60     5.659487e-73
 366.200     1.000000e-60     5.659487e-73
 366.800     1.000000e-60     5.659487e-73
 367.400     1.000000e-60     5.659487e-73
 368.000     1.000000e-60     5.659487e-73
 368.600     1.000000e-60     5.659487e-73
 369.200     1.000000e-60     5.659487e-73
 369.800     1.000000e-60     5.659487e-73
 370.400     1.000000e-60     5.659487e-73
 371.000     1.000000e-60     5.659487e-73
 371.600     1.000000e-60     5.659487e-73
 372.200     1.000000e-60     5.659487e-73
 372.800     1.000000e-60     5.659487e-73
 373.400     1.000000e-60     5.659487e-73
 374.000     1.000000e-60     5.659487e-73
 374.600     1.000000e-60     5.659487e-73
 375.200     1.000000e-60     5.659487e-73
 375.800     1.000000e-60     5.659487e-73
 376.400     1.000000e-60     5.659487e-73
 377.000     1.000000e-60     5.659487e-73
 377.600     1.000000e-60     5.659487e-73
 378.200     1.000000e-60     5.659487e-73
 378.800     1.000000e-60     5.659487e-73
 379.400     1.000000e-60     5.659487e-73
 380.000     1.000000e-60     5.659487e-73
 380.600     1.000000e-60     5.659487e-73
 381.200     1.000000e-60     5.659487e-73
 381.800     1.000000e-60     5.659487e-73
 382.400     1.677563e-05     1.628470e-16
 383.000     7.277072e-05     6.988047e-16
 383.600     1.131230e-04     1.068702e-15
 384.200     1.380869e-04     1.243071e-15
 384.800     1.618814e-04     1.314910e-15
 385.400     1.940907e-04     1.382833e-15
 386.000     2.282278e-04     1.470520e-15
 386.600     2.507541e-04     1.549366e-15
 387.200     2.581157e-04     1.608054e-15
 387.800     2.585901e-04     1.666878e-15
 388.400     2.581569e-04     1.727181e-15
 389.000     2.522380e-04     1.744418e-15
 389.600     2.340962e-04     1.671753e-15
 390.200     2.062641e-04     1.515530e-15
 390.800     1.808736e-04     1.339847e-15
 391.400     1.693838e-04     1.217776e-15
 392.000     1.715742e-04     1.171286e-15
 392.600     1.741350e-04     1.154207e-15
 393.200     1.620248e-04     1.103239e-15
 393.800     1.324414e-04     1.008114e-15
 394.400     9.701950e-05     9.234676e-16
 395.000     7.101628e-05     9.139217e-16
 395.600     6.160794e-05     9.943354e-16
 396.200     6.476229e-05     1.113319e-15
 396.800     7.013186e-05     1.183720e-15
 397.400     6.910753e-05     1.144963e-15
 398.000     6.076914e-05     1.017013e-15
 398.600     5.129760e-05     8.896092e-16
 399.200     4.735920e-05     8.442830e-16
 399.800     4.988387e-05     8.841855e-16
 400.400     5.420990e-05     9.431181e-16
 401.000     5.657611e-05     9.685876e-16
 401.600     6.170627e-05     1.011446e-15
 402.200     8.523586e-05     1.251852e-15
 402.800     1.466098e-04     1.918045e-15
 403.400     2.527026e-04     3.101508e-15
 404.000     3.834047e-04     4.591504e-15
 404.600     4.985296e-04     5.946732e-15
 405.200     5.664955e-04     6.811510e-15
 405.800     5.828037e-04     7.117338e-15
 406.400     5.565515e-04     6.929649e-15
 407.000     4.908843e-04     6.240858e-15
 407.600     3.885345e-04     5.058586e-15
 408.200     2.678503e-04     3.604472e-15
 408.800     1.588532e-04     2.262842e-15
 409.400     8.332701e-05     1.330309e-15
 410.000     4.429497e-05     8.721214e-16
 410.600     3.277215e-05     7.870901e-16
 411.200     3.940146e-05     9.430544e-16
 411.800     5.947962e-05     1.250040e-15
 412.400     9.039459e-05     1.652265e-15
 413.000     1.265338e-04     2.083013e-15
 413.600     1.571706e-04     2.436217e-15
 414.200     1.701538e-04     2.591366e-15
 414.800     1.594414e-04     2.482839e-15
 415.400     1.303075e-04     2.159330e-15
 416.000     9.693136e-05     1.778528e-15
 416.600     7.402996e-05     1.533443e-15
 417.200     6.970057e-05     1.559114e-15
 417.800     8.403012e-05     1.876218e-15
 418.400     1.114960e-04     2.390734e-15
 419.000     1.429892e-04     2.928536e-15
 419.600     1.670458e-04     3.291212e-15
 420.200     1.736837e-04     3.347678e-15
 420.800     1.611086e-04     3.130267e-15
 421.400     1.384998e-04     2.827206e-15
 422.000     1.198681e-04     2.638759e-15
 422.600     1.148416e-04     2.640215e-15
 423.200     1.258334e-04     2.794630e-15
 423.800     1.519977e-04     3.063432e-15
 424.400     1.933500e-04     3.466067e-15
 425.000     2.510886e-04     4.040327e-15
 425.600     3.236287e-04     4.757716e-15
 426.200     3.988947e-04     5.450584e-15
 426.800     4.508608e-04     5.824099e-15
 427.400     4.541475e-04     5.641648e-15
 428.000     4.116635e-04     4.996105e-15
 428.600     3.637133e-04     4.359409e-15
 429.200     3.598708e-04     4.259260e-15
 429.800     4.185217e-04     4.860600e-15
 430.400     5.142667e-04     5.860200e-15
 431.000     6.018142e-04     6.761738e-15
 431.600     6.466439e-04     7.201390e-15
 432.200     6.329580e-04     7.017531e-15
 432.800     5.571734e-04     6.173126e-15
 433.400     4.311073e-04     4.794534e-15
 434.000     2.882206e-04     3.242077e-15
 434.600     1.718945e-04     1.978311e-15
 435.200     1.164549e-04     1.354978e-15
 435.800     1.455164e-04     1.591817e-15
 436.400     2.788280e-04     2.861436e-15
 437.000     5.164250e-04     5.153721e-15
 437.600     8.038293e-04     7.942682e-15
 438.200     1.033577e-03     1.019379e-14
 438.800     1.115296e-03     1.103282e-14
 439.400     1.048252e-03     1.044367e-14
 440.000     9.047754e-04     9.108814e-15
 440.600     7.485189e-04     7.623775e-15
 441.200     5.942575e-04     6.119873e-15
 441.800     4.382498e-04     4.569728e-15
 442.400     2.921090e-04     3.112783e-15
 443.000     1.773162e-04     1.983790e-15
 443.600     1.045397e-04     1.294769e-15
 444.200     6.815268e-05     9.821694e-16
 444.800     5.506347e-05     9.086864e-16
 445.400     5.359595e-05     9.609350e-16
 446.000     5.618534e-05     1.067066e-15
 446.600     5.843392e-05     1.169505e-15
 447.200     5.810354e-05     1.213535e-15
 447.800     5.467114e-05     1.165510e-15
 448.400     4.868489e-05     1.029948e-15
 449.000     4.102105e-05     8.419590e-16
 449.600     3.279438e-05     6.477084e-16
 450.200     2.590356e-05     4.951188e-16
 450.800     2.301362e-05     4.291900e-16
 451.400     2.594262e-05     4.710091e-16
 452.000     3.334572e-05     5.881309e-16
 452.600     4.038341e-05     6.975641e-16
 453.200     4.187876e-05     7.210889e-16
 453.800     3.644936e-05     6.460239e-16
 454.400     2.721157e-05     5.240622e-16
 455.000     1.845236e-05     4.121010e-16
 455.600     1.231604e-05     3.274606e-16
 456.200     8.603556e-06     2.585886e-16
 456.800     6.528441e-06     1.984266e-16
 457.400     5.889033e-06     1.558566e-16
 458.000     6.956384e-06     1.435655e-16
 458.600     9.817242e-06     1.650258e-16
 459.200     1.382427e-05     2.112015e-16
 459.800     1.750918e-05     2.635752e-16
 460.400     1.923214e-05     3.009644e-16
 461.000     1.828218e-05     3.096119e-16
 461.600     1.542825e-05     2.911873e-16
 462.200     1.228921e-05     2.613016e-16
 462.800     1.015923e-05     2.386531e-16
 463.400     9.388986e-06     2.336176e-16
 464.000     9.593089e-06     2.446424e-16
 464.600     1.015635e-05     2.630669e-16
 465.200     1.059878e-05     2.809601e-16
 465.800     1.073624e-05     2.956791e-16
 466.400     1.063563e-05     3.075526e-16
 467.000     1.038782e-05     3.136844e-16
 467.600     9.948693e-06     3.070898e-16
 468.200     9.272188e-06     2.849621e-16
 468.800     8.531892e-06     2.559794e-16
 469.400     8.054082e-06     2.349702e-16
 470.000     7.995082e-06     2.293667e-16
 470.600     8.212362e-06     2.340999e-16
 471.200     8.570001e-06     2.420101e-16
 471.800     9.265027e-06     2.558017e-16
 472.400     1.057587e-05     2.832561e-16
 473.000     1.220905e-05     3.198759e-16
 473.600     1.316813e-05     3.432089e-16
 474.200     1.254252e-05     3.302620e-16
 474.800     1.039478e-05     2.796586e-16
 475.400     7.741986e-06     2.140123e-16
 476.000     5.716930e-06     1.616309e-16
 476.600     4.838180e-06     1.378655e-16
 477.200     4.953975e-06     1.413151e-16
 477.800     5.588885e-06     1.607888e-16
 478.400     6.209857e-06     1.817013e-16
 479.000     6.354940e-06     1.899931e-16
 479.600     5.803129e-06     1.777522e-16
 480.200     4.709915e-06     1.481025e-16
 480.800     3.504539e-06     1.132393e-16
 481.400     2.633485e-06     8.725821e-17
 482.000     2.417188e-06     8.096880e-17
 482.600     3.092676e-06     1.012596e-16
 483.200     4.932518e-06     1.524941e-16
 483.800     8.400363e-06     2.391666e-16
 484.400     1.435648e-05     3.715028e-16
 485.000     2.407401e-05     5.698950e-16
 485.600     3.858772e-05     8.559033e-16
 486.200     5.750115e-05     1.228322e-15
 486.800     7.857303e-05     1.650118e-15
 487.400     9.893314e-05     2.066865e-15
 488.000     1.162044e-04     2.427086e-15
 488.600     1.279252e-04     2.674926e-15
 489.200     1.320756e-04     2.767524e-15
 489.800     1.310693e-04     2.755449e-15
 490.400     1.331606e-04     2.803401e-15
 491.000     1.445095e-04     3.028002e-15
 491.600     1.593498e-04     3.309895e-15
 492.200     1.633666e-04     3.369521e-15
 492.800     1.499307e-04     3.084223e-15
 493.400     1.303481e-04     2.679474e-15
 494.000     1.249814e-04     2.553101e-15
 494.600     1.437541e-04     2.903303e-15
 495.200     1.750250e-04     3.519157e-15
 495.800     1.938302e-04     3.937380e-15
 496.400     1.831241e-04     3.841523e-15
 497.000     1.477515e-04     3.316560e-15
 497.600     1.074362e-04     2.704442e-15
 498.200     7.883246e-05     2.270950e-15
 498.800     6.634995e-05     2.064924e-15
 499.400     6.576505e-05     2.012771e-15
 500.000     7.034574e-05     2.018533e-15
 500.600     7.367139e-05     1.981248e-15
 501.200     7.182687e-05     1.824815e-15
 501.800     6.607207e-05     1.559044e-15
 502.400     6.230323e-05     1.279768e-15
 503.000     6.570472e-05     1.086422e-15
 503.600     7.508537e-05     1.003993e-15
 504.200     8.297457e-05     9.823325e-16
 504.800     8.205065e-05     9.596335e-16
 505.400     7.153670e-05     9.196323e-16
 506.000     5.711397e-05     8.869581e-16
 506.600     4.525208e-05     8.776706e-16
 507.200     3.839996e-05     8.717503e-16
 507.800     3.506439e-05     8.379107e-16
 508.400     3.302159e-05     7.709176e-16
 509.000     3.167204e-05     6.936141e-16
 509.600     3.171687e-05     6.311846e-16
 510.200     3.357117e-05     5.997830e-16
 510.800     3.702144e-05     6.228021e-16
 511.400     4.264156e-05     7.442946e-16
 512.000     5.266041e-05     1.007146e-15
 512.600     6.900526e-05     1.400744e-15
 513.200     8.992373e-05     1.825762e-15
 513.800     1.099087e-04     2.134938e-15
 514.400     1.251673e-04     2.246752e-15
 515.000     1.388486e-04     2.222017e-15
 515.600     1.571944e-04     2.192964e-15
 516.200     1.787225e-04     2.210262e-15
 516.800     1.913521e-04     2.205871e-15
 517.400     1.846031e-04     2.122448e-15
 518.000     1.621221e-04     2.014794e-15
 518.600     1.377085e-04     1.971272e-15
 519.200     1.216568e-04     1.986751e-15
 519.800     1.169301e-04     1.997061e-15
 520.400     1.274292e-04     2.032665e-15
 521.000     1.616076e-04     2.255832e-15
 521.600     2.213071e-04     2.785576e-15
 522.200     2.877952e-04     3.486250e-15
 522.800     3.265939e-04     3.978502e-15
 523.400     3.149677e-04     3.930082e-15
 524.000     2.673275e-04     3.372021e-15
 524.600     2.309334e-04     2.713704e-15
 525.200     2.527059e-04     2.426328e-15
 525.800     3.416985e-04     2.677594e-15
 526.400     4.538967e-04     3.208795e-15
 527.000     5.168353e-04     3.540404e-15
 527.600     4.836983e-04     3.345982e-15
 528.200     3.696659e-04     2.676583e-15
 528.800     2.337491e-04     1.854359e-15
 529.400     1.304637e-04     1.200672e-15
 530.000     8.365567e-05     8.841743e-16
 530.600     9.499880e-05     9.485600e-16
 531.200     1.575570e-04     1.363657e-15
 531.800     2.521925e-04     1.991996e-15
 532.400     3.397045e-04     2.558831e-15
 533.000     3.747891e-04     2.771556e-15
 533.600     3.391328e-04     2.540779e-15
 534.200     2.583700e-04     2.073792e-15
 534.800     1.821450e-04     1.729451e-15
 535.400     1.484192e-04     1.770593e-15
 536.000     1.629804e-04     2.203470e-15
 536.600     2.026539e-04     2.793855e-15
 537.200     2.354754e-04     3.253261e-15
 537.800     2.454964e-04     3.471363e-15
 538.400     2.427972e-04     3.590380e-15
 539.000     2.477477e-04     3.839511e-15
 539.600     2.662221e-04     4.286017e-15
 540.200     2.840529e-04     4.746434e-15
 540.800     2.855796e-04     4.944713e-15
 541.400     2.723936e-04     4.750811e-15
 542.000     2.602937e-04     4.256532e-15
 542.600     2.609880e-04     3.657604e-15
 543.200     2.724623e-04     3.123920e-15
 543.800     2.858825e-04     2.762522e-15
 544.400     2.936420e-04     2.603701e-15
 545.000     2.881481e-04     2.569884e-15
 545.600     2.610755e-04     2.503631e-15
 546.200     2.110872e-04     2.282362e-15
 546.800     1.497650e-04     1.910989e-15
 547.400     9.499245e-05     1.493497e-15
 548.000     5.862684e-05     1.130020e-15
 548.600     4.145509e-05     8.549833e-16
 549.200     3.700972e-05     6.527790e-16
 549.800     3.725979e-05     4.987437e-16
 550.400     3.610424e-05     3.784665e-16
 551.000     3.102611e-05     2.869343e-16
 551.600     2.315770e-05     2.247014e-16
 552.200     1.546076e-05     1.947598e-16
 552.800     1.026760e-05     1.984615e-16
 553.400     8.224369e-06     2.356318e-16
 554.000     9.081321e-06     3.125732e-16
 554.600     1.298727e-05     4.493166e-16
 555.200     2.079849e-05     6.709238e-16
 555.800     3.296536e-05     9.790501e-16
 556.400     4.792318e-05     1.324543e-15
 557.000     6.179616e-05     1.615245e-15
 557.600     7.030011e-05     1.766082e-15
 558.200     7.139478e-05     1.751009e-15
 558.800     6.654301e-05     1.615451e-15
 559.400     6.003096e-05     1.452282e-15
 560.000     5.666752e-05     1.356876e-15
 560.600     5.836517e-05     1.366042e-15
 561.200     6.197805e-05     1.418391e-15
 561.800     6.150650e-05     1.396327e-15
 562.400     5.356091e-05     1.232710e-15
 563.000     4.050267e-05     9.740787e-16
 563.600     2.810254e-05     7.357233e-16
 564.200     2.081098e-05     6.070187e-16
 564.800     1.919182e-05     5.962158e-16
 565.400     2.053358e-05     6.387456e-16
 566.000     2.118712e-05     6.481110e-16
 566.600     1.904244e-05     5.774059e-16
 567.200     1.461686e-05     4.472589e-16
 567.800     1.003046e-05     3.167451e-16
 568.400     7.084632e-06     2.318462e-16
 569.000     6.268755e-06     2.024809e-16
 569.600     6.997077e-06     2.130289e-16
 570.200     8.199424e-06     2.381229e-16
 570.800     8.807570e-06     2.518435e-16
 571.400     8.229582e-06     2.377921e-16
 572.000     6.650753e-06     1.984483e-16
 572.600     4.830742e-06     1.526502e-16
 573.200     3.549033e-06     1.220287e-16
 573.800     3.207556e-06     1.193665e-16
 574.400     3.784128e-06     1.452074e-16
 575.000     4.930198e-06     1.885886e-16
 575.600     6.076753e-06     2.296838e-16
 576.200     6.640084e-06     2.476125e-16
 576.800     6.333168e-06     2.323844e-16
 577.400     5.337975e-06     1.915195e-16
 578.000     4.142730e-06     1.441852e-16
 578.600     3.194767e-06     1.081745e-16
 579.200     2.684646e-06     9.129984e-17
 579.800     2.563737e-06     9.149622e-17
 580.400     2.658419e-06     1.010497e-16
 581.000     2.764057e-06     1.105803e-16
 581.600     2.728364e-06     1.129263e-16
 582.200     2.537370e-06     1.071972e-16
 582.800     2.348459e-06     1.004918e-16
 583.400     2.437692e-06     1.056486e-16
 584.000     3.086824e-06     1.359252e-16
 584.600     4.406821e-06     1.966013e-16
 585.200     6.121288e-06     2.749571e-16
 585.800     7.535201e-06     3.389604e-16
 586.400     7.932959e-06     3.556278e-16
 587.000     7.166739e-06     3.181914e-16
 587.600     5.799304e-06     2.529971e-16
 588.200     4.621521e-06     1.973986e-16
 588.800     4.127508e-06     1.748978e-16
 589.400     4.446384e-06     1.910413e-16
 590.000     5.505928e-06     2.410139e-16
 590.600     7.024312e-06     3.105318e-16
 591.200     8.450162e-06     3.741399e-16
 591.800     9.190066e-06     4.053183e-16
 592.400     8.982845e-06     3.926066e-16
 593.000     7.985799e-06     3.432559e-16
 593.600     6.562746e-06     2.739675e-16
 594.200     5.112323e-06     2.030852e-16
 594.800     4.026628e-06     1.482397e-16
 595.400     3.640609e-06     1.239703e-16
 596.000     4.129731e-06     1.378550e-16
 596.600     5.375976e-06     1.858591e-16
 597.200     6.878534e-06     2.489007e-16
 597.800     7.935705e-06     2.984017e-16
 598.400     8.143687e-06     3.140718e-16
 599.000     7.764691e-06     3.001995e-16
 599.600     7.510858e-06     2.828437e-16
 600.200     7.934596e-06     2.892479e-16
 600.800     9.009527e-06     3.273446e-16
 601.400     1.016201e-05     3.789683e-16
 602.000     1.060639e-05     4.092573e-16
 602.600     9.825237e-06     3.893305e-16
 603.200     8.016529e-06     3.198915e-16
 603.800     6.139640e-06     2.340846e-16
 604.400     5.377382e-06     1.731468e-16
 605.000     6.356018e-06     1.572135e-16
 605.600     8.655415e-06     1.765823e-16
 606.200     1.095264e-05     2.050501e-16
 606.800     1.183673e-05     2.195231e-16
 607.400     1.079156e-05     2.117811e-16
 608.000     8.484114e-06     1.884008e-16
 608.600     6.102382e-06     1.628736e-16
 609.200     4.478206e-06     1.460442e-16
 609.800     3.815592e-06     1.405487e-16
 610.400     4.125510e-06     1.443990e-16
 611.000     5.879035e-06     1.618708e-16
 611.600     1.015529e-05     2.078331e-16
 612.200     1.769745e-05     2.931830e-16
 612.800     2.726067e-05     4.013490e-16
 613.400     3.508053e-05     4.848720e-16
 614.000     3.704067e-05     4.968017e-16
 614.600     3.208552e-05     4.308287e-16
 615.200     2.320060e-05     3.268637e-16
 615.800     1.481829e-05     2.358580e-16
 616.400     9.690644e-06     1.834974e-16
 617.000     8.170302e-06     1.660409e-16
 617.600     9.352821e-06     1.690267e-16
 618.200     1.197717e-05     1.805949e-16
 618.800     1.455830e-05     1.908170e-16
 619.400     1.576990e-05     1.909178e-16
 620.000     1.542129e-05     1.811005e-16
 620.600     1.489585e-05     1.760250e-16
 621.200     1.615229e-05     1.959268e-16
 621.800     2.003745e-05     2.492956e-16
 622.400     2.543610e-05     3.230658e-16
 623.000     3.004683e-05     3.896377e-16
 623.600     3.216480e-05     4.256478e-16
 624.200     3.172489e-05     4.248303e-16
 624.800     2.954749e-05     3.931410e-16
 625.400     2.605271e-05     3.375862e-16
 626.000     2.127373e-05     2.657440e-16
 626.600     1.577832e-05     1.917154e-16
 627.200     1.086418e-05     1.347503e-16
 627.800     7.818937e-06     1.112056e-16
 628.400     7.233377e-06     1.281550e-16
 629.000     8.794717e-06     1.794900e-16
 629.600     1.139249e-05     2.442139e-16
 630.200     1.359608e-05     2.934398e-16
 630.800     1.448213e-05     3.073943e-16
 631.400     1.416700e-05     2.883542e-16
 632.000     1.346477e-05     2.556978e-16
 632.600     1.301408e-05     2.282044e-16
 633.200     1.273299e-05     2.107456e-16
 633.800     1.205386e-05     1.958988e-16
 634.400     1.062316e-05     1.761440e-16
 635.000     8.690602e-06     1.523293e-16
 635.600     6.831060e-06     1.303489e-16
 636.200     5.544153e-06     1.146872e-16
 636.800     5.334828e-06     1.102211e-16
 637.400     6.999123e-06     1.286219e-16
 638.000     1.137309e-05     1.866140e-16
 638.600     1.840555e-05     2.919573e-16
 639.200     2.642922e-05     4.281540e-16
 639.800     3.275485e-05     5.553373e-16
 640.400     3.545125e-05     6.320414e-16
 641.000     3.458051e-05     6.391396e-16
 641.600     3.157501e-05     5.839953e-16
 642.200     2.764251e-05     4.872697e-16
 642.800     2.305499e-05     3.711325e-16
 643.400     1.778294e-05     2.561958e-16
 644.000     1.233289e-05     1.603660e-16
 644.600     7.727917e-06     9.524286e-17
 645.200     4.794432e-06     6.299495e-17
 645.800     3.681773e-06     5.736566e-17
 646.400     4.155283e-06     6.961396e-17
 647.000     6.306710e-06     9.700086e-17
 647.600     1.078143e-05     1.466624e-16
 648.200     1.786573e-05     2.260926e-16
 648.800     2.599866e-05     3.234470e-16
 649.400     3.162210e-05     4.000540e-16
 650.000     3.150698e-05     4.134859e-16
