501
 350.000     0.000000e+00     5.250468e-01
 350.600     0.000000e+00     5.262420e-01
 351.200     0.000000e+00     5.274356e-01
 351.800     0.000000e+00     5.286275e-01
 352.400     0.000000e+00     5.298179e-01
 353.000     0.000000e+00     5.310066e-01
 353.600     0.000000e+00     5.321937e-01
 354.200     0.000000e+00     5.333792e-01
 354.800     0.000000e+00     5.345630e-01
 355.400     0.000000e+00     5.357452e-01
 356.000     0.000000e+00     5.369258e-01
 356.600     0.000000e+00     5.381047e-01
 357.200     0.000000e+00     5.392820e-01
 357.800     0.000000e+00     5.404576e-01
 358.400     0.000000e+00     5.416315e-01
 359.000     0.000000e+00     5.428038e-01
 359.600     0.000000e+00     5.439744e-01
 360.200     0.000000e+00     5.451434e-01
 360.800     0.000000e+00     5.463107e-01
 361.400     0.000000e+00     5.474763e-01
 362.000     0.000000e+00     5.486403e-01
 362.600     0.000000e+00     5.498026e-01
 363.200     0.000000e+00     5.509631e-01
 363.800     0.000000e+00     5.521220e-01
 364.400     0.000000e+00     5.532793e-01
 365.000     0.000000e+00     5.544348e-01
 365.600     0.000000e+00     5.555886e-01
 366.200     0.000000e+00     5.567407e-01
 366.800     0.000000e+00     5.578911e-01
 367.400     0.000000e+00     5.590399e-01
 368.000     0.000000e+00     5.601869e-01
 368.600     0.000000e+00     5.613321e-01
 369.200     0.000000e+00     5.624757e-01
 369.800     0.000000e+00     5.636176e-01
 370.400     0.000000e+00     5.647577e-01
 371.000     0.000000e+00     5.658961e-01
 371.600     0.000000e+00     5.670328e-01
 372.200     0.000000e+00     5.681677e-01
 372.800     0.000000e+00     5.693009e-01
 373.400     0.000000e+00     5.704323e-01
 374.000     0.000000e+00     5.715620e-01
 374.600     0.000000e+00     5.726900e-01
 375.200     0.000000e+00     5.738162e-01
 375.800     0.000000e+00     5.749406e-01
 376.400     0.000000e+00     5.760633e-01
 377.000     0.000000e+00     5.771842e-01
 377.600     0.000000e+00     5.783033e-01
 378.200     0.000000e+00     5.794207e-01
 378.800     0.000000e+00     5.805363e-01
 379.400     0.000000e+00     5.816501e-01
 380.000     0.000000e+00     5.827621e-01
 380.600     0.000000e+00     5.838724e-01
 381.200     0.000000e+00     5.849808e-01
 381.800     0.000000e+00     5.860875e-01
 382.400     5.964220e+08     5.871923e-01
 383.000     2.675654e+09     5.882953e-01
 383.600     4.767354e+09     5.893966e-01
 384.200     6.870315e+09     5.904960e-01
 384.800     8.983330e+09     5.915936e-01
 385.400     1.110600e+10     5.926894e-01
 386.000     1.323671e+10     5.937833e-01
 386.600     1.537425e+10     5.948754e-01
 387.200     1.751824e+10     5.959657e-01
 387.800     1.966664e+10     5.970541e-01
 388.400     2.181947e+10     5.981407e-01
 389.000     2.397431e+10     5.992255e-01
 389.600     2.613117e+10     6.003084e-01
 390.200     2.828842e+10     6.013894e-01
 390.800     3.044527e+10     6.024685e-01
 391.400     3.260011e+10     6.035458e-01
 392.000     3.475214e+10     6.046213e-01
 392.600     3.690014e+10     6.056948e-01
 393.200     3.904332e+10     6.067665e-01
 393.800     4.118046e+10     6.078362e-01
 394.400     4.331037e+10     6.089041e-01
 395.000     4.543264e+10     6.099701e-01
 395.600     4.754565e+10     6.110342e-01
 396.200     4.964861e+10     6.120963e-01
 396.800     5.174071e+10     6.131566e-01
 397.400     5.382115e+10     6.142149e-01
 398.000     5.588872e+10     6.152713e-01
 398.600     5.794342e+10     6.163258e-01
 399.200     5.998364e+10     6.173783e-01
 399.800     6.200939e+10     6.184289e-01
 400.400     6.401944e+10     6.194776e-01
 401.000     6.601342e+10     6.205243e-01
 401.600     6.799050e+10     6.215690e-01
 402.200     6.995069e+10     6.226118e-01
 402.800     7.189318e+10     6.236526e-01
 403.400     7.381798e+10     6.246914e-01
 404.000     7.572428e+10     6.257282e-01
 404.600     7.761167e+10     6.267631e-01
 405.200     7.948017e+10     6.277959e-01
 405.800     8.132976e+10     6.288268e-01
 406.400     8.316005e+10     6.298556e-01
 407.000     8.497143e+10     6.308824e-01
 407.600     8.676311e+10     6.319072e-01
 408.200     8.853549e+10     6.329300e-01
 408.800     9.028896e+10     6.339507e-01
 409.400     9.202313e+10     6.349694e-01
 410.000     9.373839e+10     6.359860e-01
 410.600     9.543476e+10     6.370006e-01
 411.200     9.711302e+10     6.380131e-01
 411.800     9.877319e+10     6.390235e-01
 412.400     1.004153e+11     6.400319e-01
 413.000     1.020404e+11     6.410381e-01
 413.600     1.036479e+11     6.420423e-01
 414.200     1.052393e+11     6.430443e-01
 414.800     1.068146e+11     6.440443e-01
 415.400     1.083743e+11     6.450421e-01
 416.000     1.099186e+11     6.460378e-01
 416.600     1.114485e+11     6.470314e-01
 417.200     1.129647e+11     6.480228e-01
 417.800     1.144672e+11     6.490120e-01
 418.400     1.159568e+11     6.499991e-01
 419.000     1.174340e+11     6.509841e-01
 419.600     1.188999e+11     6.519668e-01
 420.200     1.203546e+11     6.529474e-01
 420.800     1.217992e+11     6.539257e-01
 421.400     1.232333e+11     6.549019e-01
 422.000     1.246586e+11     6.558758e-01
 422.600     1.260751e+11     6.568475e-01
 423.200     1.274835e+11     6.578170e-01
 423.800     1.288847e+11     6.587842e-01
 424.400     1.302786e+11     6.597491e-01
 425.000     1.316661e+11     6.607118e-01
 425.600     1.330475e+11     6.616722e-01
 426.200     1.344238e+11     6.626304e-01
 426.800     1.357952e+11     6.635862e-01
 427.400     1.371618e+11     6.645397e-01
 428.000     1.385247e+11     6.654909e-01
 428.600     1.398841e+11     6.664397e-01
 429.200     1.412406e+11     6.673863e-01
 429.800     1.425939e+11     6.683304e-01
 430.400     1.439452e+11     6.692722e-01
 431.000     1.452941e+11     6.702116e-01
 431.600     1.466414e+11     6.711486e-01
 432.200     1.479871e+11     6.720832e-01
 432.800     1.493319e+11     6.730154e-01
 433.400     1.506756e+11     6.739452e-01
 434.000     1.520184e+11     6.748725e-01
 434.600     1.533605e+11     6.757973e-01
 435.200     1.547025e+11     6.767197e-01
 435.800     1.560446e+11     6.776396e-01
 436.400     1.573862e+11     6.785570e-01
 437.000     1.587279e+11     6.794719e-01
 437.600     1.600695e+11     6.803843e-01
 438.200     1.614116e+11     6.812941e-01
 438.800     1.627536e+11     6.822014e-01
 439.400     1.640961e+11     6.831061e-01
 440.000     1.654389e+11     6.840082e-01
 440.600     1.667818e+11     6.849077e-01
 441.200     1.681250e+11     6.858046e-01
 441.800     1.694683e+11     6.866989e-01
 442.400     1.708120e+11     6.875905e-01
 443.000     1.721556e+11     6.884795e-01
 443.600     1.734997e+11     6.893657e-01
 444.200     1.748433e+11     6.902493e-01
 444.800     1.761874e+11     6.911302e-01
 445.400     1.775311e+11     6.920083e-01
 446.000     1.788743e+11     6.928837e-01
 446.600     1.802176e+11     6.937563e-01
 447.200     1.815600e+11     6.946261e-01
 447.800     1.829025e+11     6.954931e-01
 448.400     1.842437e+11     6.963573e-01
 449.000     1.855846e+11     6.972186e-01
 449.600     1.869246e+11     6.980771e-01
 450.200     1.882634e+11     6.989327e-01
 450.800     1.896011e+11     6.997853e-01
 451.400     1.909379e+11     7.006351e-01
 452.000     1.922731e+11     7.014819e-01
 452.600     1.936071e+11     7.023257e-01
 453.200     1.949395e+11     7.031666e-01
 453.800     1.962699e+11     7.040044e-01
 454.400     1.975991e+11     7.048392e-01
 455.000     1.989262e+11     7.056710e-01
 455.600     2.002518e+11     7.064996e-01
 456.200     2.015749e+11     7.073252e-01
 456.800     2.028961e+11     7.081476e-01
 457.400     2.042152e+11     7.089669e-01
 458.000     2.055323e+11     7.097830e-01
 458.600     2.068466e+11     7.105959e-01
 459.200     2.081589e+11     7.114056e-01
 459.800     2.094688e+11     7.122121e-01
 460.400     2.107763e+11     7.130152e-01
 461.000     2.120813e+11     7.138151e-01
 461.600     2.133835e+11     7.146116e-01
 462.200     2.146834e+11     7.154047e-01
 462.800     2.159808e+11     7.161945e-01
 463.400     2.172754e+11     7.169809e-01
 464.000     2.185675e+11     7.177638e-01
 464.600     2.198569e+11     7.185432e-01
 465.200     2.211439e+11     7.193191e-01
 465.800     2.224280e+11     7.200915e-01
 466.400     2.237097e+11     7.208604e-01
 467.000     2.249886e+11     7.216256e-01
 467.600     2.262651e+11     7.223872e-01
 468.200     2.275392e+11     7.231451e-01
 468.800     2.288105e+11     7.238994e-01
 469.400     2.300797e+11     7.246499e-01
 470.000     2.313462e+11     7.253967e-01
 470.600     2.326102e+11     7.261397e-01
 471.200     2.338718e+11     7.268788e-01
 471.800     2.351314e+11     7.276141e-01
 472.400     2.363886e+11     7.283454e-01
 473.000     2.376438e+11     7.290729e-01
 473.600     2.388966e+11     7.297963e-01
 474.200     2.401473e+11     7.305158e-01
 474.800     2.413961e+11     7.312312e-01
 475.400     2.426428e+11     7.319425e-01
 476.000     2.438875e+11     7.326497e-01
 476.600     2.451306e+11     7.333527e-01
 477.200     2.463717e+11     7.340515e-01
 477.800     2.476112e+11     7.347460e-01
 478.400     2.488491e+11     7.354362e-01
 479.000     2.500854e+11     7.361221e-01
 479.600     2.513201e+11     7.368037e-01
 480.200     2.525531e+11     7.374808e-01
 480.800     2.537846e+11     7.381534e-01
 481.400     2.550148e+11     7.388215e-01
 482.000     2.562439e+11     7.394851e-01
 482.600     2.574713e+11     7.401440e-01
 483.200     2.586975e+11     7.407983e-01
 483.800     2.599230e+11     7.414479e-01
 484.400     2.611468e+11     7.420927e-01
 485.000     2.623694e+11     7.427328e-01
 485.600     2.635908e+11     7.433679e-01
 486.200     2.648110e+11     7.439982e-01
 486.800     2.660303e+11     7.446235e-01
 487.400     2.672485e+11     7.452438e-01
 488.000     2.684655e+11     7.458591e-01
 488.600     2.696813e+11     7.464692e-01
 489.200     2.708962e+11     7.470742e-01
 489.800     2.721096e+11     7.476739e-01
 490.400     2.733221e+11     7.482684e-01
 491.000     2.745335e+11     7.488575e-01
 491.600     2.757436e+11     7.494412e-01
 492.200     2.769521e+11     7.500195e-01
 492.800     2.781599e+11     7.505922e-01
 493.400     2.793660e+11     7.511594e-01
 494.000     2.805705e+11     7.517209e-01
 494.600     2.817738e+11     7.522767e-01
 495.200     2.829759e+11     7.528268e-01
 495.800     2.841760e+11     7.533711e-01
 496.400     2.853744e+11     7.539094e-01
 497.000     2.865713e+11     7.544418e-01
 497.600     2.877662e+11     7.549682e-01
 498.200     2.889594e+11     7.554885e-01
 498.800     2.901502e+11     7.560026e-01
 499.400     2.913391e+11     7.565106e-01
 500.000     2.925259e+11     7.570122e-01
 500.600     2.937103e+11     7.575075e-01
 501.200     2.948923e+11     7.579963e-01
 501.800     2.960714e+11     7.584787e-01
 502.400     2.972478e+11     7.589544e-01
 503.000     2.984217e+11     7.594236e-01
 503.600     2.995925e+11     7.598860e-01
 504.200     3.007604e+11     7.603416e-01
 504.800     3.019247e+11     7.607904e-01
 505.400     3.030861e+11     7.612322e-01
 506.000     3.042436e+11     7.616670e-01
 506.600     3.053974e+11     7.620947e-01
 507.200     3.065476e+11     7.625153e-01
 507.800     3.076938e+11     7.629286e-01
 508.400     3.088360e+11     7.633346e-01
 509.000     3.099737e+11     7.637332e-01
 509.600     3.111071e+11     7.641243e-01
 510.200     3.122356e+11     7.645078e-01
 510.800     3.133596e+11     7.648837e-01
 511.400     3.144789e+11     7.652519e-01
 512.000     3.155929e+11     7.656124e-01
 512.600     3.167013e+11     7.659649e-01
 513.200     3.178048e+11     7.663095e-01
 513.800     3.189024e+11     7.666460e-01
 514.400     3.199943e+11     7.669745e-01
 515.000     3.210805e+11     7.672947e-01
 515.600     3.221604e+11     7.676067e-01
 516.200     3.232342e+11     7.679103e-01
 516.800     3.243015e+11     7.682055e-01
 517.400     3.253621e+11     7.684922e-01
 518.000     3.264162e+11     7.687702e-01
 518.600     3.274630e+11     7.690397e-01
 519.200     3.285030e+11     7.693003e-01
 519.800     3.295358e+11     7.695522e-01
 520.400     3.305614e+11     7.697952e-01
 521.000     3.315793e+11     7.700291e-01
 521.600     3.325895e+11     7.702541e-01
 522.200     3.335917e+11     7.704699e-01
 522.800     3.345863e+11     7.706766e-01
 523.400     3.355724e+11     7.708739e-01
 524.000     3.365505e+11     7.710620e-01
 524.600     3.375201e+11     7.712407e-01
 525.200     3.384813e+11     7.714099e-01
 525.800     3.394341e+11     7.715695e-01
 526.400     3.403780e+11     7.717196e-01
 527.000     3.413126e+11     7.718601e-01
 527.600     3.422388e+11     7.719909e-01
 528.200     3.431558e+11     7.721119e-01
 528.800     3.440635e+11     7.722232e-01
 529.400     3.449619e+11     7.723246e-01
 530.000     3.458512e+11     7.724161e-01
 530.600     3.467307e+11     7.724977e-01
 531.200     3.476010e+11     7.725694e-01
 531.800     3.484617e+11     7.726310e-01
 532.400     3.493127e+11     7.726827e-01
 533.000     3.501540e+11     7.727243e-01
 533.600     3.509857e+11     7.727559e-01
 534.200     3.518077e+11     7.727774e-01
 534.800     3.526201e+11     7.727889e-01
 535.400     3.534225e+11     7.727902e-01
 536.000     3.542151e+11     7.727816e-01
 536.600     3.549978e+11     7.727629e-01
 537.200     3.557707e+11     7.727341e-01
 537.800     3.565341e+11     7.726954e-01
 538.400     3.572877e+11     7.726467e-01
 539.000     3.580314e+11     7.725881e-01
 539.600     3.587657e+11     7.725196e-01
 540.200     3.594900e+11     7.724414e-01
 540.800     3.602051e+11     7.723533e-01
 541.400     3.609105e+11     7.722557e-01
 542.000     3.616063e+11     7.721484e-01
 542.600     3.622928e+11     7.720317e-01
 543.200     3.629704e+11     7.719056e-01
 543.800     3.636384e+11     7.717703e-01
 544.400     3.642976e+11     7.716259e-01
 545.000     3.649475e+11     7.714725e-01
 545.600     3.655890e+11     7.713102e-01
 546.200     3.662216e+11     7.711394e-01
 546.800     3.668454e+11     7.709601e-01
 547.400     3.674611e+11     7.707725e-01
 548.000     3.680680e+11     7.705769e-01
 548.600     3.686672e+11     7.703734e-01
 549.200     3.692584e+11     7.701624e-01
 549.800     3.698416e+11     7.699440e-01
 550.400     3.704171e+11     7.697186e-01
 551.000     3.709853e+11     7.694863e-01
 551.600     3.715460e+11     7.692477e-01
 552.200     3.720994e+11     7.690028e-01
 552.800     3.726459e+11     7.687522e-01
 553.400     3.731860e+11     7.684961e-01
 554.000     3.737189e+11     7.682349e-01
 554.600     3.742457e+11     7.679690e-01
 555.200     3.747662e+11     7.676988e-01
 555.800     3.752809e+11     7.674247e-01
 556.400     3.757893e+11     7.671473e-01
 557.000     3.762924e+11     7.668669e-01
 557.600     3.767895e+11     7.665840e-01
 558.200     3.772817e+11     7.662992e-01
 558.800     3.777688e+11     7.660129e-01
 559.400     3.782506e+11     7.657258e-01
 560.000     3.787276e+11     7.654383e-01
 560.600     3.792001e+11     7.651511e-01
 561.200     3.796682e+11     7.648647e-01
 561.800     3.801319e+11     7.645798e-01
 562.400     3.805912e+11     7.642969e-01
 563.000     3.810465e+11     7.640169e-01
 563.600     3.814981e+11     7.637402e-01
 564.200     3.819457e+11     7.634677e-01
 564.800     3.823901e+11     7.632000e-01
 565.400     3.828305e+11     7.629378e-01
 566.000     3.832677e+11     7.626819e-01
 566.600     3.837012e+11     7.624330e-01
 567.200     3.841316e+11     7.621918e-01
 567.800     3.845587e+11     7.619593e-01
 568.400     3.849829e+11     7.617361e-01
 569.000     3.854040e+11     7.615230e-01
 569.600     3.858219e+11     7.613208e-01
 570.200     3.862365e+11     7.611305e-01
 570.800     3.866483e+11     7.609527e-01
 571.400     3.870574e+11     7.607883e-01
 572.000     3.874631e+11     7.606381e-01
 572.600     3.878657e+11     7.605030e-01
 573.200     3.882655e+11     7.603838e-01
 573.800     3.886620e+11     7.602813e-01
 574.400     3.890553e+11     7.601964e-01
 575.000     3.894455e+11     7.601298e-01
 575.600     3.898327e+11     7.600825e-01
 576.200     3.902160e+11     7.600551e-01
 576.800     3.905965e+11     7.600486e-01
 577.400     3.909729e+11     7.600636e-01
 578.000     3.913457e+11     7.601011e-01
 578.600     3.917149e+11     7.601616e-01
 579.200     3.920801e+11     7.602460e-01
 579.800     3.924416e+11     7.603550e-01
 580.400     3.927984e+11     7.604893e-01
 581.000     3.931515e+11     7.606495e-01
 581.600     3.934994e+11     7.608364e-01
 582.200     3.938432e+11     7.610505e-01
 582.800     3.941822e+11     7.612924e-01
 583.400     3.945160e+11     7.615627e-01
 584.000     3.948450e+11     7.618620e-01
 584.600     3.951684e+11     7.621907e-01
 585.200     3.954865e+11     7.625492e-01
 585.800     3.957990e+11     7.629381e-01
 586.400     3.961054e+11     7.633578e-01
 587.000     3.964063e+11     7.638085e-01
 587.600     3.967011e+11     7.642906e-01
 588.200     3.969890e+11     7.648043e-01
 588.800     3.972709e+11     7.653499e-01
 589.400     3.975460e+11     7.659276e-01
 590.000     3.978143e+11     7.665375e-01
 590.600     3.980757e+11     7.671798e-01
 591.200     3.983303e+11     7.678544e-01
 591.800     3.985772e+11     7.685615e-01
 592.400     3.988169e+11     7.693009e-01
 593.000     3.990489e+11     7.700726e-01
 593.600     3.992733e+11     7.708766e-01
 594.200     3.994901e+11     7.717125e-01
 594.800     3.996988e+11     7.725804e-01
 595.400     3.998999e+11     7.734798e-01
 596.000     4.000926e+11     7.744106e-01
 596.600     4.002772e+11     7.753724e-01
 597.200     4.004533e+11     7.763648e-01
 597.800     4.006214e+11     7.773876e-01
 598.400     4.007807e+11     7.784402e-01
 599.000     4.009315e+11     7.795221e-01
 599.600     4.010743e+11     7.806330e-01
 600.200     4.012078e+11     7.817722e-01
 600.800     4.013333e+11     7.829393e-01
 601.400     4.014495e+11     7.841336e-01
 602.000     4.015577e+11     7.853545e-01
 602.600     4.016566e+11     7.866013e-01
 603.200     4.017471e+11     7.878736e-01
 603.800     4.018288e+11     7.891704e-01
 604.400     4.019015e+11     7.904912e-01
 605.000     4.019659e+11     7.918353e-01
 605.600     4.020214e+11     7.932019e-01
 606.200     4.020680e+11     7.945903e-01
 606.800     4.021063e+11     7.959996e-01
 607.400     4.021356e+11     7.974292e-01
 608.000     4.021565e+11     7.988783e-01
 608.600     4.021690e+11     8.003461e-01
 609.200     4.021726e+11     8.018318e-01
 609.800     4.021678e+11     8.033347e-01
 610.400     4.021545e+11     8.048539e-01
 611.000     4.021328e+11     8.063886e-01
 611.600     4.021026e+11     8.079381e-01
 612.200     4.020640e+11     8.095016e-01
 612.800     4.020174e+11     8.110783e-01
 613.400     4.019623e+11     8.126674e-01
 614.000     4.018991e+11     8.142682e-01
 614.600     4.018275e+11     8.158798e-01
 615.200     4.017479e+11     8.175017e-01
 615.800     4.016606e+11     8.191329e-01
 616.400     4.015649e+11     8.207729e-01
 617.000     4.014612e+11     8.224208e-01
 617.600     4.013498e+11     8.240760e-01
 618.200     4.012303e+11     8.257377e-01
 618.800     4.011028e+11     8.274054e-01
 619.400     4.009677e+11     8.290783e-01
 620.000     4.008249e+11     8.307558e-01
 620.600     4.006741e+11     8.324373e-01
 621.200     4.005157e+11     8.341222e-01
 621.800     4.003496e+11     8.358098e-01
 622.400     4.001758e+11     8.374996e-01
 623.000     3.999944e+11     8.391910e-01
 623.600     3.998054e+11     8.408835e-01
 624.200     3.996088e+11     8.425765e-01
 624.800     3.994049e+11     8.442696e-01
 625.400     3.991929e+11     8.459622e-01
 626.000     3.989737e+11     8.476539e-01
 626.600     3.987469e+11     8.493442e-01
 627.200     3.985124e+11     8.510327e-01
 627.800     3.982707e+11     8.527190e-01
 628.400     3.980214e+11     8.544025e-01
 629.000     3.977648e+11     8.560831e-01
 629.600     3.975002e+11     8.577602e-01
 630.200     3.972283e+11     8.594336e-01
 630.800     3.969492e+11     8.611028e-01
 631.400     3.966620e+11     8.627676e-01
 632.000     3.963677e+11     8.644277e-01
 632.600     3.960656e+11     8.660827e-01
 633.200     3.957559e+11     8.677324e-01
 633.800     3.954390e+11     8.693765e-01
 634.400     3.951141e+11     8.710148e-01
 635.000     3.947815e+11     8.726471e-01
 635.600     3.944412e+11     8.742730e-01
 636.200     3.940934e+11     8.758925e-01
 636.800     3.937374e+11     8.775053e-01
 637.400     3.933739e+11     8.791112e-01
 638.000     3.930023e+11     8.807100e-01
 638.600     3.926226e+11     8.823017e-01
 639.200     3.922349e+11     8.838860e-01
 639.800     3.918392e+11     8.854628e-01
 640.400     3.914350e+11     8.870320e-01
 641.000     3.910228e+11     8.885935e-01
 641.600     3.906021e+11     8.901471e-01
 642.200     3.901730e+11     8.916928e-01
 642.800     3.897350e+11     8.932304e-01
 643.400     3.892882e+11     8.947600e-01
 644.000     3.888329e+11     8.962814e-01
 644.600     3.883684e+11     8.977945e-01
 645.200     3.878947e+11     8.992994e-01
 645.800     3.874117e+11     9.007959e-01
 646.400     3.869190e+11     9.022840e-01
 647.000     3.864167e+11     9.037637e-01
 647.600     3.859047e+11     9.052350e-01
 648.200     3.853823e+11     9.066978e-01
 648.800     3.848498e+11     9.081521e-01
 649.400     3.843073e+11     9.095979e-01
 650.000     3.837535e+11     9.110352e-01
