501
 350.000     0.000000e+00     4.957365e-01
 350.600     0.000000e+00     4.970703e-01
 351.200     0.000000e+00     4.984029e-01
 351.800     0.000000e+00     4.997341e-01
 352.400     0.000000e+00     5.010641e-01
 353.000     0.000000e+00     5.023928e-01
 353.600     0.000000e+00     5.037201e-01
 354.200     0.000000e+00     5.050461e-01
 354.800     0.000000e+00     5.063709e-01
 355.400     0.000000e+00     5.076942e-01
 356.000     0.000000e+00     5.090163e-01
 356.600     0.000000e+00     5.103370e-01
 357.200     0.000000e+00     5.116563e-01
 357.800     0.000000e+00     5.129743e-01
 358.400     0.000000e+00     5.142909e-01
 359.000     0.000000e+00     5.156062e-01
 359.600     0.000000e+00     5.169200e-01
 360.200     0.000000e+00     5.182325e-01
 360.800     0.000000e+00     5.195436e-01
 361.400     0.000000e+00     5.208532e-01
 362.000     0.000000e+00     5.221615e-01
 362.600     0.000000e+00     5.234683e-01
 363.200     0.000000e+00     5.247738e-01
 363.800     0.000000e+00     5.260777e-01
 364.400     0.000000e+00     5.273803e-01
 365.000     0.000000e+00     5.286814e-01
 365.600     0.000000e+00     5.299810e-01
 366.200     0.000000e+00     5.312792e-01
 366.800     0.000000e+00     5.325759e-01
 367.400     0.000000e+00     5.338711e-01
 368.000     0.000000e+00     5.351648e-01
 368.600     0.000000e+00     5.364571e-01
 369.200     0.000000e+00     5.377478e-01
 369.800     0.000000e+00     5.390371e-01
 370.400     0.000000e+00     5.403248e-01
 371.000     0.000000e+00     5.416110e-01
 371.600     0.000000e+00     5.428957e-01
 372.200     0.000000e+00     5.441788e-01
 372.800     0.000000e+00     5.454604e-01
 373.400     0.000000e+00     5.467404e-01
 374.000     0.000000e+00     5.480189e-01
 374.600     0.000000e+00     5.492958e-01
 375.200     0.000000e+00     5.505712e-01
 375.800     0.000000e+00     5.518449e-01
 376.400     0.000000e+00     5.531171e-01
 377.000     0.000000e+00     5.543877e-01
 377.600     0.000000e+00     5.556566e-01
 378.200     0.000000e+00     5.569240e-01
 378.800     9.805585e+08     5.581897e-01
 379.400     2.692774e+09     5.594538e-01
 380.000     4.424921e+09     5.607162e-01
 380.600     6.176356e+09     5.619771e-01
 381.200     7.946399e+09     5.632362e-01
 381.800     9.734341e+09     5.644937e-01
 382.400     1.153944e+10     5.657495e-01
 383.000     1.336092e+10     5.670037e-01
 383.600     1.519797e+10     5.682562e-01
 384.200     1.704978e+10     5.695069e-01
 384.800     1.891547e+10     5.707560e-01
 385.400     2.079416e+10     5.720034e-01
 386.000     2.268494e+10     5.732490e-01
 386.600     2.458688e+10     5.744929e-01
 387.200     2.649904e+10     5.757351e-01
 387.800     2.842043e+10     5.769755e-01
 388.400     3.035007e+10     5.782142e-01
 389.000     3.228697e+10     5.794511e-01
 389.600     3.423011e+10     5.806863e-01
 390.200     3.617849e+10     5.819197e-01
 390.800     3.813106e+10     5.831513e-01
 391.400     4.008682e+10     5.843810e-01
 392.000     4.204473e+10     5.856090e-01
 392.600     4.400378e+10     5.868352e-01
 393.200     4.596295e+10     5.880595e-01
 393.800     4.792124e+10     5.892821e-01
 394.400     4.987766e+10     5.905027e-01
 395.000     5.183124e+10     5.917216e-01
 395.600     5.378101e+10     5.929385e-01
 396.200     5.572604e+10     5.941536e-01
 396.800     5.766543e+10     5.953668e-01
 397.400     5.959830e+10     5.965781e-01
 398.000     6.152378e+10     5.977876e-01
 398.600     6.344107e+10     5.989951e-01
 399.200     6.534939e+10     6.002007e-01
 399.800     6.724798e+10     6.014043e-01
 400.400     6.913614e+10     6.026061e-01
 401.000     7.101321e+10     6.038059e-01
 401.600     7.287856e+10     6.050037e-01
 402.200     7.473163e+10     6.061995e-01
 402.800     7.657188e+10     6.073934e-01
 403.400     7.839883e+10     6.085853e-01
 404.000     8.021204e+10     6.097752e-01
 404.600     8.201114e+10     6.109631e-01
 405.200     8.379578e+10     6.121489e-01
 405.800     8.556568e+10     6.133328e-01
 406.400     8.732059e+10     6.145145e-01
 407.000     8.906035e+10     6.156943e-01
 407.600     9.078479e+10     6.168719e-01
 408.200     9.249383e+10     6.180475e-01
 408.800     9.418743e+10     6.192210e-01
 409.400     9.586559e+10     6.203924e-01
 410.000     9.752835e+10     6.215616e-01
 410.600     9.917581e+10     6.227288e-01
 411.200     1.008081e+11     6.238938e-01
 411.800     1.024253e+11     6.250567e-01
 412.400     1.040278e+11     6.262174e-01
 413.000     1.056157e+11     6.273759e-01
 413.600     1.071893e+11     6.285323e-01
 414.200     1.087490e+11     6.296864e-01
 414.800     1.102950e+11     6.308383e-01
 415.400     1.118277e+11     6.319880e-01
 416.000     1.133475e+11     6.331355e-01
 416.600     1.148548e+11     6.342807e-01
 417.200     1.163501e+11     6.354237e-01
 417.800     1.178338e+11     6.365644e-01
 418.400     1.193063e+11     6.377027e-01
 419.000     1.207680e+11     6.388388e-01
 419.600     1.222196e+11     6.399726e-01
 420.200     1.236614e+11     6.411040e-01
 420.800     1.250940e+11     6.422331e-01
 421.400     1.265178e+11     6.433598e-01
 422.000     1.279333e+11     6.444841e-01
 422.600     1.293410e+11     6.456061e-01
 423.200     1.307413e+11     6.467256e-01
 423.800     1.321348e+11     6.478427e-01
 424.400     1.335219e+11     6.489573e-01
 425.000     1.349031e+11     6.500696e-01
 425.600     1.362788e+11     6.511793e-01
 426.200     1.376494e+11     6.522865e-01
 426.800     1.390153e+11     6.533913e-01
 427.400     1.403770e+11     6.544935e-01
 428.000     1.417348e+11     6.555932e-01
 428.600     1.430891e+11     6.566903e-01
 429.200     1.444402e+11     6.577849e-01
 429.800     1.457885e+11     6.588768e-01
 430.400     1.471342e+11     6.599662e-01
 431.000     1.484777e+11     6.610529e-01
 431.600     1.498192e+11     6.621370e-01
 432.200     1.511590e+11     6.632184e-01
 432.800     1.524973e+11     6.642971e-01
 433.400     1.538343e+11     6.653732e-01
 434.000     1.551702e+11     6.664465e-01
 434.600     1.565052e+11     6.675171e-01
 435.200     1.578394e+11     6.685849e-01
 435.800     1.591729e+11     6.696499e-01
 436.400     1.605059e+11     6.707121e-01
 437.000     1.618384e+11     6.717715e-01
 437.600     1.631706e+11     6.728281e-01
 438.200     1.645025e+11     6.738818e-01
 438.800     1.658342e+11     6.749326e-01
 439.400     1.671656e+11     6.759805e-01
 440.000     1.684968e+11     6.770255e-01
 440.600     1.698279e+11     6.780675e-01
 441.200     1.711587e+11     6.791066e-01
 441.800     1.724893e+11     6.801427e-01
 442.400     1.738197e+11     6.811757e-01
 443.000     1.751497e+11     6.822057e-01
 443.600     1.764795e+11     6.832326e-01
 444.200     1.778088e+11     6.842564e-01
 444.800     1.791377e+11     6.852771e-01
 445.400     1.804661e+11     6.862947e-01
 446.000     1.817939e+11     6.873091e-01
 446.600     1.831210e+11     6.883202e-01
 447.200     1.844473e+11     6.893282e-01
 447.800     1.857728e+11     6.903329e-01
 448.400     1.870973e+11     6.913344e-01
 449.000     1.884208e+11     6.923325e-01
 449.600     1.897432e+11     6.933273e-01
 450.200     1.910644e+11     6.943187e-01
 450.800     1.923843e+11     6.953068e-01
 451.400     1.937027e+11     6.962914e-01
 452.000     1.950197e+11     6.972726e-01
 452.600     1.963351e+11     6.982503e-01
 453.200     1.976488e+11     6.992245e-01
 453.800     1.989608e+11     7.001951e-01
 454.400     2.002709e+11     7.011622e-01
 455.000     2.015791e+11     7.021257e-01
 455.600     2.028853e+11     7.030855e-01
 456.200     2.041895e+11     7.040416e-01
 456.800     2.054915e+11     7.049941e-01
 457.400     2.067913e+11     7.059428e-01
 458.000     2.080889e+11     7.068877e-01
 458.600     2.093842e+11     7.078289e-01
 459.200     2.106771e+11     7.087662e-01
 459.800     2.119676e+11     7.096996e-01
 460.400     2.132557e+11     7.106291e-01
 461.000     2.145413e+11     7.115546e-01
 461.600     2.158244e+11     7.124762e-01
 462.200     2.171050e+11     7.133937e-01
 462.800     2.183831e+11     7.143071e-01
 463.400     2.196586e+11     7.152164e-01
 464.000     2.209316e+11     7.161216e-01
 464.600     2.222020e+11     7.170226e-01
 465.200     2.234698e+11     7.179194e-01
 465.800     2.247352e+11     7.188119e-01
 466.400     2.259979e+11     7.197001e-01
 467.000     2.272582e+11     7.205839e-01
 467.600     2.285160e+11     7.214633e-01
 468.200     2.297713e+11     7.223382e-01
 468.800     2.310242e+11     7.232087e-01
 469.400     2.322747e+11     7.240746e-01
 470.000     2.335228e+11     7.249360e-01
 470.600     2.347686e+11     7.257927e-01
 471.200     2.360121e+11     7.266447e-01
 471.800     2.372533e+11     7.274920e-01
 472.400     2.384924e+11     7.283345e-01
 473.000     2.397294e+11     7.291722e-01
 473.600     2.409643e+11     7.300050e-01
 474.200     2.421971e+11     7.308328e-01
 474.800     2.434280e+11     7.316557e-01
 475.400     2.446569e+11     7.324735e-01
 476.000     2.458840e+11     7.332863e-01
 476.600     2.471092e+11     7.340939e-01
 477.200     2.483327e+11     7.348963e-01
 477.800     2.495545e+11     7.356934e-01
 478.400     2.507747e+11     7.364852e-01
 479.000     2.519932e+11     7.372716e-01
 479.600     2.532103e+11     7.380526e-01
 480.200     2.544258e+11     7.388280e-01
 480.800     2.556398e+11     7.395980e-01
 481.400     2.568525e+11     7.403623e-01
 482.000     2.580638e+11     7.411209e-01
 482.600     2.592738e+11     7.418737e-01
 483.200     2.604824e+11     7.426208e-01
 483.800     2.616898e+11     7.433620e-01
 484.400     2.628960e+11     7.440972e-01
 485.000     2.641009e+11     7.448264e-01
 485.600     2.653047e+11     7.455495e-01
 486.200     2.665072e+11     7.462665e-01
 486.800     2.677086e+11     7.469773e-01
 487.400     2.689088e+11     7.476818e-01
 488.000     2.701079e+11     7.483799e-01
 488.600     2.713057e+11     7.490716e-01
 489.200     2.725024e+11     7.497567e-01
 489.800     2.736978e+11     7.504353e-01
 490.400     2.748921e+11     7.511072e-01
 491.000     2.760850e+11     7.517724e-01
 491.600     2.772767e+11     7.524307e-01
 492.200     2.784670e+11     7.530822e-01
 492.800     2.796560e+11     7.537267e-01
 493.400     2.808435e+11     7.543641e-01
 494.000     2.820295e+11     7.549944e-01
 494.600     2.832140e+11     7.556175e-01
 495.200     2.843969e+11     7.562332e-01
 495.800     2.855781e+11     7.568416e-01
 496.400     2.867575e+11     7.574424e-01
 497.000     2.879351e+11     7.580358e-01
 497.600     2.891107e+11     7.586214e-01
 498.200     2.902844e+11     7.591993e-01
 498.800     2.914559e+11     7.597694e-01
 499.400     2.926251e+11     7.603316e-01
 500.000     2.937921e+11     7.608857e-01
 500.600     2.949566e+11     7.614318e-01
 501.200     2.961186e+11     7.619696e-01
 501.800     2.972778e+11     7.624991e-01
 502.400     2.984343e+11     7.630203e-01
 503.000     2.995879e+11     7.635329e-01
 503.600     3.007384e+11     7.640370e-01
 504.200     3.018857e+11     7.645323e-01
 504.800     3.030297e+11     7.650189e-01
 505.400     3.041702e+11     7.654966e-01
 506.000     3.053071e+11     7.659654e-01
 506.600     3.064403e+11     7.664250e-01
 507.200     3.075696e+11     7.668755e-01
 507.800     3.086948e+11     7.673166e-01
 508.400     3.098158e+11     7.677484e-01
 509.000     3.109324e+11     7.681707e-01
 509.600     3.120445e+11     7.685834e-01
 510.200     3.131520e+11     7.689863e-01
 510.800     3.142546e+11     7.693795e-01
 511.400     3.153522e+11     7.697628e-01
 512.000     3.164447e+11     7.701360e-01
 512.600     3.175318e+11     7.704991e-01
 513.200     3.186135e+11     7.708520e-01
 513.800     3.196896e+11     7.711945e-01
 514.400     3.207598e+11     7.715266e-01
 515.000     3.218241e+11     7.718482e-01
 515.600     3.228822e+11     7.721591e-01
 516.200     3.239341e+11     7.724593e-01
 516.800     3.249795e+11     7.727486e-01
 517.400     3.260182e+11     7.730269e-01
 518.000     3.270503e+11     7.732942e-01
 518.600     3.280754e+11     7.735503e-01
 519.200     3.290934e+11     7.737951e-01
 519.800     3.301042e+11     7.740286e-01
 520.400     3.311076e+11     7.742506e-01
 521.000     3.321035e+11     7.744610e-01
 521.600     3.330917e+11     7.746598e-01
 522.200     3.340720e+11     7.748468e-01
 522.800     3.350445e+11     7.750220e-01
 523.400     3.360088e+11     7.751853e-01
 524.000     3.369649e+11     7.753365e-01
 524.600     3.379126e+11     7.754756e-01
 525.200     3.388519e+11     7.756025e-01
 525.800     3.397826e+11     7.757171e-01
 526.400     3.407046e+11     7.758194e-01
 527.000     3.416177e+11     7.759092e-01
 527.600     3.425220e+11     7.759866e-01
 528.200     3.434172e+11     7.760514e-01
 528.800     3.443033e+11     7.761036e-01
 529.400     3.451802e+11     7.761431e-01
 530.000     3.460478e+11     7.761698e-01
 530.600     3.469061e+11     7.761838e-01
 531.200     3.477549e+11     7.761850e-01
 531.800     3.485943e+11     7.761733e-01
 532.400     3.494242e+11     7.761487e-01
 533.000     3.502444e+11     7.761112e-01
 533.600     3.510551e+11     7.760607e-01
 534.200     3.518561e+11     7.759973e-01
 534.800     3.526475e+11     7.759210e-01
 535.400     3.534291e+11     7.758317e-01
 536.000     3.542011e+11     7.757295e-01
 536.600     3.549634e+11     7.756144e-01
 537.200     3.557160e+11     7.754864e-01
 537.800     3.564589e+11     7.753455e-01
 538.400     3.571922e+11     7.751919e-01
 539.000     3.579159e+11     7.750255e-01
 539.600     3.586301e+11     7.748465e-01
 540.200     3.593347e+11     7.746549e-01
 540.800     3.600298e+11     7.744508e-01
 541.400     3.607156e+11     7.742344e-01
 542.000     3.613921e+11     7.740057e-01
 542.600     3.620593e+11     7.737649e-01
 543.200     3.627173e+11     7.735121e-01
 543.800     3.633664e+11     7.732475e-01
 544.400     3.640064e+11     7.729712e-01
 545.000     3.646377e+11     7.726836e-01
 545.600     3.652602e+11     7.723847e-01
 546.200     3.658741e+11     7.720748e-01
 546.800     3.664796e+11     7.717541e-01
 547.400     3.670768e+11     7.714229e-01
 548.000     3.676658e+11     7.710816e-01
 548.600     3.682468e+11     7.707303e-01
 549.200     3.688199e+11     7.703694e-01
 549.800     3.693853e+11     7.699992e-01
 550.400     3.699431e+11     7.696201e-01
 551.000     3.704936e+11     7.692325e-01
 551.600     3.710369e+11     7.688367e-01
 552.200     3.715731e+11     7.684332e-01
 552.800     3.721026e+11     7.680225e-01
 553.400     3.726253e+11     7.676049e-01
 554.000     3.731416e+11     7.671811e-01
 554.600     3.736515e+11     7.667514e-01
 555.200     3.741554e+11     7.663165e-01
 555.800     3.746533e+11     7.658768e-01
 556.400     3.751455e+11     7.654331e-01
 557.000     3.756321e+11     7.649858e-01
 557.600     3.761133e+11     7.645356e-01
 558.200     3.765893e+11     7.640831e-01
 558.800     3.770603e+11     7.636292e-01
 559.400     3.775265e+11     7.631743e-01
 560.000     3.779880e+11     7.627194e-01
 560.600     3.784449e+11     7.622651e-01
 561.200     3.788976e+11     7.618121e-01
 561.800     3.793460e+11     7.613614e-01
 562.400     3.797904e+11     7.609137e-01
 563.000     3.802308e+11     7.604699e-01
 563.600     3.806676e+11     7.600308e-01
 564.200     3.811006e+11     7.595973e-01
 564.800     3.815302e+11     7.591704e-01
 565.400     3.819564e+11     7.587509e-01
 566.000     3.823792e+11     7.583398e-01
 566.600     3.827989e+11     7.579381e-01
 567.200     3.832154e+11     7.575467e-01
 567.800     3.836290e+11     7.571666e-01
 568.400     3.840395e+11     7.567990e-01
 569.000     3.844471e+11     7.564446e-01
 569.600     3.848519e+11     7.561047e-01
 570.200     3.852538e+11     7.557803e-01
 570.800     3.856529e+11     7.554723e-01
 571.400     3.860492e+11     7.551820e-01
 572.000     3.864427e+11     7.549102e-01
 572.600     3.868334e+11     7.546581e-01
 573.200     3.872213e+11     7.544268e-01
 573.800     3.876063e+11     7.542173e-01
 574.400     3.879884e+11     7.540307e-01
 575.000     3.883677e+11     7.538680e-01
 575.600     3.887439e+11     7.537303e-01
 576.200     3.891170e+11     7.536185e-01
 576.800     3.894870e+11     7.535339e-01
 577.400     3.898538e+11     7.534772e-01
 578.000     3.902172e+11     7.534496e-01
 578.600     3.905773e+11     7.534520e-01
 579.200     3.909338e+11     7.534854e-01
 579.800     3.912866e+11     7.535506e-01
 580.400     3.916356e+11     7.536486e-01
 581.000     3.919808e+11     7.537803e-01
 581.600     3.923219e+11     7.539464e-01
 582.200     3.926588e+11     7.541478e-01
 582.800     3.929915e+11     7.543852e-01
 583.400     3.933196e+11     7.546594e-01
 584.000     3.936432e+11     7.549711e-01
 584.600     3.939619e+11     7.553209e-01
 585.200     3.942758e+11     7.557094e-01
 585.800     3.945846e+11     7.561372e-01
 586.400     3.948882e+11     7.566047e-01
 587.000     3.951865e+11     7.571125e-01
 587.600     3.954792e+11     7.576610e-01
 588.200     3.957663e+11     7.582505e-01
 588.800     3.960476e+11     7.588813e-01
 589.400     3.963231e+11     7.595538e-01
 590.000     3.965924e+11     7.602680e-01
 590.600     3.968556e+11     7.610242e-01
 591.200     3.971125e+11     7.618224e-01
 591.800     3.973629e+11     7.626627e-01
 592.400     3.976069e+11     7.635451e-01
 593.000     3.978442e+11     7.644695e-01
 593.600     3.980749e+11     7.654359e-01
 594.200     3.982987e+11     7.664439e-01
 594.800     3.985157e+11     7.674935e-01
 595.400     3.987258e+11     7.685843e-01
 596.000     3.989289e+11     7.697159e-01
 596.600     3.991249e+11     7.708881e-01
 597.200     3.993139e+11     7.721005e-01
 597.800     3.994958e+11     7.733524e-01
 598.400     3.996706e+11     7.746434e-01
 599.000     3.998382e+11     7.759730e-01
 599.600     3.999988e+11     7.773406e-01
 600.200     4.001522e+11     7.787454e-01
 600.800     4.002986e+11     7.801868e-01
 601.400     4.004379e+11     7.816642e-01
 602.000     4.005702e+11     7.831767e-01
 602.600     4.006956e+11     7.847236e-01
 603.200     4.008141e+11     7.863040e-01
 603.800     4.009257e+11     7.879171e-01
 604.400     4.010306e+11     7.895620e-01
 605.000     4.011288e+11     7.912379e-01
 605.600     4.012204e+11     7.929439e-01
 606.200     4.013056e+11     7.946789e-01
 606.800     4.013844e+11     7.964421e-01
 607.400     4.014569e+11     7.982325e-01
 608.000     4.015233e+11     8.000491e-01
 608.600     4.015837e+11     8.018910e-01
 609.200     4.016382e+11     8.037571e-01
 609.800     4.016870e+11     8.056464e-01
 610.400     4.017301e+11     8.075580e-01
 611.000     4.017678e+11     8.094909e-01
 611.600     4.018002e+11     8.114440e-01
 612.200     4.018274e+11     8.134164e-01
 612.800     4.018495e+11     8.154070e-01
 613.400     4.018668e+11     8.174149e-01
 614.000     4.018794e+11     8.194391e-01
 614.600     4.018874e+11     8.214786e-01
 615.200     4.018910e+11     8.235325e-01
 615.800     4.018903e+11     8.255998e-01
 616.400     4.018855e+11     8.276795e-01
 617.000     4.018768e+11     8.297708e-01
 617.600     4.018643e+11     8.318727e-01
 618.200     4.018481e+11     8.339844e-01
 618.800     4.018284e+11     8.361049e-01
 619.400     4.018054e+11     8.382334e-01
 620.000     4.017792e+11     8.403691e-01
 620.600     4.017499e+11     8.425112e-01
 621.200     4.017177e+11     8.446588e-01
 621.800     4.016827e+11     8.468111e-01
 622.400     4.016450e+11     8.489675e-01
 623.000     4.016048e+11     8.511271e-01
 623.600     4.015622e+11     8.532893e-01
 624.200     4.015173e+11     8.554533e-01
 624.800     4.014702e+11     8.576185e-01
 625.400     4.014211e+11     8.597842e-01
 626.000     4.013701e+11     8.619498e-01
 626.600     4.013172e+11     8.641146e-01
 627.200     4.012626e+11     8.662782e-01
 627.800     4.012064e+11     8.684399e-01
 628.400     4.011486e+11     8.705992e-01
 629.000     4.010894e+11     8.727555e-01
 629.600     4.010288e+11     8.749084e-01
 630.200     4.009669e+11     8.770573e-01
 630.800     4.009039e+11     8.792019e-01
 631.400     4.008397e+11     8.813416e-01
 632.000     4.007745e+11     8.834761e-01
 632.600     4.007082e+11     8.856050e-01
 633.200     4.006411e+11     8.877278e-01
 633.800     4.005731e+11     8.898442e-01
 634.400     4.005043e+11     8.919539e-01
 635.000     4.004348e+11     8.940565e-01
 635.600     4.003645e+11     8.961517e-01
 636.200     4.002937e+11     8.982393e-01
 636.800     4.002222e+11     9.003189e-01
 637.400     4.001501e+11     9.023904e-01
 638.000     4.000776e+11     9.044534e-01
 638.600     4.000045e+11     9.065077e-01
 639.200     3.999310e+11     9.085531e-01
 639.800     3.998571e+11     9.105895e-01
 640.400     3.997828e+11     9.126166e-01
 641.000     3.997082e+11     9.146342e-01
 641.600     3.996332e+11     9.166423e-01
 642.200     3.995579e+11     9.186406e-01
 642.800     3.994823e+11     9.206290e-01
 643.400     3.994065e+11     9.226074e-01
 644.000     3.993304e+11     9.245758e-01
 644.600     3.992541e+11     9.265339e-01
 645.200     3.991775e+11     9.284817e-01
 645.800     3.991008e+11     9.304191e-01
 646.400     3.990239e+11     9.323461e-01
 647.000     3.989469e+11     9.342626e-01
 647.600     3.988696e+11     9.361685e-01
 648.200     3.987923e+11     9.380638e-01
 648.800     3.987147e+11     9.399485e-01
 649.400     3.986371e+11     9.418224e-01
 650.000     3.985593e+11     9.436857e-01
