501
 350.000     5.644879e-12     5.644879e-12
 350.600     5.744052e-12     5.744052e-12
 351.200     5.765892e-12     5.765892e-12
 351.800     5.633064e-12     5.633064e-12
 352.400     5.629788e-12     5.629788e-12
 353.000     5.691288e-12     5.691288e-12
 353.600     5.916225e-12     5.916225e-12
 354.200     6.079851e-12     6.079851e-12
 354.800     6.120857e-12     6.120857e-12
 355.400     6.086813e-12     6.086813e-12
 356.000     6.015244e-12     6.015244e-12
 356.600     5.744096e-12     5.744096e-12
 357.200     5.492984e-12     5.492984e-12
 357.800     5.281943e-12     5.281943e-12
 358.400     5.283456e-12     5.283456e-12
 359.000     5.391248e-12     5.391248e-12
 359.600     5.681252e-12     5.681252e-12
 360.200     5.828664e-12     5.828664e-12
 360.800     5.690892e-12     5.690892e-12
 361.400     5.607492e-12     5.607492e-12
 362.000     5.551277e-12     5.551277e-12
 362.600     5.540209e-12     5.540209e-12
 363.200     5.550692e-12     5.550692e-12
 363.800     5.604273e-12     5.604273e-12
 364.400     5.689314e-12     5.689314e-12
 365.000     5.790085e-12     5.790085e-12
 365.600     6.023980e-12     6.023980e-12
 366.200     6.177035e-12     6.177035e-12
 366.800     6.168408e-12     6.168408e-12
 367.400     6.079583e-12     6.079583e-12
 368.000     5.950659e-12     5.950659e-12
 368.600     5.999995e-12     5.999995e-12
 369.200     6.056611e-12     6.056611e-12
 369.800     6.127787e-12     6.127787e-12
 370.400     6.182499e-12     6.182499e-12
 371.000     6.228978e-12     6.228978e-12
 371.600     6.201523e-12     6.201523e-12
 372.200     6.097784e-12     6.097784e-12
 372.800     5.841478e-12     5.841478e-12
 373.400     5.832682e-12     5.832682e-12
 374.000     5.947640e-12     5.947640e-12
 374.600     6.100699e-12     6.100699e-12
 375.200     6.251012e-12     6.251012e-12
 375.800     6.395834e-12     6.395834e-12
 376.400     6.426752e-12     6.426752e-12
 377.000     6.400717e-12     6.400717e-12
 377.600     6.771414e-12     6.771414e-12
 378.200     7.012961e-12     7.012961e-12
 378.800     6.996208e-12     6.996208e-12
 379.400     6.779675e-12     6.779675e-12
 380.000     6.463251e-12     6.463251e-12
 380.600     6.884845e-12     6.884845e-12
 381.200     7.119037e-12     7.119037e-12
 381.800     6.978422e-12     6.978422e-12
 382.400     6.366604e-12     6.366604e-12
 383.000     5.519184e-12     5.519184e-12
 383.600     5.537505e-12     5.537505e-12
 384.200     5.843747e-12     5.843747e-12
 384.800     6.725830e-12     6.725830e-12
 385.400     7.255645e-12     7.255645e-12
 386.000     7.609326e-12     7.609326e-12
 386.600     7.516750e-12     7.516750e-12
 387.200     7.293311e-12     7.293311e-12
 387.800     6.808144e-12     6.808144e-12
 388.400     6.449543e-12     6.449543e-12
 389.000     6.154226e-12     6.154226e-12
 389.600     6.457378e-12     6.457378e-12
 390.200     6.871381e-12     6.871381e-12
 390.800     7.507082e-12     7.507082e-12
 391.400     7.681567e-12     7.681567e-12
 392.000     7.625443e-12     7.625443e-12
 392.600     6.294801e-12     6.294801e-12
 393.200     5.374826e-12     5.374826e-12
 393.800     5.276182e-12     5.276182e-12
 394.400     6.135550e-12     6.135550e-12
 395.000     7.473924e-12     7.473924e-12
 395.600     7.040789e-12     7.040789e-12
 396.200     6.462128e-12     6.462128e-12
 396.800     5.592417e-12     5.592417e-12
 397.400     6.151690e-12     6.151690e-12
 398.000     7.425454e-12     7.425454e-12
 398.600     8.403644e-12     8.403644e-12
 399.200     9.149664e-12     9.149664e-12
 399.800     9.431345e-12     9.431345e-12
 400.400     9.580508e-12     9.580508e-12
 401.000     9.663413e-12     9.663413e-12
 401.600     9.796299e-12     9.796299e-12
 402.200     9.843064e-12     9.843064e-12
 402.800     9.717587e-12     9.717587e-12
 403.400     9.528884e-12     9.528884e-12
 404.000     9.308568e-12     9.308568e-12
 404.600     9.382147e-12     9.382147e-12
 405.200     9.399764e-12     9.399764e-12
 405.800     9.305454e-12     9.305454e-12
 406.400     9.218788e-12     9.218788e-12
 407.000     9.135945e-12     9.135945e-12
 407.600     9.074653e-12     9.074653e-12
 408.200     9.005692e-12     9.005692e-12
 408.800     8.921396e-12     8.921396e-12
 409.400     8.470322e-12     8.470322e-12
 410.000     7.835859e-12     7.835859e-12
 410.600     8.094708e-12     8.094708e-12
 411.200     8.493930e-12     8.493930e-12
 411.800     9.173900e-12     9.173900e-12
 412.400     9.433228e-12     9.433228e-12
 413.000     9.482237e-12     9.482237e-12
 413.600     9.590117e-12     9.590117e-12
 414.200     9.630354e-12     9.630354e-12
 414.800     9.535306e-12     9.535306e-12
 415.400     9.480213e-12     9.480213e-12
 416.000     9.445096e-12     9.445096e-12
 416.600     9.302242e-12     9.302242e-12
 417.200     9.156469e-12     9.156469e-12
 417.800     9.004855e-12     9.004855e-12
 418.400     9.037126e-12     9.037126e-12
 419.000     9.161339e-12     9.161339e-12
 419.600     9.183014e-12     9.183014e-12
 420.200     9.214779e-12     9.214779e-12
 420.800     9.266728e-12     9.266728e-12
 421.400     9.200908e-12     9.200908e-12
 422.000     9.076203e-12     9.076203e-12
 422.600     8.994104e-12     8.994104e-12
 423.200     8.958934e-12     8.958934e-12
 423.800     9.017620e-12     9.017620e-12
 424.400     8.990647e-12     8.990647e-12
 425.000     8.920844e-12     8.920844e-12
 425.600     8.963696e-12     8.963696e-12
 426.200     8.957743e-12     8.957743e-12
 426.800     8.854177e-12     8.854177e-12
 427.400     8.656221e-12     8.656221e-12
 428.000     8.411070e-12     8.411070e-12
 428.600     8.106301e-12     8.106301e-12
 429.200     7.816162e-12     7.816162e-12
 429.800     7.555283e-12     7.555283e-12
 430.400     7.497668e-12     7.497668e-12
 431.000     7.541686e-12     7.541686e-12
 431.600     7.829556e-12     7.829556e-12
 432.200     7.854228e-12     7.854228e-12
 432.800     7.352505e-12     7.352505e-12
 433.400     7.067447e-12     7.067447e-12
 434.000     6.890721e-12     6.890721e-12
 434.600     7.082291e-12     7.082291e-12
 435.200     7.554689e-12     7.554689e-12
 435.800     8.588744e-12     8.588744e-12
 436.400     9.201387e-12     9.201387e-12
 437.000     9.603325e-12     9.603325e-12
 437.600     8.917659e-12     8.917659e-12
 438.200     8.473327e-12     8.473327e-12
 438.800     8.511665e-12     8.511665e-12
 439.400     8.696797e-12     8.696797e-12
 440.000     8.955325e-12     8.955325e-12
 440.600     8.855901e-12     8.855901e-12
 441.200     8.852522e-12     8.852522e-12
 441.800     9.041232e-12     9.041232e-12
 442.400     9.091883e-12     9.091883e-12
 443.000     9.073505e-12     9.073505e-12
 443.600     8.965505e-12     8.965505e-12
 444.200     8.854082e-12     8.854082e-12
 444.800     8.735814e-12     8.735814e-12
 445.400     8.565957e-12     8.565957e-12
 446.000     8.370306e-12     8.370306e-12
 446.600     8.528229e-12     8.528229e-12
 447.200     8.642599e-12     8.642599e-12
 447.800     8.669864e-12     8.669864e-12
 448.400     8.671302e-12     8.671302e-12
 449.000     8.659825e-12     8.659825e-12
 449.600     8.854253e-12     8.854253e-12
 450.200     8.997380e-12     8.997380e-12
 450.800     9.037907e-12     9.037907e-12
 451.400     8.867461e-12     8.867461e-12
 452.000     8.591527e-12     8.591527e-12
 452.600     8.447897e-12     8.447897e-12
 453.200     8.371634e-12     8.371634e-12
 453.800     8.430104e-12     8.430104e-12
 454.400     8.451824e-12     8.451824e-12
 455.000     8.455168e-12     8.455168e-12
 455.600     8.529647e-12     8.529647e-12
 456.200     8.622891e-12     8.622891e-12
 456.800     8.753663e-12     8.753663e-12
 457.400     8.711559e-12     8.711559e-12
 458.000     8.583017e-12     8.583017e-12
 458.600     8.468087e-12     8.468087e-12
 459.200     8.429389e-12     8.429389e-12
 459.800     8.543156e-12     8.543156e-12
 460.400     8.599430e-12     8.599430e-12
 461.000     8.626959e-12     8.626959e-12
 461.600     8.696558e-12     8.696558e-12
 462.200     8.726296e-12     8.726296e-12
 462.800     8.676311e-12     8.676311e-12
 463.400     8.592184e-12     8.592184e-12
 464.000     8.490987e-12     8.490987e-12
 464.600     8.486206e-12     8.486206e-12
 465.200     8.451276e-12     8.451276e-12
 465.800     8.356046e-12     8.356046e-12
 466.400     8.311324e-12     8.311324e-12
 467.000     8.291856e-12     8.291856e-12
 467.600     8.394046e-12     8.394046e-12
 468.200     8.470796e-12     8.470796e-12
 468.800     8.496667e-12     8.496667e-12
 469.400     8.404407e-12     8.404407e-12
 470.000     8.253082e-12     8.253082e-12
 470.600     8.241516e-12     8.241516e-12
 471.200     8.277916e-12     8.277916e-12
 471.800     8.410245e-12     8.410245e-12
 472.400     8.441124e-12     8.441124e-12
 473.000     8.421278e-12     8.421278e-12
 473.600     8.423028e-12     8.423028e-12
 474.200     8.418690e-12     8.418690e-12
 474.800     8.402177e-12     8.402177e-12
 475.400     8.298163e-12     8.298163e-12
 476.000     8.150398e-12     8.150398e-12
 476.600     8.220936e-12     8.220936e-12
 477.200     8.300129e-12     8.300129e-12
 477.800     8.396633e-12     8.396633e-12
 478.400     8.408321e-12     8.408321e-12
 479.000     8.377601e-12     8.377601e-12
 479.600     8.373156e-12     8.373156e-12
 480.200     8.370255e-12     8.370255e-12
 480.800     8.370445e-12     8.370445e-12
 481.400     8.322800e-12     8.322800e-12
 482.000     8.251238e-12     8.251238e-12
 482.600     8.129132e-12     8.129132e-12
 483.200     8.002484e-12     8.002484e-12
 483.800     7.866751e-12     7.866751e-12
 484.400     7.552717e-12     7.552717e-12
 485.000     7.149533e-12     7.149533e-12
 485.600     6.680334e-12     6.680334e-12
 486.200     6.450612e-12     6.450612e-12
 486.800     6.699842e-12     6.699842e-12
 487.400     7.086459e-12     7.086459e-12
 488.000     7.541771e-12     7.541771e-12
 488.600     7.647104e-12     7.647104e-12
 489.200     7.743477e-12     7.743477e-12
 489.800     7.821927e-12     7.821927e-12
 490.400     7.762137e-12     7.762137e-12
 491.000     7.633227e-12     7.633227e-12
 491.600     7.526557e-12     7.526557e-12
 492.200     7.454787e-12     7.454787e-12
 492.800     7.452814e-12     7.452814e-12
 493.400     7.475970e-12     7.475970e-12
 494.000     7.511691e-12     7.511691e-12
 494.600     7.564282e-12     7.564282e-12
 495.200     7.591280e-12     7.591280e-12
 495.800     7.567093e-12     7.567093e-12
 496.400     7.581774e-12     7.581774e-12
 497.000     7.615890e-12     7.615890e-12
 497.600     7.490221e-12     7.490221e-12
 498.200     7.390274e-12     7.390274e-12
 498.800     7.341770e-12     7.341770e-12
 499.400     7.301688e-12     7.301688e-12
 500.000     7.265817e-12     7.265817e-12
 500.600     7.105505e-12     7.105505e-12
 501.200     7.005976e-12     7.005976e-12
 501.800     7.028015e-12     7.028015e-12
 502.400     7.082523e-12     7.082523e-12
 503.000     7.153264e-12     7.153264e-12
 503.600     7.113741e-12     7.113741e-12
 504.200     7.087445e-12     7.087445e-12
 504.800     7.087604e-12     7.087604e-12
 505.400     7.109564e-12     7.109564e-12
 506.000     7.142425e-12     7.142425e-12
 506.600     7.074288e-12     7.074288e-12
 507.200     7.021986e-12     7.021986e-12
 507.800     7.001355e-12     7.001355e-12
 508.400     7.024799e-12     7.024799e-12
 509.000     7.070280e-12     7.070280e-12
 509.600     7.018780e-12     7.018780e-12
 510.200     7.002375e-12     7.002375e-12
 510.800     7.056159e-12     7.056159e-12
 511.400     7.026449e-12     7.026449e-12
 512.000     6.954992e-12     6.954992e-12
 512.600     6.870505e-12     6.870505e-12
 513.200     6.816627e-12     6.816627e-12
 513.800     6.823965e-12     6.823965e-12
 514.400     6.833825e-12     6.833825e-12
 515.000     6.844946e-12     6.844946e-12
 515.600     6.716319e-12     6.716319e-12
 516.200     6.594423e-12     6.594423e-12
 516.800     6.485990e-12     6.485990e-12
 517.400     6.458333e-12     6.458333e-12
 518.000     6.471064e-12     6.471064e-12
 518.600     6.460956e-12     6.460956e-12
 519.200     6.478619e-12     6.478619e-12
 519.800     6.551827e-12     6.551827e-12
 520.400     6.623676e-12     6.623676e-12
 521.000     6.694846e-12     6.694846e-12
 521.600     6.655028e-12     6.655028e-12
 522.200     6.614612e-12     6.614612e-12
 522.800     6.573003e-12     6.573003e-12
 523.400     6.582726e-12     6.582726e-12
 524.000     6.618117e-12     6.618117e-12
 524.600     6.675938e-12     6.675938e-12
 525.200     6.643732e-12     6.643732e-12
 525.800     6.431469e-12     6.431469e-12
 526.400     6.292795e-12     6.292795e-12
 527.000     6.190915e-12     6.190915e-12
 527.600     6.385027e-12     6.385027e-12
 528.200     6.535921e-12     6.535921e-12
 528.800     6.600378e-12     6.600378e-12
 529.400     6.627956e-12     6.627956e-12
 530.000     6.637096e-12     6.637096e-12
 530.600     6.643690e-12     6.643690e-12
 531.200     6.603341e-12     6.603341e-12
 531.800     6.469106e-12     6.469106e-12
 532.400     6.382227e-12     6.382227e-12
 533.000     6.319026e-12     6.319026e-12
 533.600     6.342918e-12     6.342918e-12
 534.200     6.383045e-12     6.383045e-12
 534.800     6.455643e-12     6.455643e-12
 535.400     6.475052e-12     6.475052e-12
 536.000     6.467866e-12     6.467866e-12
 536.600     6.437601e-12     6.437601e-12
 537.200     6.422988e-12     6.422988e-12
 537.800     6.439676e-12     6.439676e-12
 538.400     6.412037e-12     6.412037e-12
 539.000     6.362235e-12     6.362235e-12
 539.600     6.278893e-12     6.278893e-12
 540.200     6.226383e-12     6.226383e-12
 540.800     6.235536e-12     6.235536e-12
 541.400     6.328667e-12     6.328667e-12
 542.000     6.463787e-12     6.463787e-12
 542.600     6.437819e-12     6.437819e-12
 543.200     6.438419e-12     6.438419e-12
 543.800     6.492154e-12     6.492154e-12
 544.400     6.490248e-12     6.490248e-12
 545.000     6.460522e-12     6.460522e-12
 545.600     6.442270e-12     6.442270e-12
 546.200     6.422809e-12     6.422809e-12
 546.800     6.400928e-12     6.400928e-12
 547.400     6.334582e-12     6.334582e-12
 548.000     6.246003e-12     6.246003e-12
 548.600     6.265406e-12     6.265406e-12
 549.200     6.271233e-12     6.271233e-12
 549.800     6.249912e-12     6.249912e-12
 550.400     6.245793e-12     6.245793e-12
 551.000     6.250276e-12     6.250276e-12
 551.600     6.294733e-12     6.294733e-12
 552.200     6.316055e-12     6.316055e-12
 552.800     6.291107e-12     6.291107e-12
 553.400     6.275923e-12     6.275923e-12
 554.000     6.265622e-12     6.265622e-12
 554.600     6.287693e-12     6.287693e-12
 555.200     6.288207e-12     6.288207e-12
 555.800     6.245608e-12     6.245608e-12
 556.400     6.200875e-12     6.200875e-12
 557.000     6.155074e-12     6.155074e-12
 557.600     6.123822e-12     6.123822e-12
 558.200     6.089118e-12     6.089118e-12
 558.800     6.047513e-12     6.047513e-12
 559.400     6.013148e-12     6.013148e-12
 560.000     5.982404e-12     5.982404e-12
 560.600     6.021824e-12     6.021824e-12
 561.200     6.043701e-12     6.043701e-12
 561.800     6.030495e-12     6.030495e-12
 562.400     6.031189e-12     6.031189e-12
 563.000     6.038834e-12     6.038834e-12
 563.600     6.015346e-12     6.015346e-12
 564.200     5.997628e-12     5.997628e-12
 564.800     5.991452e-12     5.991452e-12
 565.400     5.944276e-12     5.944276e-12
 566.000     5.876600e-12     5.876600e-12
 566.600     5.880915e-12     5.880915e-12
 567.200     5.878435e-12     5.878435e-12
 567.800     5.862362e-12     5.862362e-12
 568.400     5.868807e-12     5.868807e-12
 569.000     5.886510e-12     5.886510e-12
 569.600     5.803356e-12     5.803356e-12
 570.200     5.753839e-12     5.753839e-12
 570.800     5.771597e-12     5.771597e-12
 571.400     5.751545e-12     5.751545e-12
 572.000     5.712589e-12     5.712589e-12
 572.600     5.859250e-12     5.859250e-12
 573.200     5.901123e-12     5.901123e-12
 573.800     5.733417e-12     5.733417e-12
 574.400     5.654250e-12     5.654250e-12
 575.000     5.619354e-12     5.619354e-12
 575.600     5.584458e-12     5.584458e-12
 576.200     5.559443e-12     5.559443e-12
 576.800     5.554192e-12     5.554192e-12
 577.400     5.548941e-12     5.548941e-12
 578.000     5.543690e-12     5.543690e-12
 578.600     5.540040e-12     5.540040e-12
 579.200     5.536389e-12     5.536389e-12
 579.800     5.532739e-12     5.532739e-12
 580.400     5.532262e-12     5.532262e-12
 581.000     5.533371e-12     5.533371e-12
 581.600     5.534479e-12     5.534479e-12
 582.200     5.520324e-12     5.520324e-12
 582.800     5.475640e-12     5.475640e-12
 583.400     5.430956e-12     5.430956e-12
 584.000     5.386272e-12     5.386272e-12
 584.600     5.378191e-12     5.378191e-12
 585.200     5.370110e-12     5.370110e-12
 585.800     5.362029e-12     5.362029e-12
 586.400     5.336453e-12     5.336453e-12
 587.000     5.302130e-12     5.302130e-12
 587.600     5.267807e-12     5.267807e-12
 588.200     5.246438e-12     5.246438e-12
 588.800     5.250977e-12     5.250977e-12
 589.400     5.255517e-12     5.255517e-12
 590.000     5.260056e-12     5.260056e-12
 590.600     5.282681e-12     5.282681e-12
 591.200     5.305307e-12     5.305307e-12
 591.800     5.327932e-12     5.327932e-12
 592.400     5.339177e-12     5.339177e-12
 593.000     5.344733e-12     5.344733e-12
 593.600     5.350289e-12     5.350289e-12
 594.200     5.347323e-12     5.347323e-12
 594.800     5.327315e-12     5.327315e-12
 595.400     5.307308e-12     5.307308e-12
 596.000     5.287300e-12     5.287300e-12
 596.600     5.292730e-12     5.292730e-12
 597.200     5.298160e-12     5.298160e-12
 597.800     5.303591e-12     5.303591e-12
 598.400     5.290313e-12     5.290313e-12
 599.000     5.267680e-12     5.267680e-12
 599.600     5.245048e-12     5.245048e-12
 600.200     5.218642e-12     5.218642e-12
 600.800     5.184689e-12     5.184689e-12
 601.400     5.150736e-12     5.150736e-12
 602.000     5.116782e-12     5.116782e-12
 602.600     5.154004e-12     5.154004e-12
 603.200     5.191226e-12     5.191226e-12
 603.800     5.228448e-12     5.228448e-12
 604.400     5.232779e-12     5.232779e-12
 605.000     5.220666e-12     5.220666e-12
 605.600     5.208552e-12     5.208552e-12
 606.200     5.200263e-12     5.200263e-12
 606.800     5.199622e-12     5.199622e-12
 607.400     5.198981e-12     5.198981e-12
 608.000     5.198341e-12     5.198341e-12
 608.600     5.192018e-12     5.192018e-12
 609.200     5.185696e-12     5.185696e-12
 609.800     5.179374e-12     5.179374e-12
 610.400     5.153557e-12     5.153557e-12
 611.000     5.117993e-12     5.117993e-12
 611.600     5.082428e-12     5.082428e-12
 612.200     5.047962e-12     5.047962e-12
 612.800     5.015694e-12     5.015694e-12
 613.400     4.983426e-12     4.983426e-12
 614.000     4.951157e-12     4.951157e-12
 614.600     4.927576e-12     4.927576e-12
 615.200     4.903994e-12     4.903994e-12
 615.800     4.880413e-12     4.880413e-12
 616.400     4.867918e-12     4.867918e-12
 617.000     4.860968e-12     4.860968e-12
 617.600     4.854017e-12     4.854017e-12
 618.200     4.851573e-12     4.851573e-12
 618.800     4.858140e-12     4.858140e-12
 619.400     4.864707e-12     4.864707e-12
 620.000     4.871274e-12     4.871274e-12
 620.600     4.860303e-12     4.860303e-12
 621.200     4.849332e-12     4.849332e-12
 621.800     4.838361e-12     4.838361e-12
 622.400     4.816869e-12     4.816869e-12
 623.000     4.790117e-12     4.790117e-12
 623.600     4.763365e-12     4.763365e-12
 624.200     4.745496e-12     4.745496e-12
 624.800     4.745394e-12     4.745394e-12
 625.400     4.745292e-12     4.745292e-12
 626.000     4.745191e-12     4.745191e-12
 626.600     4.756735e-12     4.756735e-12
 627.200     4.768280e-12     4.768280e-12
 627.800     4.779825e-12     4.779825e-12
 628.400     4.773979e-12     4.773979e-12
 629.000     4.759437e-12     4.759437e-12
 629.600     4.744895e-12     4.744895e-12
 630.200     4.729984e-12     4.729984e-12
 630.800     4.714335e-12     4.714335e-12
 631.400     4.698685e-12     4.698685e-12
 632.000     4.683036e-12     4.683036e-12
 632.600     4.663771e-12     4.663771e-12
 633.200     4.644506e-12     4.644506e-12
 633.800     4.625240e-12     4.625240e-12
 634.400     4.616225e-12     4.616225e-12
 635.000     4.612335e-12     4.612335e-12
 635.600     4.608445e-12     4.608445e-12
 636.200     4.600808e-12     4.600808e-12
 636.800     4.585677e-12     4.585677e-12
 637.400     4.570545e-12     4.570545e-12
 638.000     4.555413e-12     4.555413e-12
 638.600     4.544180e-12     4.544180e-12
 639.200     4.532947e-12     4.532947e-12
 639.800     4.521714e-12     4.521714e-12
 640.400     4.499911e-12     4.499911e-12
 641.000     4.472823e-12     4.472823e-12
 641.600     4.445735e-12     4.445735e-12
 642.200     4.427306e-12     4.427306e-12
 642.800     4.426195e-12     4.426195e-12
 643.400     4.425083e-12     4.425083e-12
 644.000     4.423972e-12     4.423972e-12
 644.600     4.411943e-12     4.411943e-12
 645.200     4.399915e-12     4.399915e-12
 645.800     4.387886e-12     4.387886e-12
 646.400     4.370350e-12     4.370350e-12
 647.000     4.350059e-12     4.350059e-12
 647.600     4.329768e-12     4.329768e-12
 648.200     4.311551e-12     4.311551e-12
 648.800     4.297480e-12     4.297480e-12
 649.400     4.283409e-12     4.283409e-12
 650.000     4.269338e-12     4.269338e-12
