Number of lines in output : 555
--------------------------------------------------------------------------------------------------------
    Wl_vac      Wl_air    E_Photon   log_gf   A-Value   Elem. E_lower_lev.   J   E_upper_lev.   J   Ref.
     / nm        / nm        / eV              / 1/s   (Code)     / eV     lower     / eV     upper     
--------------------------------------------------------------------------------------------------------
   207.2075    207.1414    5.984347  -4.144 2.788e+04  13.00     0.000000   0.5     5.983979   1.5 NBS  
   207.2095    207.1434    5.984290  -4.128 2.892e+04  13.00     0.000000   0.5     5.983923   1.5 NBS  
   207.2115    207.1454    5.984232  -4.111 3.008e+04  13.00     0.000000   0.5     5.983865   1.5 NBS  
   207.2136    207.1475    5.984171  -4.094 3.128e+04  13.00     0.000000   0.5     5.983804   1.5 NBS  
   207.2158    207.1497    5.984108  -4.077 3.253e+04  13.00     0.000000   0.5     5.983741   1.5 NBS  
   207.2181    207.1520    5.984041  -4.060 3.382e+04  13.00     0.000000   0.5     5.983675   1.5 NBS  
   207.2204    207.1543    5.983975  -4.043 3.517e+04  13.00     0.000000   0.5     5.983606   1.5 NBS  
   207.2229    207.1568    5.983902  -4.025 3.666e+04  13.00     0.000000   0.5     5.983535   1.5 NBS  
   207.2255    207.1594    5.983827  -4.007 3.821e+04  13.00     0.000000   0.5     5.983461   1.5 NBS  
   207.2282    207.1621    5.983749  -3.989 3.983e+04  13.00     0.000000   0.5     5.983383   1.5 NBS  
   207.2310    207.1649    5.983669  -3.970 4.161e+04  13.00     0.000000   0.5     5.983302   1.5 NBS  
   207.2339    207.1678    5.983585  -3.951 4.347e+04  13.00     0.000000   0.5     5.983217   1.5 NBS  
   207.2370    207.1709    5.983495  -3.932 4.541e+04  13.00     0.000000   0.5     5.983129   1.5 NBS  
   207.2402    207.1741    5.983403  -3.913 4.744e+04  13.00     0.000000   0.5     5.983036   1.5 NBS  
   207.2435    207.1774    5.983308  -3.894 4.956e+04  13.00     0.000000   0.5     5.982940   1.5 NBS  
   207.2470    207.1809    5.983206  -3.874 5.189e+04  13.00     0.000000   0.5     5.982838   1.5 NBS  
   207.2507    207.1846    5.983100  -3.853 5.446e+04  13.00     0.000000   0.5     5.982732   1.5 NBS  
   207.2546    207.1885    5.982987  -3.833 5.702e+04  13.00     0.000000   0.5     5.982621   1.5 NBS  
   207.2586    207.1925    5.982872  -3.812 5.985e+04  13.00     0.000000   0.5     5.982504   1.5 NBS  
   207.2629    207.1968    5.982747  -3.791 6.281e+04  13.00     0.000000   0.5     5.982381   1.5 NBS  
   207.2674    207.2013    5.982617  -3.769 6.607e+04  13.00     0.000000   0.5     5.982252   1.5 NBS  
   207.2721    207.2060    5.982482  -3.747 6.950e+04  13.00     0.000000   0.5     5.982116   1.5 NBS  
   207.2770    207.2109    5.982340  -3.725 7.311e+04  13.00     0.000000   0.5     5.981973   1.5 NBS  
   207.2822    207.2161    5.982190  -3.703 7.690e+04  13.00     0.000000   0.5     5.981822   1.5 NBS  
   207.2878    207.2217    5.982029  -3.679 8.127e+04  13.00     0.000000   0.5     5.981663   1.5 NBS  
   207.2936    207.2275    5.981861  -3.656 8.568e+04  13.00     0.000000   0.5     5.981495   1.5 NBS  
   207.2997    207.2336    5.981685  -3.632 9.055e+04  13.00     0.000000   0.5     5.981317   1.5 NBS  
   207.3062    207.2401    5.981498  -3.608 9.568e+04  13.00     0.000000   0.5     5.981129   1.5 NBS  
   207.3131    207.2470    5.981298  -3.583 1.013e+05  13.00     0.000000   0.5     5.980930   1.5 NBS  
   207.3205    207.2544    5.981085  -3.558 1.073e+05  13.00     0.000000   0.5     5.980719   1.5 NBS  
   207.3282    207.2621    5.980863  -3.532 1.140e+05  13.00     0.000000   0.5     5.980495   1.5 NBS  
   207.3346    207.2685    5.980678  -4.983 8.068e+03  13.00     0.000000   0.5     5.980312   0.5 NBS  
   207.3365    207.2704    5.980623  -3.506 1.210e+05  13.00     0.000000   0.5     5.980257   1.5 NBS  
   207.3432    207.2771    5.980430  -4.956 8.585e+03  13.00     0.000000   0.5     5.980062   0.5 NBS  
   207.3453    207.2792    5.980369  -3.479 1.287e+05  13.00     0.000000   0.5     5.980003   1.5 NBS  
   207.3525    207.2864    5.980162  -4.930 9.113e+03  13.00     0.000000   0.5     5.979796   0.5 NBS  
   207.3547    207.2886    5.980098  -3.451 1.373e+05  13.00     0.000000   0.5     5.979733   1.5 NBS  
   207.3623    207.2962    5.979879  -4.902 9.719e+03  13.00     0.000000   0.5     5.979511   0.5 NBS  
   207.3647    207.2986    5.979810  -3.423 1.464e+05  13.00     0.000000   0.5     5.979444   1.5 NBS  
   207.3729    207.3068    5.979573  -4.874 1.037e+04  13.00     0.000000   0.5     5.979207   0.5 NBS  
   207.3754    207.3093    5.979501  -3.395 1.562e+05  13.00     0.000000   0.5     5.979135   1.5 NBS  
   207.3842    207.3180    5.979250  -4.846 1.105e+04  13.00     0.000000   0.5     5.978882   0.5 NBS  
   207.3869    207.3207    5.979172  -3.365 1.673e+05  13.00     0.000000   0.5     5.978805   1.5 NBS  
   207.3963    207.3301    5.978901  -4.816 1.184e+04  13.00     0.000000   0.5     5.978534   0.5 NBS  
   207.3992    207.3330    5.978818  -3.335 1.792e+05  13.00     0.000000   0.5     5.978451   1.5 NBS  
   207.4093    207.3431    5.978527  -4.786 1.269e+04  13.00     0.000000   0.5     5.978159   0.5 NBS  
   207.4124    207.3462    5.978437  -3.305 1.920e+05  13.00     0.000000   0.5     5.978070   1.5 NBS  
   207.4233    207.3571    5.978123  -4.756 1.360e+04  13.00     0.000000   0.5     5.977757   0.5 NBS  
   207.4266    207.3604    5.978028  -3.273 2.067e+05  13.00     0.000000   0.5     5.977661   1.5 NBS  
   207.4383    207.3721    5.977691  -4.724 1.463e+04  13.00     0.000000   0.5     5.977323   0.5 NBS  
   207.4419    207.3757    5.977587  -3.241 2.225e+05  13.00     0.000000   0.5     5.977220   1.5 NBS  
   207.4546    207.3884    5.977221  -4.692 1.575e+04  13.00     0.000000   0.5     5.976855   0.5 NBS  
   207.4584    207.3922    5.977111  -3.208 2.400e+05  13.00     0.000000   0.5     5.976744   1.5 NBS  
   207.4721    207.4059    5.976717  -4.659 1.699e+04  13.00     0.000000   0.5     5.976349   0.5 NBS  
   207.4763    207.4101    5.976596  -3.174 2.595e+05  13.00     0.000000   0.5     5.976228   1.5 NBS  
   207.4912    207.4250    5.976166  -4.625 1.837e+04  13.00     0.000000   0.5     5.975800   0.5 NBS  
   207.4957    207.4295    5.976037  -3.140 2.806e+05  13.00     0.000000   0.5     5.975669   1.5 NBS  
   207.5119    207.4457    5.975570  -4.591 1.986e+04  13.00     0.000000   0.5     5.975204   0.5 NBS  
   207.5168    207.4506    5.975429  -3.104 3.048e+05  13.00     0.000000   0.5     5.975062   1.5 NBS  
   207.5344    207.4682    5.974922  -4.555 2.157e+04  13.00     0.000000   0.5     5.974554   0.5 NBS  
   207.5398    207.4736    5.974767  -3.067 3.318e+05  13.00     0.000000   0.5     5.974400   1.5 NBS  
   207.5591    207.4929    5.974211  -4.518 2.349e+04  13.00     0.000000   0.5     5.973846   0.5 NBS  
   207.5649    207.4987    5.974044  -3.029 3.620e+05  13.00     0.000000   0.5     5.973677   1.5 NBS  
   207.5860    207.5198    5.973437  -4.480 2.563e+04  13.00     0.000000   0.5     5.973070   0.5 NBS  
   207.5924    207.5262    5.973252  -2.990 3.960e+05  13.00     0.000000   0.5     5.972885   1.5 NBS  
   207.6156    207.5494    5.972585  -4.441 2.803e+04  13.00     0.000000   0.5     5.972219   0.5 NBS  
   207.6227    207.5565    5.972380  -2.950 4.340e+05  13.00     0.000000   0.5     5.972015   1.5 NBS  
   207.6482    207.5820    5.971647  -4.401 3.072e+04  13.00     0.000000   0.5     5.971282   0.5 NBS  
   207.6560    207.5898    5.971423  -2.909 4.768e+05  13.00     0.000000   0.5     5.971058   1.5 NBS  
   207.6841    207.6179    5.970614  -4.360 3.375e+04  13.00     0.000000   0.5     5.970247   0.5 NBS  
   207.6898    207.6236    5.970451  -4.837 5.626e+03  13.00     0.013895   1.5     5.983979   1.5 NBS  
   207.6898    207.6236    5.970451  -3.890 3.320e+04  13.00     0.013895   1.5     5.983979   2.5 NBS  
   207.6917    207.6255    5.970396  -4.821 5.838e+03  13.00     0.013895   1.5     5.983923   1.5 NBS  
   207.6917    207.6255    5.970396  -3.873 3.453e+04  13.00     0.013895   1.5     5.983923   2.5 NBS  
   207.6928    207.6266    5.970364  -2.866 5.263e+05  13.00     0.000000   0.5     5.969999   1.5 NBS  
   207.6938    207.6276    5.970336  -3.857 3.582e+04  13.00     0.013895   1.5     5.983865   2.5 NBS  
   207.6938    207.6276    5.970336  -4.804 6.070e+03  13.00     0.013895   1.5     5.983865   1.5 NBS  
   207.6959    207.6297    5.970275  -4.787 6.313e+03  13.00     0.013895   1.5     5.983804   1.5 NBS  
   207.6959    207.6297    5.970275  -3.840 3.725e+04  13.00     0.013895   1.5     5.983804   2.5 NBS  
   207.6981    207.6319    5.970212  -3.823 3.874e+04  13.00     0.013895   1.5     5.983741   2.5 NBS  
   207.6981    207.6319    5.970212  -4.770 6.564e+03  13.00     0.013895   1.5     5.983741   1.5 NBS  
   207.7004    207.6342    5.970146  -3.806 4.028e+04  13.00     0.013895   1.5     5.983675   2.5 NBS  
   207.7004    207.6342    5.970146  -4.753 6.826e+03  13.00     0.013895   1.5     5.983675   1.5 NBS  
   207.7028    207.6366    5.970077  -4.735 7.115e+03  13.00     0.013895   1.5     5.983606   1.5 NBS  
   207.7028    207.6366    5.970077  -3.788 4.198e+04  13.00     0.013895   1.5     5.983606   2.5 NBS  
   207.7052    207.6390    5.970008  -3.770 4.376e+04  13.00     0.013895   1.5     5.983535   2.5 NBS  
   207.7052    207.6390    5.970008  -4.718 7.399e+03  13.00     0.013895   1.5     5.983535   1.5 NBS  
   207.7078    207.6416    5.969933  -3.752 4.561e+04  13.00     0.013895   1.5     5.983461   2.5 NBS  
   207.7078    207.6416    5.969933  -4.700 7.712e+03  13.00     0.013895   1.5     5.983461   1.5 NBS  
   207.7105    207.6443    5.969855  -3.734 4.754e+04  13.00     0.013895   1.5     5.983383   2.5 NBS  
   207.7105    207.6443    5.969855  -4.681 8.057e+03  13.00     0.013895   1.5     5.983383   1.5 NBS  
   207.7133    207.6471    5.969775  -3.716 4.955e+04  13.00     0.013895   1.5     5.983302   2.5 NBS  
   207.7134    207.6472    5.969772  -4.663 8.397e+03  13.00     0.013895   1.5     5.983302   1.5 NBS  
   207.7163    207.6501    5.969689  -3.697 5.176e+04  13.00     0.013895   1.5     5.983217   2.5 NBS  
   207.7163    207.6501    5.969689  -4.644 8.773e+03  13.00     0.013895   1.5     5.983217   1.5 NBS  
   207.7194    207.6532    5.969600  -4.625 9.165e+03  13.00     0.013895   1.5     5.983129   1.5 NBS  
   207.7194    207.6532    5.969600  -3.678 5.408e+04  13.00     0.013895   1.5     5.983129   2.5 NBS  
   207.7226    207.6564    5.969508  -3.659 5.649e+04  13.00     0.013895   1.5     5.983037   2.5 NBS  
   207.7226    207.6564    5.969508  -4.606 9.574e+03  13.00     0.013895   1.5     5.983036   1.5 NBS  
   207.7240    207.6578    5.969467  -4.317 3.725e+04  13.00     0.000000   0.5     5.969100   0.5 NBS  
   207.7260    207.6598    5.969410  -4.586 1.002e+04  13.00     0.013895   1.5     5.982940   1.5 NBS  
   207.7260    207.6598    5.969410  -3.639 5.916e+04  13.00     0.013895   1.5     5.982940   2.5 NBS  
   207.7295    207.6633    5.969309  -3.619 6.194e+04  13.00     0.013895   1.5     5.982838   2.5 NBS  
   207.7295    207.6633    5.969309  -4.566 1.050e+04  13.00     0.013895   1.5     5.982838   1.5 NBS  
   207.7332    207.6670    5.969203  -4.546 1.099e+04  13.00     0.013895   1.5     5.982732   1.5 NBS  
   207.7332    207.6670    5.969203  -3.599 6.486e+04  13.00     0.013895   1.5     5.982732   2.5 NBS  
   207.7336    207.6674    5.969191  -2.822 5.822e+05  13.00     0.000000   0.5     5.968825   1.5 NBS  
   207.7370    207.6708    5.969094  -3.578 6.807e+04  13.00     0.013895   1.5     5.982621   2.5 NBS  
   207.7371    207.6709    5.969091  -4.526 1.151e+04  13.00     0.013895   1.5     5.982621   1.5 NBS  
   207.7402    207.6740    5.969002  -4.983 8.036e+03  13.00     0.013895   1.5     5.982531   0.5 NBS  
   207.7411    207.6749    5.968976  -3.558 7.127e+04  13.00     0.013895   1.5     5.982504   2.5 NBS  
   207.7411    207.6749    5.968976  -4.505 1.208e+04  13.00     0.013895   1.5     5.982504   1.5 NBS  
   207.7444    207.6782    5.968881  -4.962 8.434e+03  13.00     0.013895   1.5     5.982410   0.5 NBS  
   207.7454    207.6792    5.968852  -3.536 7.497e+04  13.00     0.013895   1.5     5.982381   2.5 NBS  
   207.7454    207.6792    5.968852  -4.484 1.268e+04  13.00     0.013895   1.5     5.982381   1.5 NBS  
   207.7488    207.6826    5.968755  -4.941 8.852e+03  13.00     0.013895   1.5     5.982282   0.5 NBS  
   207.7499    207.6837    5.968723  -4.462 1.333e+04  13.00     0.013895   1.5     5.982252   1.5 NBS  
   207.7499    207.6837    5.968723  -3.515 7.869e+04  13.00     0.013895   1.5     5.982252   2.5 NBS  
   207.7535    207.6873    5.968620  -4.919 9.311e+03  13.00     0.013895   1.5     5.982148   0.5 NBS  
   207.7546    207.6884    5.968588  -3.493 8.277e+04  13.00     0.013895   1.5     5.982116   2.5 NBS  
   207.7546    207.6884    5.968588  -4.440 1.403e+04  13.00     0.013895   1.5     5.982116   1.5 NBS  
   207.7584    207.6922    5.968479  -4.897 9.794e+03  13.00     0.013895   1.5     5.982006   0.5 NBS  
   207.7596    207.6934    5.968444  -3.471 8.707e+04  13.00     0.013895   1.5     5.981973   2.5 NBS  
   207.7596    207.6934    5.968444  -4.418 1.476e+04  13.00     0.013895   1.5     5.981973   1.5 NBS  
   207.7636    207.6974    5.968329  -4.875 1.030e+04  13.00     0.013895   1.5     5.981857   0.5 NBS  
   207.7648    207.6986    5.968295  -4.395 1.556e+04  13.00     0.013895   1.5     5.981822   1.5 NBS  
   207.7648    207.6986    5.968295  -3.448 9.180e+04  13.00     0.013895   1.5     5.981822   2.5 NBS  
   207.7684    207.7022    5.968191  -4.273 4.120e+04  13.00     0.000000   0.5     5.967825   0.5 NBS  
   207.7691    207.7029    5.968171  -4.852 1.086e+04  13.00     0.013895   1.5     5.981700   0.5 NBS  
   207.7704    207.7042    5.968134  -4.372 1.640e+04  13.00     0.013895   1.5     5.981663   1.5 NBS  
   207.7704    207.7042    5.968134  -3.425 9.678e+04  13.00     0.013895   1.5     5.981663   2.5 NBS  
   207.7749    207.7087    5.968005  -4.829 1.145e+04  13.00     0.013895   1.5     5.981534   0.5 NBS  
   207.7762    207.7100    5.967967  -3.401 1.023e+05  13.00     0.013895   1.5     5.981495   2.5 NBS  
   207.7762    207.7100    5.967967  -4.349 1.729e+04  13.00     0.013895   1.5     5.981495   1.5 NBS  
   207.7791    207.7129    5.967884  -2.776 6.469e+05  13.00     0.000000   0.5     5.967519   1.5 NBS  
   207.7810    207.7148    5.967830  -4.806 1.207e+04  13.00     0.013895   1.5     5.981359   0.5 NBS  
   207.7824    207.7162    5.967789  -3.378 1.078e+05  13.00     0.013895   1.5     5.981318   2.5 NBS  
   207.7824    207.7162    5.967789  -4.325 1.827e+04  13.00     0.013895   1.5     5.981317   1.5 NBS  
   207.7874    207.7212    5.967646  -4.782 1.276e+04  13.00     0.013895   1.5     5.981173   0.5 NBS  
   207.7889    207.7227    5.967603  -3.353 1.142e+05  13.00     0.013895   1.5     5.981130   2.5 NBS  
   207.7890    207.7228    5.967600  -4.300 1.936e+04  13.00     0.013895   1.5     5.981129   1.5 NBS  
   207.7943    207.7281    5.967447  -4.758 1.348e+04  13.00     0.013895   1.5     5.980977   0.5 NBS  
   207.7959    207.7297    5.967402  -3.328 1.210e+05  13.00     0.013895   1.5     5.980931   2.5 NBS  
   207.7959    207.7297    5.967402  -4.276 2.045e+04  13.00     0.013895   1.5     5.980930   1.5 NBS  
   207.8015    207.7353    5.967241  -4.733 1.428e+04  13.00     0.013895   1.5     5.980769   0.5 NBS  
   207.8032    207.7370    5.967192  -4.250 2.172e+04  13.00     0.013895   1.5     5.980719   1.5 NBS  
   207.8032    207.7370    5.967192  -3.303 1.281e+05  13.00     0.013895   1.5     5.980720   2.5 NBS  
   207.8092    207.7430    5.967020  -4.708 1.513e+04  13.00     0.013895   1.5     5.980547   0.5 NBS  
   207.8110    207.7448    5.966968  -4.225 2.300e+04  13.00     0.013895   1.5     5.980495   1.5 NBS  
   207.8110    207.7448    5.966968  -3.277 1.360e+05  13.00     0.013895   1.5     5.980495   2.5 NBS  
   207.8174    207.7512    5.966784  -4.682 1.606e+04  13.00     0.013895   1.5     5.980312   0.5 NBS  
   207.8180    207.7518    5.966767  -4.227 4.579e+04  13.00     0.000000   0.5     5.966401   0.5 NBS  
   207.8193    207.7531    5.966729  -3.251 1.444e+05  13.00     0.013895   1.5     5.980257   2.5 NBS  
   207.8193    207.7531    5.966729  -4.198 2.447e+04  13.00     0.013895   1.5     5.980257   1.5 NBS  
   207.8261    207.7599    5.966534  -4.655 1.709e+04  13.00     0.013895   1.5     5.980062   0.5 NBS  
   207.8282    207.7620    5.966474  -4.171 2.604e+04  13.00     0.013895   1.5     5.980003   1.5 NBS  
   207.8282    207.7620    5.966474  -3.224 1.537e+05  13.00     0.013895   1.5     5.980003   2.5 NBS  
   207.8299    207.7637    5.966425  -2.729 7.205e+05  13.00     0.000000   0.5     5.966059   1.5 NBS  
   207.8354    207.7692    5.966267  -4.629 1.814e+04  13.00     0.013895   1.5     5.979796   0.5 NBS  
   207.8376    207.7714    5.966204  -3.197 1.635e+05  13.00     0.013895   1.5     5.979733   2.5 NBS  
   207.8376    207.7714    5.966204  -4.144 2.771e+04  13.00     0.013895   1.5     5.979733   1.5 NBS  
   207.8453    207.7791    5.965983  -4.601 1.935e+04  13.00     0.013895   1.5     5.979511   0.5 NBS  
   207.8476    207.7814    5.965917  -3.169 1.744e+05  13.00     0.013895   1.5     5.979444   2.5 NBS  
   207.8477    207.7815    5.965914  -4.116 2.955e+04  13.00     0.013895   1.5     5.979444   1.5 NBS  
   207.8559    207.7897    5.965679  -4.573 2.063e+04  13.00     0.013895   1.5     5.979207   0.5 NBS  
   207.8584    207.7922    5.965607  -4.087 3.159e+04  13.00     0.013895   1.5     5.979135   1.5 NBS  
   207.8584    207.7922    5.965607  -3.140 1.864e+05  13.00     0.013895   1.5     5.979136   2.5 NBS  
   207.8672    207.8010    5.965354  -4.545 2.201e+04  13.00     0.013895   1.5     5.978882   0.5 NBS  
   207.8699    207.8037    5.965277  -4.058 3.377e+04  13.00     0.013895   1.5     5.978805   1.5 NBS  
   207.8699    207.8037    5.965277  -3.111 1.992e+05  13.00     0.013895   1.5     5.978806   2.5 NBS  
   207.8736    207.8074    5.965171  -4.180 5.099e+04  13.00     0.000000   0.5     5.964804   0.5 NBS  
   207.8794    207.8132    5.965004  -4.515 2.358e+04  13.00     0.013895   1.5     5.978534   0.5 NBS  
   207.8822    207.8160    5.964924  -3.081 2.135e+05  13.00     0.013895   1.5     5.978451   2.5 NBS  
   207.8823    207.8161    5.964921  -4.028 3.618e+04  13.00     0.013895   1.5     5.978451   1.5 NBS  
   207.8870    207.8208    5.964786  -2.680 8.061e+05  13.00     0.000000   0.5     5.964421   1.5 NBS  
   207.8924    207.8262    5.964631  -4.485 2.526e+04  13.00     0.013895   1.5     5.978159   0.5 NBS  
   207.8955    207.8293    5.964542  -3.997 3.885e+04  13.00     0.013895   1.5     5.978070   1.5 NBS  
   207.8955    207.8293    5.964542  -3.050 2.292e+05  13.00     0.013895   1.5     5.978071   2.5 NBS  
   207.9065    207.8402    5.964229  -4.455 2.706e+04  13.00     0.013895   1.5     5.977757   0.5 NBS  
   207.9099    207.8436    5.964132  -3.966 4.172e+04  13.00     0.013895   1.5     5.977661   1.5 NBS  
   207.9099    207.8436    5.964132  -3.019 2.462e+05  13.00     0.013895   1.5     5.977662   2.5 NBS  
   207.9217    207.8554    5.963793  -4.423 2.913e+04  13.00     0.013895   1.5     5.977323   0.5 NBS  
   207.9252    207.8589    5.963693  -2.987 2.649e+05  13.00     0.013895   1.5     5.977221   2.5 NBS  
   207.9253    207.8590    5.963690  -3.934 4.490e+04  13.00     0.013895   1.5     5.977220   1.5 NBS  
   207.9364    207.8701    5.963372  -4.131 5.705e+04  13.00     0.000000   0.5     5.963006   0.5 NBS  
   207.9380    207.8717    5.963326  -4.391 3.135e+04  13.00     0.013895   1.5     5.976855   0.5 NBS  
   207.9418    207.8755    5.963217  -2.954 2.858e+05  13.00     0.013895   1.5     5.976744   2.5 NBS  
   207.9419    207.8756    5.963214  -3.901 4.844e+04  13.00     0.013895   1.5     5.976744   1.5 NBS  
   207.9514    207.8851    5.962941  -2.629 9.060e+05  13.00     0.000000   0.5     5.962574   1.5 NBS  
   207.9556    207.8893    5.962821  -4.358 3.382e+04  13.00     0.013895   1.5     5.976349   0.5 NBS  
   207.9598    207.8935    5.962700  -3.867 5.237e+04  13.00     0.013895   1.5     5.976228   1.5 NBS  
   207.9598    207.8935    5.962700  -2.920 3.090e+05  13.00     0.013895   1.5     5.976229   2.5 NBS  
   207.9748    207.9085    5.962270  -4.324 3.657e+04  13.00     0.013895   1.5     5.975800   0.5 NBS  
   207.9793    207.9130    5.962141  -3.832 5.676e+04  13.00     0.013895   1.5     5.975669   1.5 NBS  
   207.9793    207.9130    5.962141  -2.885 3.349e+05  13.00     0.013895   1.5     5.975670   2.5 NBS  
   207.9956    207.9293    5.961674  -4.289 3.963e+04  13.00     0.013895   1.5     5.975204   0.5 NBS  
   208.0005    207.9342    5.961533  -3.797 6.151e+04  13.00     0.013895   1.5     5.975062   1.5 NBS  
   208.0005    207.9342    5.961533  -2.849 3.638e+05  13.00     0.013895   1.5     5.975062   2.5 NBS  
   208.0074    207.9411    5.961336  -4.080 6.411e+04  13.00     0.000000   0.5     5.960971   0.5 NBS  
   208.0182    207.9519    5.961026  -4.254 4.294e+04  13.00     0.013895   1.5     5.974554   0.5 NBS  
   208.0236    207.9573    5.960871  -3.760 6.696e+04  13.00     0.013895   1.5     5.974400   1.5 NBS  
   208.0236    207.9573    5.960871  -2.813 3.951e+05  13.00     0.013895   1.5     5.974401   2.5 NBS  
   208.0244    207.9581    5.960848  -2.576 1.023e+06  13.00     0.000000   0.5     5.960482   1.5 NBS  
   208.0430    207.9767    5.960315  -4.217 4.675e+04  13.00     0.013895   1.5     5.973846   0.5 NBS  
   208.0488    207.9825    5.960149  -2.775 4.312e+05  13.00     0.013895   1.5     5.973678   2.5 NBS  
   208.0489    207.9826    5.960146  -3.722 7.307e+04  13.00     0.013895   1.5     5.973677   1.5 NBS  
   208.0700    208.0037    5.959542  -4.179 5.101e+04  13.00     0.013895   1.5     5.973070   0.5 NBS  
   208.0764    208.0101    5.959358  -2.736 4.716e+05  13.00     0.013895   1.5     5.972886   2.5 NBS  
   208.0765    208.0102    5.959356  -3.683 7.991e+04  13.00     0.013895   1.5     5.972885   1.5 NBS  
   208.0882    208.0219    5.959020  -4.027 7.238e+04  13.00     0.000000   0.5     5.958655   0.5 NBS  
   208.0997    208.0334    5.958691  -4.140 5.579e+04  13.00     0.013895   1.5     5.972219   0.5 NBS  
   208.1068    208.0405    5.958488  -2.696 5.169e+05  13.00     0.013895   1.5     5.972017   2.5 NBS  
   208.1069    208.0406    5.958485  -3.643 8.760e+04  13.00     0.013895   1.5     5.972015   1.5 NBS  
   208.1076    208.0413    5.958465  -2.520 1.163e+06  13.00     0.000000   0.5     5.958098   1.5 NBS  
   208.1325    208.0662    5.957752  -4.100 6.115e+04  13.00     0.013895   1.5     5.971282   0.5 NBS  
   208.1402    208.0739    5.957531  -2.654 5.692e+05  13.00     0.013895   1.5     5.971059   2.5 NBS  
   208.1403    208.0740    5.957528  -3.602 9.624e+04  13.00     0.013895   1.5     5.971058   1.5 NBS  
   208.1686    208.1023    5.956718  -4.059 6.718e+04  13.00     0.013895   1.5     5.970247   0.5 NBS  
   208.1772    208.1109    5.956472  -2.612 6.268e+05  13.00     0.013895   1.5     5.970001   2.5 NBS  
   208.1773    208.1110    5.956469  -3.559 1.062e+05  13.00     0.013895   1.5     5.969999   1.5 NBS  
   208.1808    208.1145    5.956369  -3.971 8.226e+04  13.00     0.000000   0.5     5.956004   0.5 NBS  
   208.2030    208.1367    5.955734  -2.462 1.328e+06  13.00     0.000000   0.5     5.955367   1.5 NBS  
   208.2087    208.1424    5.955571  -4.016 7.415e+04  13.00     0.013895   1.5     5.969100   0.5 NBS  
   208.2182    208.1519    5.955299  -2.568 6.933e+05  13.00     0.013895   1.5     5.968827   2.5 NBS  
   208.2183    208.1520    5.955296  -3.515 1.175e+05  13.00     0.013895   1.5     5.968825   1.5 NBS  
   208.2533    208.1870    5.954295  -3.972 8.202e+04  13.00     0.013895   1.5     5.967825   0.5 NBS  
   208.2639    208.1976    5.953992  -2.522 7.705e+05  13.00     0.013895   1.5     5.967521   2.5 NBS  
   208.2640    208.1977    5.953989  -3.469 1.306e+05  13.00     0.013895   1.5     5.967519   1.5 NBS  
   208.2875    208.2212    5.953317  -3.913 9.392e+04  13.00     0.000000   0.5     5.952951   0.5 NBS  
   208.3031    208.2368    5.952871  -3.926 9.114e+04  13.00     0.013895   1.5     5.966401   0.5 NBS  
   208.3132    208.2469    5.952583  -2.402 1.523e+06  13.00     0.000000   0.5     5.952217   1.5 NBS  
   208.3150    208.2487    5.952531  -2.474 8.601e+05  13.00     0.013895   1.5     5.966062   2.5 NBS  
   208.3151    208.2488    5.952528  -3.422 1.454e+05  13.00     0.013895   1.5     5.966059   1.5 NBS  
   208.3590    208.2927    5.951274  -3.879 1.015e+05  13.00     0.013895   1.5     5.964804   0.5 NBS  
   208.3723    208.3060    5.950894  -2.425 9.623e+05  13.00     0.013895   1.5     5.964424   2.5 NBS  
   208.3724    208.3061    5.950891  -3.373 1.627e+05  13.00     0.013895   1.5     5.964421   1.5 NBS  
   208.4115    208.3452    5.949775  -3.853 1.077e+05  13.00     0.000000   0.5     5.949409   0.5 NBS  
   208.4220    208.3557    5.949475  -3.830 1.136e+05  13.00     0.013895   1.5     5.963006   0.5 NBS  
   208.4371    208.3707    5.949047  -2.374 1.081e+06  13.00     0.013895   1.5     5.962578   2.5 NBS  
   208.4372    208.3708    5.949044  -3.321 1.833e+05  13.00     0.013895   1.5     5.962574   1.5 NBS  
   208.4414    208.3750    5.948924  -2.338 1.762e+06  13.00     0.000000   0.5     5.948559   1.5 NBS  
   208.4934    208.4270    5.947440  -3.779 1.276e+05  13.00     0.013895   1.5     5.960971   0.5 NBS  
   208.5104    208.4440    5.946955  -2.321 1.221e+06  13.00     0.013895   1.5     5.960486   2.5 NBS  
   208.5105    208.4441    5.946952  -3.268 2.069e+05  13.00     0.013895   1.5     5.960482   1.5 NBS  
   208.5567    208.4903    5.945634  -3.789 1.246e+05  13.00     0.000000   0.5     5.945270   0.5 NBS  
   208.5746    208.5082    5.945124  -3.726 1.441e+05  13.00     0.013895   1.5     5.958655   0.5 NBS  
   208.5915    208.5251    5.944642  -2.271 2.053e+06  13.00     0.000000   0.5     5.944276   1.5 NBS  
   208.5939    208.5275    5.944574  -2.266 1.385e+06  13.00     0.013895   1.5     5.958103   2.5 NBS  
   208.5941    208.5277    5.944568  -3.213 2.347e+05  13.00     0.013895   1.5     5.958098   1.5 NBS  
   208.6676    208.6012    5.942474  -3.670 1.638e+05  13.00     0.013895   1.5     5.956004   0.5 NBS  
   208.6898    208.6234    5.941842  -2.208 1.581e+06  13.00     0.013895   1.5     5.955372   2.5 NBS  
   208.6900    208.6236    5.941836  -3.155 2.680e+05  13.00     0.013895   1.5     5.955367   1.5 NBS  
   208.7280    208.6616    5.940754  -3.722 1.452e+05  13.00     0.000000   0.5     5.940389   0.5 NBS  
   208.7691    208.7027    5.939584  -2.201 2.408e+06  13.00     0.000000   0.5     5.939219   1.5 NBS  
   208.7748    208.7084    5.939422  -3.612 1.870e+05  13.00     0.013895   1.5     5.952951   0.5 NBS  
   208.8004    208.7340    5.938694  -2.147 1.818e+06  13.00     0.013895   1.5     5.952223   2.5 NBS  
   208.8006    208.7342    5.938688  -3.094 3.080e+05  13.00     0.013895   1.5     5.952217   1.5 NBS  
   208.8994    208.8330    5.935879  -3.552 2.144e+05  13.00     0.013895   1.5     5.949409   0.5 NBS  
   208.9291    208.8627    5.935035  -2.083 2.104e+06  13.00     0.013895   1.5     5.948566   2.5 NBS  
   208.9293    208.8629    5.935029  -3.031 3.557e+05  13.00     0.013895   1.5     5.948559   1.5 NBS  
   208.9323    208.8659    5.934944  -3.652 1.702e+05  13.00     0.000000   0.5     5.934578   0.5 NBS  
   208.9814    208.9149    5.933552  -2.126 2.857e+06  13.00     0.000000   0.5     5.933189   1.5 NBS  
   209.0453    208.9788    5.931738  -3.488 2.481e+05  13.00     0.013895   1.5     5.945270   0.5 NBS  
   209.0800    209.0135    5.930753  -2.017 2.445e+06  13.00     0.013895   1.5     5.944284   2.5 NBS  
   209.0803    209.0138    5.930745  -2.964 4.144e+05  13.00     0.013895   1.5     5.944276   1.5 NBS  
   209.1788    209.1123    5.927951  -3.577 2.019e+05  13.00     0.000000   0.5     5.927587   0.5 NBS  
   209.2174    209.1509    5.926858  -3.421 2.890e+05  13.00     0.013895   1.5     5.940389   0.5 NBS  
   209.2376    209.1711    5.926285  -2.047 3.418e+06  13.00     0.000000   0.5     5.925921   1.5 NBS  
   209.2584    209.1919    5.925696  -1.946 2.875e+06  13.00     0.013895   1.5     5.939228   2.5 NBS  
   209.2587    209.1922    5.925688  -2.893 4.872e+05  13.00     0.013895   1.5     5.939219   1.5 NBS  
   209.4227    209.3562    5.921046  -3.351 3.389e+05  13.00     0.013895   1.5     5.934578   0.5 NBS  
   209.4715    209.4049    5.919669  -1.872 3.402e+06  13.00     0.013895   1.5     5.933200   2.5 NBS  
   209.4719    209.4053    5.919658  -2.819 5.765e+05  13.00     0.013895   1.5     5.933189   1.5 NBS  
   209.4798    209.4132    5.919435  -3.498 2.414e+05  13.00     0.000000   0.5     5.919072   0.5 NBS  
   209.5513    209.4847    5.917415  -1.963 4.135e+06  13.00     0.000000   0.5     5.917051   1.5 NBS  
   209.6703    209.6037    5.914056  -3.276 4.018e+05  13.00     0.013895   1.5     5.927587   0.5 NBS  
   209.7289    209.6623    5.912403  -1.793 4.071e+06  13.00     0.013895   1.5     5.925934   2.5 NBS  
   209.7294    209.6628    5.912389  -2.740 6.898e+05  13.00     0.013895   1.5     5.925921   1.5 NBS  
   209.8526    209.7860    5.908917  -3.414 2.919e+05  13.00     0.000000   0.5     5.908554   0.5 NBS  
   209.9407    209.8741    5.906437  -1.873 5.068e+06  13.00     0.000000   0.5     5.906075   1.5 NBS  
   209.9726    209.9060    5.905539  -3.197 4.806e+05  13.00     0.013895   1.5     5.919072   0.5 NBS  
   210.0440    209.9773    5.903534  -1.709 4.924e+06  13.00     0.013895   1.5     5.917067   2.5 NBS  
   210.0446    209.9779    5.903517  -2.656 8.345e+05  13.00     0.013895   1.5     5.917051   1.5 NBS  
   210.3225    210.2558    5.895716  -3.324 3.575e+05  13.00     0.000000   0.5     5.895354   0.5 NBS  
   210.3473    210.2806    5.895020  -3.113 5.811e+05  13.00     0.013895   1.5     5.908554   0.5 NBS  
   210.4325    210.3658    5.892633  -1.777 6.293e+06  13.00     0.000000   0.5     5.892272   1.5 NBS  
   210.4351    210.3684    5.892560  -1.619 6.036e+06  13.00     0.013895   1.5     5.906095   2.5 NBS  
   210.4358    210.3691    5.892541  -2.566 1.023e+06  13.00     0.013895   1.5     5.906075   1.5 NBS  
   210.8194    210.7526    5.881819  -3.023 7.117e+05  13.00     0.013895   1.5     5.895354   0.5 NBS  
   210.9264    210.8596    5.878835  -3.228 4.434e+05  13.00     0.000000   0.5     5.878474   0.5 NBS  
   210.9290    210.8622    5.878763  -1.522 7.511e+06  13.00     0.013895   1.5     5.892297   2.5 NBS  
   210.9299    210.8631    5.878738  -2.469 1.273e+06  13.00     0.013895   1.5     5.892272   1.5 NBS  
   211.0660    210.9991    5.874949  -1.672 7.966e+06  13.00     0.000000   0.5     5.874588   1.5 NBS  
   211.4262    211.3593    5.864938  -2.927 8.826e+05  13.00     0.013895   1.5     5.878474   0.5 NBS  
   211.5652    211.4982    5.861087  -1.418 9.486e+06  13.00     0.013895   1.5     5.874620   2.5 NBS  
   211.5664    211.4994    5.861053  -2.365 1.608e+06  13.00     0.013895   1.5     5.874588   1.5 NBS  
   211.7212    211.6542    5.856767  -3.123 5.605e+05  13.00     0.000000   0.5     5.856408   0.5 NBS  
   211.9011    211.8341    5.851794  -1.562 1.018e+07  13.00     0.000000   0.5     5.851434   1.5 NBS  
   212.2247    212.1576    5.842872  -2.822 1.116e+06  13.00     0.013895   1.5     5.856408   0.5 NBS  
   212.4033    212.3362    5.837958  -1.302 1.229e+07  13.00     0.013895   1.5     5.851494   2.5 NBS  
   212.4055    212.3384    5.837898  -2.262 2.022e+06  13.00     0.013895   1.5     5.851434   1.5 NBS  
   212.7974    212.7302    5.827147  -3.010 7.197e+05  13.00     0.000000   0.5     5.826788   0.5 NBS  
   213.0336    212.9663    5.820687  -1.390 1.497e+07  13.00     0.000000   0.5     5.820331   1.5 NBS  
   213.3061    213.2388    5.813250  -2.709 1.432e+06  13.00     0.013895   1.5     5.826788   0.5 NBS  
   213.5407    213.4733    5.806865  -1.130 1.807e+07  13.00     0.013895   1.5     5.820403   2.5 NBS  
   213.5434    213.4760    5.806791  -2.090 2.972e+06  13.00     0.013895   1.5     5.820331   1.5 NBS  
   214.3077    214.2402    5.786081  -2.886 9.441e+05  13.00     0.000000   0.5     5.785726   0.5 NBS  
   214.6231    214.5555    5.777579  -1.190 2.337e+07  13.00     0.000000   0.5     5.777225   1.5 NBS  
   214.8236    214.7560    5.772185  -2.585 1.879e+06  13.00     0.013895   1.5     5.785726   0.5 NBS  
   215.1376    215.0699    5.763762  -0.930 2.822e+07  13.00     0.013895   1.5     5.777303   2.5 NBS  
   215.1405    215.0728    5.763684  -1.890 4.641e+06  13.00     0.013895   1.5     5.777225   1.5 NBS  
   216.5257    216.4577    5.726812  -2.749 1.268e+06  13.00     0.000000   0.5     5.726460   0.5 NBS  
   216.9506    216.8826    5.715594  -1.070 3.015e+07  13.00     0.000000   0.5     5.715242   1.5 NBS  
   217.0524    216.9843    5.712915  -2.448 2.523e+06  13.00     0.013895   1.5     5.726460   0.5 NBS  
   217.4752    217.4070    5.701809  -0.810 3.640e+07  13.00     0.013895   1.5     5.715352   2.5 NBS  
   217.4795    217.4113    5.701696  -1.770 5.987e+06  13.00     0.013895   1.5     5.715242   1.5 NBS  
   219.9870    219.9183    5.636705  -2.598 1.739e+06  13.00     0.000000   0.5     5.636359   0.5 NBS  
   220.5307    220.4619    5.622808  -2.298 3.453e+06  13.00     0.013895   1.5     5.636359   0.5 NBS  
   220.5356    220.4668    5.622683  -0.882 4.499e+07  13.00     0.000000   0.5     5.622339   1.5 NBS  
   221.0749    221.0060    5.608967  -0.622 5.431e+07  13.00     0.013895   1.5     5.622517   2.5 NBS  
   221.0819    221.0130    5.608789  -1.582 8.932e+06  13.00     0.013895   1.5     5.622339   1.5 NBS  
   225.8707    225.8008    5.489874  -2.240 3.762e+06  13.00     0.000000   0.5     5.489538   0.5 NBS  
   226.4163    226.3463    5.476644  -0.711 6.328e+07  13.00     0.000000   0.5     5.476307   1.5 NBS  
   226.4438    226.3738    5.475979  -1.940 7.467e+06  13.00     0.013895   1.5     5.489538   0.5 NBS  
   226.9797    226.9095    5.463052  -0.451 7.638e+07  13.00     0.013895   1.5     5.476610   2.5 NBS  
   226.9923    226.9221    5.462749  -1.411 1.256e+07  13.00     0.013895   1.5     5.476307   1.5 NBS  
   231.1747    231.1036    5.363917  -1.290 3.200e+07  13.00     3.598315   0.5     8.961903   0.5 KP   
   231.3202    231.2491    5.360542  -0.580 8.197e+07  13.00     3.598315   0.5     8.958528   1.5 KP   
   231.4236    231.3525    5.358146  -0.590 1.601e+08  13.00     3.604087   1.5     8.961903   0.5 KP   
   231.5696    231.4984    5.354770  -1.080 2.586e+07  13.00     3.604087   1.5     8.958528   1.5 KP   
   231.8193    231.7481    5.349001  -0.540 5.966e+07  13.00     3.604087   1.5     8.952759   2.5 KP   
   231.9769    231.9056    5.345368  -0.550 8.733e+07  13.00     3.613488   2.5     8.958528   1.5 KP   
   232.2275    232.1562    5.339599  -0.180 1.362e+08  13.00     3.613488   2.5     8.952759   2.5 KP   
   236.7776    236.7053    5.236989  -0.623 7.086e+07  13.00     0.000000   0.5     5.236667   1.5 NBS  
   236.8334    236.7611    5.235754  -0.200 1.876e+08  13.00     3.598315   0.5     8.833747   1.5 KP   
   236.8835    236.8112    5.234647  -0.200 3.750e+08  13.00     3.598315   0.5     8.832641   0.5 KP   
   237.0029    236.9305    5.232011   0.200 3.137e+08  13.00     3.604087   1.5     8.835778   2.5 KP   
   237.0949    237.0225    5.229981  -0.090 2.411e+08  13.00     3.604087   1.5     8.833747   1.5 KP   
   237.1450    237.0726    5.228876  -0.900 7.466e+07  13.00     3.604087   1.5     8.832641   0.5 KP   
   237.2794    237.2070    5.225913  -2.100 4.705e+06  13.00     0.000000   0.5     5.225592   0.5 NBS  
   237.2838    237.2114    5.225816   0.480 4.472e+08  13.00     3.613488   2.5     8.838983   3.5 KP   
   237.3847    237.3122    5.223597  -0.363 8.552e+07  13.00     0.013895   1.5     5.237171   2.5 NBS  
   237.4076    237.3351    5.223093  -1.323 1.406e+07  13.00     0.013895   1.5     5.236667   1.5 NBS  
   237.4295    237.3570    5.222611  -0.170 1.333e+08  13.00     3.613488   2.5     8.835778   2.5 KP   
   237.5219    237.4494    5.220579  -1.120 2.242e+07  13.00     3.613488   2.5     8.833747   1.5 KP   
   237.9121    237.8395    5.212017  -1.800 9.338e+06  13.00     0.013895   1.5     5.225592   0.5 NBS  
   256.8753    256.7983    4.827253  -1.060 2.201e+07  13.00     0.000000   0.5     4.826957   1.5 NBS  
   257.5865    257.5094    4.813923  -0.800 2.655e+07  13.00     0.013895   1.5     4.827522   2.5 NBS  
   257.6168    257.5397    4.813357  -1.760 4.366e+06  13.00     0.013895   1.5     4.826957   1.5 NBS  
   265.3265    265.2475    4.673494  -1.550 1.335e+07  13.00     0.000000   0.5     4.673207   0.5 NBS  
   266.1178    266.0386    4.659598  -1.250 2.648e+07  13.00     0.013895   1.5     4.673207   0.5 NBS  
   305.0959    305.0072    4.064301  -0.570 3.214e+07  13.00     3.604087   1.5     7.668139   2.5 KP   
   305.5567    305.4679    4.058172  -0.600 4.486e+07  13.00     3.598315   0.5     7.656238   1.5 KP   
   305.8033    305.7144    4.054900  -0.200 7.501e+07  13.00     3.613488   2.5     7.668139   2.5 KP   
   305.9919    305.9030    4.052400  -1.100 1.415e+07  13.00     3.604087   1.5     7.656238   1.5 KP   
   306.0814    305.9924    4.051216  -1.290 1.826e+07  13.00     3.598315   0.5     7.649282   0.5 KP   
   306.5181    306.4290    4.045444  -0.600 8.916e+07  13.00     3.604087   1.5     7.649282   0.5 KP   
   306.7035    306.6144    4.042998  -0.570 4.771e+07  13.00     3.613488   2.5     7.656238   1.5 KP   
   308.3048    308.2153    4.021999  -0.447 6.268e+07  13.00     0.000000   0.5     4.021753   1.5 SMLI 
   309.3608    309.2710    4.008271  -0.187 7.552e+07  13.00     0.013895   1.5     4.021919   2.5 SMLI 
   309.3737    309.2839    4.008103  -1.147 1.242e+07  13.00     0.013895   1.5     4.021753   1.5 SMLI 
   394.5122    394.4006    3.143126  -0.623 5.105e+07  13.00     0.000000   0.5     3.142933   0.5 SMLI 
   396.2641    396.1520    3.129231  -0.323 1.010e+08  13.00     0.013895   1.5     3.142933   0.5 SMLI 
   459.3514    459.2227    2.699462  -3.291 4.044e+04  13.00     3.142933   0.5     5.842230   1.5 K75  
   459.3583    459.2296    2.699422  -3.592 4.044e+04  13.00     3.142933   0.5     5.842189   0.5 K75  
   465.3717    465.2414    2.664541  -3.125 5.774e+04  13.00     3.142933   0.5     5.807310   1.5 K75  
   465.3815    465.2512    2.664485  -3.426 5.774e+04  13.00     3.142933   0.5     5.807254   0.5 K75  
   474.1591    474.0265    2.615160  -2.930 8.714e+04  13.00     3.142933   0.5     5.757932   1.5 K75  
   474.1738    474.0412    2.615079  -3.231 8.714e+04  13.00     3.142933   0.5     5.757851   0.5 K75  
   487.7946    487.6584    2.542057  -2.693 1.421e+05  13.00     3.142933   0.5     5.684834   1.5 K75  
   487.8181    487.6819    2.541935  -2.994 1.421e+05  13.00     3.142933   0.5     5.684711   0.5 K75  
   510.8943    510.7520    2.427120  -2.395 2.573e+05  13.00     3.142933   0.5     5.569904   1.5 K75  
   510.9367    510.7943    2.426919  -2.697 2.567e+05  13.00     3.142933   0.5     5.569703   0.5 K75  
   555.8606    555.7063    2.230778  -2.110 4.189e+05  13.00     3.142933   0.5     5.373574   1.5 NBS  
   555.9492    555.7948    2.230423  -2.410 4.198e+05  13.00     3.142933   0.5     5.373219   0.5 NBS  
   663.3049    663.1218    1.869429  -1.700 5.041e+05  13.00     4.021753   1.5     5.891067   2.5 K75  
   663.3640    663.1809    1.869263  -1.550 5.340e+05  13.00     4.021919   2.5     5.891067   3.5 K75  
   663.3640    663.1809    1.869263  -2.850 3.568e+04  13.00     4.021919   2.5     5.891067   2.5 K75  
   669.7872    669.6023    1.851337  -1.347 1.672e+06  13.00     3.142933   0.5     4.994156   1.5 NBS  
   669.8034    669.6185    1.851292  -1.576 6.578e+05  13.00     4.021753   1.5     5.872931   2.5 K75  
   669.8637    669.6788    1.851125  -1.421 7.048e+05  13.00     4.021919   2.5     5.872931   3.5 K75  
   669.8637    669.6788    1.851125  -2.722 4.699e+04  13.00     4.021919   2.5     5.872931   2.5 K75  
   670.0522    669.8673    1.850605  -1.647 1.674e+06  13.00     3.142933   0.5     4.993424   0.5 NBS  
   678.5510    678.3638    1.827426  -1.440 8.766e+05  13.00     4.021753   1.5     5.849066   2.5 K75  
   678.6128    678.4256    1.827259  -1.285 9.393e+05  13.00     4.021919   2.5     5.849066   3.5 K75  
   678.6128    678.4256    1.827259  -2.586 6.262e+04  13.00     4.021919   2.5     5.849066   2.5 K75  
   681.1614    680.9735    1.820423  -4.772 6.075e+02  13.00     4.021919   2.5     5.842230   1.5 K75  
   690.7551    690.5646    1.795139  -1.287 1.203e+06  13.00     4.021753   1.5     5.816782   2.5 K75  
   690.8192    690.6287    1.794973  -2.433 8.595e+04  13.00     4.021919   2.5     5.816782   2.5 K75  
   690.8192    690.6287    1.794973  -1.132 1.289e+06  13.00     4.021919   2.5     5.816782   3.5 K75  
   693.0608    692.8697    1.789167  -2.385 1.431e+05  13.00     4.085531   0.5     5.874588   1.5 K75  
   693.8099    693.6186    1.787235  -2.130 1.712e+05  13.00     4.087494   1.5     5.874620   2.5 K75  
   693.8224    693.6311    1.787203  -3.085 2.848e+04  13.00     4.087494   1.5     5.874588   1.5 K75  
   694.4411    694.2496    1.785611  -4.822 1.042e+03  13.00     4.021753   1.5     5.807254   0.5 K75  
   694.4840    694.2925    1.785501  -4.567 9.370e+02  13.00     4.021919   2.5     5.807310   1.5 K75  
   700.1760    699.9829    1.770986  -2.954 7.563e+04  13.00     4.085531   0.5     5.856408   0.5 K75  
   700.9534    700.7601    1.769022  -2.653 1.509e+05  13.00     4.087494   1.5     5.856408   0.5 K75  
   702.1481    701.9545    1.766012  -2.288 1.743e+05  13.00     4.085531   0.5     5.851434   1.5 K75  
   702.9058    702.7120    1.764108  -2.033 2.085e+05  13.00     4.087494   1.5     5.851494   2.5 K75  
   702.9298    702.7360    1.764048  -2.987 3.477e+04  13.00     4.087494   1.5     5.851434   1.5 K75  
   708.5922    708.3969    1.749951  -1.111 1.715e+06  13.00     4.021753   1.5     5.771596   2.5 K75  
   708.6596    708.4643    1.749785  -0.956 1.837e+06  13.00     4.021919   2.5     5.771596   3.5 K75  
   708.6596    708.4643    1.749785  -2.257 1.225e+05  13.00     4.021919   2.5     5.771596   2.5 K75  
   712.0862    711.8899    1.741365  -2.804 1.033e+05  13.00     4.085531   0.5     5.826788   0.5 K75  
   712.8903    712.6938    1.739401  -2.503 2.061e+05  13.00     4.087494   1.5     5.826788   0.5 K75  
   714.2022    714.0054    1.736205  -4.579 1.724e+03  13.00     4.021753   1.5     5.757851   0.5 K75  
   714.2374    714.0406    1.736120  -4.324 1.550e+03  13.00     4.021919   2.5     5.757932   1.5 K75  
   714.7367    714.5397    1.734907  -2.173 2.192e+05  13.00     4.085531   0.5     5.820331   1.5 K75  
   715.5171    715.3199    1.733015  -1.918 2.623e+05  13.00     4.087494   1.5     5.820403   2.5 K75  
   715.5468    715.3496    1.732943  -2.873 4.363e+04  13.00     4.087494   1.5     5.820331   1.5 K75  
   729.2840    729.0831    1.700300  -2.631 1.467e+05  13.00     4.085531   0.5     5.785726   0.5 K75  
   730.1274    729.9263    1.698336  -2.331 2.919e+05  13.00     4.087494   1.5     5.785726   0.5 K75  
   732.9489    732.7470    1.691798  -2.056 2.728e+05  13.00     4.085531   0.5     5.777225   1.5 K75  
   733.7669    733.5648    1.689912  -1.801 3.265e+05  13.00     4.087494   1.5     5.777303   2.5 K75  
   733.8008    733.5987    1.689834  -2.756 5.431e+04  13.00     4.087494   1.5     5.777225   1.5 K75  
   736.3596    736.1568    1.683962  -0.903 2.563e+06  13.00     4.021753   1.5     5.705611   2.5 K75  
   736.4324    736.2296    1.683796  -2.049 1.831e+05  13.00     4.021919   2.5     5.705611   2.5 K75  
   736.4324    736.2296    1.683796  -0.748 2.746e+06  13.00     4.021919   2.5     5.705611   3.5 K75  
   745.5592    745.3539    1.663184  -4.980 3.141e+02  13.00     4.021753   1.5     5.684834   1.5 K75  
   745.6141    745.4088    1.663061  -4.281 3.141e+03  13.00     4.021753   1.5     5.684711   0.5 K75  
   745.6338    745.4285    1.663017  -4.025 2.831e+03  13.00     4.021919   2.5     5.684834   1.5 K75  
   755.6242    755.4162    1.641030  -2.428 2.180e+05  13.00     4.085531   0.5     5.726460   0.5 K75  
   756.5296    756.3214    1.639066  -2.128 4.340e+05  13.00     4.087494   1.5     5.726460   0.5 K75  
   760.8254    760.6160    1.629811  -1.958 3.173e+05  13.00     4.085531   0.5     5.715242   1.5 K75  
   761.6916    761.4820    1.627958  -1.703 3.797e+05  13.00     4.087494   1.5     5.715352   2.5 K75  
   761.7433    761.5337    1.627847  -2.657 6.331e+04  13.00     4.087494   1.5     5.715242   1.5 K75  
   783.7465    783.5309    1.582146  -0.649 4.061e+06  13.00     4.021753   1.5     5.603802   2.5 K75  
   783.8290    783.6134    1.581980  -1.795 2.901e+05  13.00     4.021919   2.5     5.603802   2.5 K75  
   783.8290    783.6134    1.581980  -0.494 4.351e+06  13.00     4.021919   2.5     5.603802   3.5 K75  
   799.5248    799.3050    1.550923  -2.180 3.447e+05  13.00     4.085531   0.5     5.636359   0.5 K75  
   800.5386    800.3185    1.548959  -1.879 6.876e+05  13.00     4.087494   1.5     5.636359   0.5 K75  
   800.9073    800.6871    1.548246  -4.586 6.744e+02  13.00     4.021753   1.5     5.569904   1.5 K75  
   800.9934    800.7732    1.548080  -3.632 6.065e+03  13.00     4.021919   2.5     5.569904   1.5 K75  
   801.0112    800.7910    1.548045  -3.887 6.742e+03  13.00     4.021753   1.5     5.569703   0.5 K75  
   806.8186    806.5968    1.536903  -1.936 2.968e+05  13.00     4.085531   0.5     5.622339   1.5 K75  
   807.7574    807.5353    1.535117  -1.681 3.552e+05  13.00     4.087494   1.5     5.622517   2.5 K75  
   807.8510    807.6289    1.534939  -2.636 5.907e+04  13.00     4.087494   1.5     5.622339   1.5 K75  
   877.5274    877.2865    1.413063  -0.316 6.974e+06  13.00     4.021753   1.5     5.434729   2.5 K75  
   877.6306    877.3896    1.412897  -0.161 7.472e+06  13.00     4.021919   2.5     5.434730   3.5 K75  
   877.6309    877.3899    1.412897  -1.462 4.981e+05  13.00     4.021919   2.5     5.434729   2.5 K75  
   883.1333    882.8909    1.404093  -1.890 5.509e+05  13.00     4.085531   0.5     5.489538   0.5 NBS  
   884.3705    884.1277    1.402129  -1.590 1.096e+06  13.00     4.087494   1.5     5.489538   0.5 NBS  
   891.5347    891.2900    1.390862  -2.348 9.414e+04  13.00     4.085531   0.5     5.476307   1.5 K75  
   892.6005    892.3555    1.389201  -2.093 1.126e+05  13.00     4.087494   1.5     5.476610   2.5 K75  
   892.7955    892.5504    1.388898  -3.048 1.873e+04  13.00     4.087494   1.5     5.476307   1.5 K75  
   917.2257    916.9740    1.351905  -4.042 1.799e+03  13.00     4.021753   1.5     5.373574   1.5 K75  
   917.3387    917.0870    1.351738  -3.088 1.618e+04  13.00     4.021919   2.5     5.373574   1.5 K75  
   917.4667    917.2150    1.351550  -3.343 1.799e+04  13.00     4.021753   1.5     5.373219   0.5 K75  
  1060.6510   1060.3605    1.169095  -2.959 1.629e+04  13.00     4.673207   0.5     5.842230   1.5 K75  
  1060.6878   1060.3973    1.169054  -3.260 1.629e+04  13.00     4.673207   0.5     5.842189   0.5 K75  
  1077.1315   1076.8365    1.151207  -1.505 4.493e+05  13.00     4.085531   0.5     5.236667   1.5 K75  
  1078.4999   1078.2045    1.149747  -1.250 5.374e+05  13.00     4.087494   1.5     5.237171   2.5 K75  
  1078.9723   1078.6768    1.149243  -2.205 8.934e+04  13.00     4.087494   1.5     5.236667   1.5 K75  
  1087.5951   1087.2973    1.140132  -1.400 1.122e+06  13.00     4.085531   0.5     5.225592   0.5 NBS  
  1089.4719   1089.1736    1.138168  -1.100 2.232e+06  13.00     4.087494   1.5     5.225592   0.5 NBS  
  1093.3091   1093.0097    1.134173  -2.765 2.397e+04  13.00     4.673207   0.5     5.807310   1.5 K75  
  1093.3633   1093.0639    1.134117  -3.066 2.396e+04  13.00     4.673207   0.5     5.807254   0.5 K75  
  1125.6270   1125.3189    1.101610   0.276 1.656e+07  13.00     4.021753   1.5     5.123295   2.5 NBS  
  1125.7963   1125.4881    1.101444   0.431 1.775e+07  13.00     4.021919   2.5     5.123296   3.5 NBS  
  1125.7973   1125.4891    1.101443  -0.870 1.183e+06  13.00     4.021919   2.5     5.123295   2.5 NBS  
  1143.0778   1142.7649    1.084792  -2.529 3.775e+04  13.00     4.673207   0.5     5.757932   1.5 K75  
  1143.1630   1142.8501    1.084711  -2.830 3.775e+04  13.00     4.673207   0.5     5.757851   0.5 K75  
  1165.2224   1164.9035    1.064176  -1.154 5.743e+05  13.00     4.826957   1.5     5.891067   2.5 K75  
  1165.8413   1165.5222    1.063611  -0.999 6.148e+05  13.00     4.827522   2.5     5.891067   3.5 K75  
  1165.8413   1165.5222    1.063611  -2.300 4.099e+04  13.00     4.827522   2.5     5.891067   2.5 K75  
  1185.4263   1185.1019    1.046039  -2.036 7.282e+04  13.00     4.826957   1.5     5.872931   2.5 K75  
  1186.0668   1185.7423    1.045474  -3.182 5.197e+03  13.00     4.827522   2.5     5.872931   2.5 K75  
  1186.0668   1185.7423    1.045474  -1.881 7.795e+04  13.00     4.827522   2.5     5.872931   3.5 K75  
  1213.1041   1212.7722    1.022173  -1.914 9.208e+04  13.00     4.826957   1.5     5.849066   2.5 K75  
  1213.7749   1213.4428    1.021608  -1.760 9.835e+04  13.00     4.827522   2.5     5.849066   3.5 K75  
  1213.7749   1213.4428    1.021608  -3.061 6.557e+03  13.00     4.827522   2.5     5.849066   2.5 K75  
  1221.2726   1220.9385    1.015336  -4.107 8.739e+02  13.00     4.826957   1.5     5.842230   1.5 K75  
  1221.3214   1220.9873    1.015295  -3.408 8.738e+03  13.00     4.826957   1.5     5.842189   0.5 K75  
  1221.9525   1221.6182    1.014771  -3.153 7.852e+03  13.00     4.827522   2.5     5.842230   1.5 K75  
  1225.6743   1225.3390    1.011689  -2.228 6.566e+04  13.00     4.673207   0.5     5.684834   1.5 K75  
  1225.8229   1225.4876    1.011567  -2.529 6.565e+04  13.00     4.673207   0.5     5.684711   0.5 K75  
  1252.6713   1252.3287    0.989886  -1.783 1.168e+05  13.00     4.826957   1.5     5.816782   2.5 K75  
  1253.3866   1253.0438    0.989321  -1.628 1.250e+05  13.00     4.827522   2.5     5.816782   3.5 K75  
  1253.3866   1253.0438    0.989321  -2.929 8.333e+03  13.00     4.827522   2.5     5.816782   2.5 K75  
  1264.7738   1264.4279    0.980414  -3.939 1.200e+03  13.00     4.826957   1.5     5.807310   1.5 K75  
  1264.8463   1264.5004    0.980358  -3.240 1.200e+04  13.00     4.826957   1.5     5.807254   0.5 K75  
  1265.5030   1265.1569    0.979849  -2.985 1.078e+04  13.00     4.827522   2.5     5.807310   1.5 K75  
  1275.1138   1274.7651    0.972464  -3.171 6.918e+03  13.00     4.021753   1.5     4.994156   1.5 K75  
  1275.3323   1274.9835    0.972297  -2.217 6.220e+04  13.00     4.021919   2.5     4.994156   1.5 K75  
  1276.0750   1275.7260    0.971731  -2.472 6.908e+04  13.00     4.021753   1.5     4.993424   0.5 K75  
  1312.5911   1312.2322    0.944698  -1.642 1.471e+05  13.00     4.826957   1.5     5.771596   2.5 K75  
  1312.6999   1312.3410    0.944619   0.270 1.802e+07  13.00     3.142933   0.5     4.087494   1.5 NBS  
  1313.3765   1313.0174    0.944133  -2.788 1.050e+04  13.00     4.827522   2.5     5.771596   2.5 K75  
  1313.3765   1313.0174    0.944133  -1.487 1.575e+05  13.00     4.827522   2.5     5.771596   3.5 K75  
  1315.4350   1315.0753    0.942655  -0.030 1.799e+07  13.00     3.142933   0.5     4.085531   0.5 NBS  
  1331.9717   1331.6075    0.930952  -3.040 1.714e+04  13.00     4.826957   1.5     5.757851   0.5 K75  
  1332.6647   1332.3003    0.930468  -2.785 1.540e+04  13.00     4.827522   2.5     5.757932   1.5 K75  
  1382.7698   1382.3918    0.896752  -1.815 1.335e+05  13.00     4.673207   0.5     5.569904   1.5 K75  
  1383.0798   1382.7017    0.896551  -2.117 1.332e+05  13.00     4.673207   0.5     5.569703   0.5 K75  
  1407.1452   1406.7606    0.881218  -2.326 3.975e+04  13.00     4.993424   0.5     5.874588   1.5 K75  
  1408.2641   1407.8792    0.880518  -2.071 4.760e+04  13.00     4.994156   1.5     5.874620   2.5 K75  
  1408.3158   1407.9309    0.880486  -3.025 7.937e+03  13.00     4.994156   1.5     5.874588   1.5 K75  
  1411.1635   1410.7778    0.878709  -1.500 1.765e+05  13.00     4.826957   1.5     5.705611   2.5 K75  
  1412.0713   1411.6854    0.878144  -1.346 1.885e+05  13.00     4.827522   2.5     5.705611   3.5 K75  
  1412.0713   1411.6854    0.878144  -2.647 1.257e+04  13.00     4.827522   2.5     5.705611   2.5 K75  
  1436.7892   1436.3966    0.863037  -2.656 3.567e+04  13.00     4.993424   0.5     5.856408   0.5 K75  
  1438.0097   1437.6167    0.862304  -2.355 7.122e+04  13.00     4.994156   1.5     5.856408   0.5 K75  
  1445.1182   1444.7233    0.858062  -2.228 4.723e+04  13.00     4.993424   0.5     5.851434   1.5 K75  
  1445.3411   1444.9461    0.857930  -3.492 2.571e+03  13.00     4.826957   1.5     5.684834   1.5 K75  
  1445.5477   1445.1527    0.857808  -2.793 2.571e+04  13.00     4.826957   1.5     5.684711   0.5 K75  
  1446.2512   1445.8560    0.857390  -1.973 5.656e+04  13.00     4.994156   1.5     5.851494   2.5 K75  
  1446.2935   1445.8983    0.857365  -2.538 2.310e+04  13.00     4.827522   2.5     5.684834   1.5 K75  
  1446.3528   1445.9576    0.857330  -2.927 9.430e+03  13.00     4.994156   1.5     5.851434   1.5 K75  
  1487.8554   1487.4489    0.833415  -2.488 4.897e+04  13.00     4.993424   0.5     5.826788   0.5 K75  
  1489.1643   1488.7574    0.832683  -2.187 9.777e+04  13.00     4.994156   1.5     5.826788   0.5 K75  
  1499.4741   1499.0644    0.826958  -2.124 5.574e+04  13.00     4.993424   0.5     5.820331   1.5 K75  
  1500.6727   1500.2627    0.826297  -1.869 6.674e+04  13.00     4.994156   1.5     5.820403   2.5 K75  
  1500.8033   1500.3933    0.826225  -2.824 1.110e+04  13.00     4.994156   1.5     5.820331   1.5 K75  
  1564.9653   1564.5378    0.792351  -2.288 7.016e+04  13.00     4.993424   0.5     5.785726   0.5 K75  
  1566.4134   1565.9855    0.791618  -1.987 1.400e+05  13.00     4.994156   1.5     5.785726   0.5 K75  
  1581.9393   1581.5072    0.783849  -2.029 6.233e+04  13.00     4.993424   0.5     5.777225   1.5 K75  
  1583.2610   1582.8285    0.783195  -1.774 7.462e+04  13.00     4.994156   1.5     5.777303   2.5 K75  
  1583.4189   1582.9864    0.783117  -2.728 1.244e+04  13.00     4.994156   1.5     5.777225   1.5 K75  
  1596.1035   1595.6675    0.776893  -1.397 1.749e+05  13.00     4.826957   1.5     5.603802   2.5 K75  
  1597.2650   1596.8287    0.776328  -2.544 1.245e+04  13.00     4.827522   2.5     5.603802   2.5 K75  
  1597.2650   1596.8287    0.776328  -1.243 1.868e+05  13.00     4.827522   2.5     5.603802   3.5 K75  
  1597.2650   1596.8287    0.776328  -1.243 1.868e+05  13.00     4.827522   2.5     5.603802   3.5 K75  
  1650.3883   1649.9376    0.751339  -3.975 6.485e+02  13.00     5.123295   2.5     5.874588   1.5 K75  
  1668.9281   1668.4723    0.742993  -3.161 4.132e+03  13.00     4.826957   1.5     5.569904   1.5 K75  
  1669.3797   1668.9238    0.742792  -2.463 4.121e+04  13.00     4.826957   1.5     5.569703   0.5 K75  
  1670.1980   1669.7419    0.742428  -2.207 3.711e+04  13.00     4.827522   2.5     5.569904   1.5 K75  
  1672.3524   1671.8957    0.741472   0.152 8.461e+06  13.00     4.085531   0.5     4.826957   1.5 NBS  
  1675.5140   1675.0564    0.740072   0.408 1.013e+07  13.00     4.087494   1.5     4.827522   2.5 NBS  
  1676.7939   1676.3360    0.739508  -0.550 1.672e+06  13.00     4.087494   1.5     4.826957   1.5 NBS  
  1691.4947   1691.0328    0.733080  -2.042 1.058e+05  13.00     4.993424   0.5     5.726460   0.5 K75  
  1693.1865   1692.7241    0.732348  -1.741 2.112e+05  13.00     4.994156   1.5     5.726460   0.5 K75  
  1702.7305   1702.2655    0.728243  -3.725 7.222e+02  13.00     5.123296   3.5     5.851494   2.5 K75  
  1702.8691   1702.4041    0.728184  -3.880 7.581e+02  13.00     5.123295   2.5     5.851434   1.5 K75  
  1717.7825   1717.3134    0.721862  -1.983 5.877e+04  13.00     4.993424   0.5     5.715242   1.5 K75  
  1719.2636   1718.7941    0.721240  -1.728 7.035e+04  13.00     4.994156   1.5     5.715352   2.5 K75  
  1719.5272   1719.0577    0.721129  -2.682 1.173e+04  13.00     4.994156   1.5     5.715242   1.5 K75  
  1770.3928   1769.9094    0.700411  -1.162 3.664e+05  13.00     4.673207   0.5     5.373574   1.5 K75  
  1771.2909   1770.8073    0.700055  -1.463 3.660e+05  13.00     4.673207   0.5     5.373219   0.5 K75  
  1778.6701   1778.1845    0.697151  -4.927 4.157e+01  13.00     5.123295   2.5     5.820403   2.5 K75  
  1778.6726   1778.1870    0.697150  -3.626 8.313e+02  13.00     5.123296   3.5     5.820403   2.5 K75  
  1778.8537   1778.3680    0.697079  -3.781 8.725e+02  13.00     5.123295   2.5     5.820331   1.5 K75  
  1894.7518   1894.2346    0.654440  -1.743 5.596e+04  13.00     5.236667   1.5     5.891067   2.5 K75  
  1895.8863   1895.3688    0.654049  -4.838 4.491e+01  13.00     5.123295   2.5     5.777303   2.5 K75  
  1895.8891   1895.3716    0.654048  -3.537 8.981e+02  13.00     5.123296   3.5     5.777303   2.5 K75  
  1896.1128   1895.5952    0.653970  -3.692 9.426e+02  13.00     5.123295   2.5     5.777225   1.5 K75  
  1896.2102   1895.6926    0.653937  -1.588 5.988e+04  13.00     5.237171   2.5     5.891067   3.5 K75  
  1896.2102   1895.6926    0.653937  -2.889 3.992e+03  13.00     5.237171   2.5     5.891067   2.5 K75  
  1928.5406   1928.0142    0.642974  -1.715 1.728e+05  13.00     4.993424   0.5     5.636359   0.5 K75  
  1930.7401   1930.2131    0.642242  -1.415 3.441e+05  13.00     4.994156   1.5     5.636359   0.5 K75  
  1948.7605   1948.2286    0.636303  -2.538 8.481e+03  13.00     5.236667   1.5     5.872931   2.5 K75  
  1950.3031   1949.7708    0.635799  -3.685 6.036e+02  13.00     5.237171   2.5     5.872931   2.5 K75  
  1950.3031   1949.7708    0.635799  -2.384 9.054e+03  13.00     5.237171   2.5     5.872931   3.5 K75  
  1971.5315   1970.9934    0.628954  -2.194 2.744e+04  13.00     4.993424   0.5     5.622339   1.5 K75  
  1973.2717   1972.7331    0.628399  -1.939 3.285e+04  13.00     4.994156   1.5     5.622517   2.5 K75  
  1973.8301   1973.2914    0.628221  -2.893 5.476e+03  13.00     4.994156   1.5     5.622339   1.5 K75  

Number of lines in output : 555

Parameter set used in search:
Lower wavelength limit: 200.0000 nm
Upper wavelength limit: 2000.0000 nm
Lower limit on log gf: -5.000 Upper limit on log gf: 2.000 Lower limit on energy for lower level: 0.000 cm^-1
Upper limit on energy for lower level: 1000000.000 cm^-1
Lower limit on energy for upper level: 0.000 cm^-1
Upper limit on energy for upper level: 1000000.000 cm^-1

Element list:
Al I ( = 13.00 )

Search program by Claas Heise (heise@fz.telekom.de), Jan 17, 1996 