Number of lines in output : 105
--------------------------------------------------------------------------------------------------------
    Wl_vac      Wl_air    E_Photon   log_gf   A-Value   Elem. E_lower_lev.   J   E_upper_lev.   J   Ref.
     / nm        / nm        / eV              / 1/s   (Code)     / eV     lower     / eV     upper     
--------------------------------------------------------------------------------------------------------
   200.9273    200.8623    6.171396  -1.990 8.453e+06  56.01     2.512283   0.5     8.683299   0.5 NBS  
   202.4699    202.4047    6.124375  -3.410 3.165e+05  56.01     0.000000   0.5     6.123999   0.5 WA   
   205.3412    205.2754    6.038739  -2.140 1.910e+06  56.01     2.721937   1.5     8.760306   2.5 NBS  
   205.3412    205.2754    6.038739  -1.130 1.954e+07  56.01     2.721937   1.5     8.760306   2.5 NBS  
   207.9970    207.9307    5.961634  -1.880 1.016e+07  56.01     2.721937   1.5     8.683204   0.5 NBS  
   215.4604    215.3927    5.755125  -0.830 5.313e+07  56.01     2.512283   0.5     8.267055   1.5 NBS  
   216.6618    216.5938    5.723214  -4.940 2.719e+03  56.01     0.000000   0.5     5.722863   2.5 WA   
   220.1584    220.0897    5.632316  -1.540 1.984e+07  56.01     2.512283   0.5     8.144254   0.5 NBS  
   221.5459    221.4769    5.597042  -2.730 6.326e+05  56.01     0.604321   1.5     6.201019   1.5 WA   
   223.3490    223.2796    5.551857  -0.880 2.938e+07  56.01     2.721937   1.5     8.273454   2.5 NBS  
   223.6067    223.5373    5.545458  -1.880 4.396e+06  56.01     2.721937   1.5     8.267055   1.5 NBS  
   224.6374    224.5677    5.520016  -2.580 1.738e+06  56.01     0.604321   1.5     6.123999   0.5 WA   
   225.5484    225.4785    5.497720  -1.890 4.223e+06  56.01     0.703636   2.5     6.201019   1.5 WA   
   228.6708    228.6003    5.422649  -1.680 1.333e+07  56.01     2.721937   1.5     8.144254   0.5 NBS  
   230.4958    230.4249    5.379714   1.200 3.316e+09  56.01     0.604321   1.5     5.983706   2.5 WA   
   233.5986    233.5270    5.308258   1.240 2.655e+09  56.01     0.703636   2.5     6.011567   3.5 WA   
   234.8313    234.7594    5.280394  -0.030 1.881e+08  56.01     0.703636   2.5     5.983706   2.5 WA   
   252.9164    252.8404    4.902812  -0.560 7.180e+07  56.01     2.512283   0.5     7.414794   1.5 NBS  
   263.5563    263.4778    4.704883  -0.320 7.660e+07  56.01     2.721937   1.5     7.426532   2.5 NBS  
   264.2155    264.1368    4.693145  -1.310 1.170e+07  56.01     2.721937   1.5     7.414794   1.5 NBS  
   264.8062    264.7274    4.682676  -1.380 1.983e+07  56.01     2.512283   0.5     7.194671   0.5 NBS  
   277.2187    277.1369    4.473008  -1.030 4.050e+07  56.01     2.721937   1.5     7.194671   0.5 NBS  
   381.7781    381.6698    3.247964  -2.520 2.303e+05  56.01     5.697396   1.5     8.945161   2.5 NBS  
   384.3892    384.2802    3.225902  -2.420 2.145e+05  56.01     5.722863   2.5     8.948567   3.5 NBS  
   384.7955    384.6864    3.222495  -3.320 3.593e+04  56.01     5.722863   2.5     8.945161   2.5 WA   
   389.2879    389.1776    3.185308   0.280 2.097e+08  56.01     2.512283   0.5     5.697396   1.5 NBS  
   402.0801    401.9665    3.083967  -3.510 2.125e+04  56.01     5.983706   2.5     9.067484   2.5 WA   
   402.4091    402.2954    3.081446  -2.290 5.281e+05  56.01     5.983706   2.5     9.064963   1.5 NBS  
   405.7470    405.6324    3.056096  -1.760 1.173e+06  56.01     6.011567   3.5     9.067476   2.5 NBS  
   413.1810    413.0645    3.001110   0.680 3.117e+08  56.01     2.721937   1.5     5.722863   2.5 NBS  
   416.7174    416.6000    2.975642  -0.420 3.651e+07  56.01     2.721937   1.5     5.697396   1.5 NBS  
   421.7301    421.6113    2.940274  -1.210 5.781e+06  56.01     6.123999   0.5     9.064092   1.5 NBS  
   428.9032    428.7826    2.891099  -1.870 2.446e+06  56.01     6.123999   0.5     9.014920   0.5 NBS  
   429.8819    429.7610    2.884517  -3.650 1.347e+04  56.01     5.697396   1.5     8.581736   2.5 WA   
   432.6942    432.5726    2.865769  -1.000 5.938e+06  56.01     6.201019   1.5     9.066613   2.5 NBS  
   432.7961    432.6744    2.865095  -3.040 4.059e+04  56.01     5.722863   2.5     8.587782   3.5 WA   
   433.0751    432.9534    2.863248  -2.010 8.688e+05  56.01     6.201019   1.5     9.064092   1.5 NBS  
   433.7113    433.5894    2.859049  -4.330 2.764e+03  56.01     5.722863   2.5     8.581736   2.5 WA   
   440.6429    440.5192    2.814074  -1.640 3.935e+06  56.01     6.201019   1.5     9.014920   0.5 NBS  
   446.5625    446.4372    2.776771  -3.010 5.448e+04  56.01     5.983706   2.5     8.760306   2.5 WA   
   447.1910    447.0655    2.772869  -1.770 1.416e+06  56.01     5.983706   2.5     8.756404   1.5 NBS  
   451.0889    450.9624    2.748908  -1.650 1.223e+06  56.01     6.011567   3.5     8.760306   2.5 NBS  
   452.6194    452.4925    2.739612  -0.360 7.106e+07  56.01     2.512283   0.5     5.251727   0.5 NBS  
   455.5306    455.4029    2.722104   0.170 1.189e+08  56.01     0.000000   0.5     2.721937   1.5 NBS  
   471.0238    470.8920    2.632567  -0.890 9.682e+06  56.01     6.123999   0.5     8.756404   1.5 NBS  
   484.4808    484.3455    2.559444  -0.710 9.235e+06  56.01     6.201019   1.5     8.760306   2.5 NBS  
   484.8562    484.7208    2.557463  -1.540 4.091e+06  56.01     6.123999   0.5     8.681304   0.5 NBS  
   485.2206    485.0851    2.555542  -1.690 1.446e+06  56.01     6.201019   1.5     8.756404   1.5 NBS  
   490.1297    489.9929    2.529946  -0.080 1.155e+08  56.01     2.721937   1.5     5.251727   0.5 NBS  
   493.5453    493.4076    2.512437  -0.150 9.693e+07  56.01     0.000000   0.5     2.512283   0.5 NBS  
   499.9125    499.7731    2.480437  -1.340 6.100e+06  56.01     6.201019   1.5     8.681304   0.5 NBS  
   518.6502    518.5058    2.390825  -1.550 1.747e+06  56.01     5.251727   0.5     7.642405   1.5 NBS  
   526.8477    526.7011    2.353625  -3.500 3.799e+04  56.01     5.251727   0.5     7.605208   0.5 WA   
   536.2846    536.1355    2.312208  -0.910 4.755e+06  56.01     5.697396   1.5     8.009462   2.5 NBS  
   539.3106    539.1607    2.299235  -0.740 5.216e+06  56.01     5.722863   2.5     8.021957   3.5 NBS  
   541.5118    541.3613    2.289889  -2.660 8.294e+04  56.01     5.983706   2.5     8.273454   2.5 NBS  
   542.2576    542.1069    2.286739  -2.300 1.895e+05  56.01     5.722863   2.5     8.009462   2.5 NBS  
   543.0294    542.8785    2.283489  -1.400 2.251e+06  56.01     5.983706   2.5     8.267055   1.5 NBS  
   548.1819    548.0296    2.262026  -1.310 1.812e+06  56.01     6.011567   3.5     8.273454   2.5 NBS  
   578.5781    578.4177    2.143188  -0.400 1.983e+07  56.01     6.123999   0.5     8.267055   1.5 NBS  
   585.5291    585.3668    2.117746  -1.000 4.864e+06  56.01     0.604321   1.5     2.721937   1.5 NBS  
   598.2940    598.1283    2.072563  -0.290 1.593e+07  56.01     6.201019   1.5     8.273454   2.5 NBS  
   600.1472    599.9810    2.066163  -1.260 2.544e+06  56.01     6.201019   1.5     8.267055   1.5 NBS  
   613.7469    613.5771    2.020380  -1.020 8.455e+06  56.01     6.123999   0.5     8.144254   0.5 NBS  
   614.3413    614.1713    2.018425  -0.076 3.709e+07  56.01     0.703636   2.5     2.721937   1.5 NBS  
   635.4997    635.3240    1.951223  -3.310 1.348e+04  56.01     7.116048   2.5     9.067152   2.5 WA   
   636.3220    636.1461    1.948702  -2.150 2.915e+05  56.01     7.116048   2.5     9.064630   1.5 NBS  
   637.4907    637.3145    1.945129  -2.790 6.655e+04  56.01     5.697396   1.5     7.642405   1.5 NBS  
   638.0730    637.8966    1.943354  -0.920 9.848e+06  56.01     6.201019   1.5     8.144254   0.5 NBS  
   645.3748    645.1965    1.921367  -3.540 7.698e+03  56.01     7.145895   3.5     9.067143   2.5 WA   
   645.9485    645.7700    1.919660  -2.130 2.963e+05  56.01     5.722863   2.5     7.642405   1.5 NBS  
   649.8692    649.6897    1.908079  -0.377 3.315e+07  56.01     0.604321   1.5     2.512283   0.5 NBS  
   649.9202    649.7407    1.907929  -4.740 1.437e+03  56.01     5.697396   1.5     7.605208   0.5 WA   
   754.0944    753.8868    1.644359  -3.370 8.339e+03  56.01     7.116048   2.5     8.760306   2.5 WA   
   755.8882    755.6801    1.640457  -2.250 1.641e+05  56.01     7.116048   2.5     8.756404   1.5 NBS  
   768.0355    767.8242    1.614511  -2.450 6.687e+04  56.01     7.145895   3.5     8.760306   2.5 NBS  
   849.9138    849.6803    1.458974  -0.880 3.043e+06  56.01     7.605208   0.5     9.064092   1.5 NBS  
   859.3730    859.1370    1.442914  -2.060 1.311e+05  56.01     5.983706   2.5     7.426532   2.5 NBS  
   866.4220    866.1841    1.431175  -0.770 3.772e+06  56.01     5.983706   2.5     7.414794   1.5 NBS  
   870.6077    870.3686    1.424295  -0.600 3.684e+06  56.01     7.642405   1.5     9.066613   2.5 NBS  
   871.3268    871.0876    1.423119   0.860 7.956e+07  56.01     5.722863   2.5     7.145895   3.5 NBS  
   872.1514    871.9119    1.421774  -1.580 5.766e+05  56.01     7.642405   1.5     9.064092   1.5 NBS  
   874.0163    873.7763    1.418740   0.810 9.396e+07  56.01     5.697396   1.5     7.116048   2.5 NBS  
   876.2944    876.0538    1.415052  -0.670 3.095e+06  56.01     6.011567   3.5     7.426532   2.5 NBS  
   879.5593    879.3178    1.409799  -1.480 1.427e+06  56.01     7.605208   0.5     9.014920   0.5 NBS  
   889.9933    889.7490    1.393271  -0.420 5.336e+06  56.01     5.722863   2.5     7.116048   2.5 NBS  
   903.3970    903.1491    1.372599  -1.190 2.638e+06  56.01     7.642405   1.5     9.014920   0.5 NBS  
   960.5908    960.3274    1.290874   0.280 3.443e+07  56.01     6.123999   0.5     7.414794   1.5 NBS  
  1011.7607   1011.4834    1.225588   0.620 4.527e+07  56.01     6.201019   1.5     7.426532   2.5 NBS  
  1021.5454   1021.2655    1.213849  -0.320 7.648e+06  56.01     6.201019   1.5     7.414794   1.5 NBS  
  1071.2969   1071.0035    1.157477  -2.870 1.307e+04  56.01     7.116048   2.5     8.273454   2.5 NBS  
  1077.0755   1076.7805    1.151267  -0.430 5.340e+06  56.01     7.605208   0.5     8.756404   1.5 NBS  
  1077.2530   1076.9580    1.151078  -1.770 2.440e+05  56.01     7.116048   2.5     8.267055   1.5 NBS  
  1099.6539   1099.3528    1.127629  -1.920 1.105e+05  56.01     7.145895   3.5     8.273454   2.5 NBS  
  1109.1553   1108.8516    1.117969  -0.160 6.252e+06  56.01     7.642405   1.5     8.760306   2.5 NBS  
  1113.0404   1112.7357    1.114067  -1.130 9.978e+05  56.01     7.642405   1.5     8.756404   1.5 NBS  
  1152.2437   1151.9283    1.076163  -1.020 2.399e+06  56.01     7.605208   0.5     8.681304   0.5 NBS  
  1158.0601   1157.7432    1.070758  -0.270 1.335e+07  56.01     6.123999   0.5     7.194691   0.5 NBS  
  1193.4998   1193.1732    1.038963  -0.710 4.565e+06  56.01     7.642405   1.5     8.681304   0.5 NBS  
  1247.8478   1247.5065    0.993712   0.150 3.025e+07  56.01     6.201019   1.5     7.194671   0.5 NBS  
  1306.1587   1305.8015    0.949350   0.340 2.138e+07  56.01     5.251727   0.5     6.201019   1.5 NBS  
  1421.4908   1421.1023    0.872325   0.030 1.769e+07  56.01     5.251727   0.5     6.123999   0.5 NBS  
  1873.4310   1872.9196    0.661888   0.370 1.114e+07  56.01     7.605208   0.5     8.267055   1.5 NBS  
  1964.8643   1964.3280    0.631088   0.650 1.286e+07  56.01     7.642405   1.5     8.273454   2.5 NBS  
  1984.9935   1984.4517    0.624688  -0.280 2.221e+06  56.01     7.642405   1.5     8.267055   1.5 NBS  

Number of lines in output : 105
Parameter set used in search:
Lower wavelength limit: 200.0000 nm
Upper wavelength limit: 2000.0000 nm
Lower limit on log gf: -5.000 Upper limit on log gf: 3.000 Lower limit on energy for lower level: 0.000 cm^-1
Upper limit on energy for lower level: 1000000.000 cm^-1
Lower limit on energy for upper level: 0.000 cm^-1
Upper limit on energy for upper level: 1000000.000 cm^-1
Element list:
Ba II ( = 56.01 )
Search program by Claas Heise (heise@fz.telekom.de), Jan 17, 1996
