Number of lines in output : 119
--------------------------------------------------------------------------------------------------------
    Wl_vac      Wl_air    E_Photon   log_gf   A-Value   Elem. E_lower_lev.   J   E_upper_lev.   J   Ref.
     / nm        / nm        / eV              / 1/s   (Code)     / eV     lower     / eV     upper     
--------------------------------------------------------------------------------------------------------
   240.9965    240.9232    5.145311  -3.800 6.067e+04  56.00     0.000000   0.0     5.144996   1.0 NBS  
   241.4815    241.4081    5.134976  -3.520 1.151e+05  56.00     0.000000   0.0     5.134661   1.0 NBS  
   242.0845    242.0110    5.122185  -3.180 2.507e+05  56.00     0.000000   0.0     5.121870   1.0 NBS  
   242.8151    242.7414    5.106774  -2.680 7.879e+05  56.00     0.000000   0.0     5.106460   1.0 NBS  
   243.3256    243.2518    5.096059  -2.600 9.433e+05  56.00     0.000000   0.0     5.095747   1.0 NBS  
   243.9547    243.8807    5.082919  -3.480 1.237e+05  56.00     0.000000   0.0     5.082608   1.0 NBS  
   244.5361    244.4620    5.070833  -2.810 5.759e+05  56.00     0.000000   0.0     5.070522   1.0 NBS  
   245.3071    245.2328    5.054896  -3.760 6.421e+04  56.00     0.000000   0.0     5.054585   1.0 NBS  
   247.3491    247.2744    5.013164  -2.810 5.628e+05  56.00     0.000000   0.0     5.012856   1.0 NBS  
   250.1117    250.0363    4.957792  -2.370 1.516e+06  56.00     0.000000   0.0     4.957488   1.0 NBS  
   254.3756    254.2992    4.874689  -1.930 4.037e+06  56.00     0.000000   0.0     4.874389   1.0 NBS  
   259.7383    259.6607    4.774042  -1.450 1.169e+07  56.00     0.000000   0.0     4.773750   1.0 NBS  
   264.7234    264.6446    4.684141  -2.450 1.126e+06  56.00     0.000000   0.0     4.683854   1.0 NBS  
   270.3435    270.2633    4.586764  -2.090 2.473e+06  56.00     0.000000   0.0     4.586482   1.0 NBS  
   274.0055    273.9244    4.525464  -2.510 9.151e+05  56.00     0.000000   0.0     4.525185   1.0 NBS  
   278.6096    278.5274    4.450679  -2.010 2.799e+06  56.00     0.000000   0.0     4.450405   1.0 NBS  
   307.2473    307.1580    4.035843  -0.760 4.093e+07  56.00     0.000000   0.0     4.035595   1.0 NBS  
   350.2105    350.1103    3.540733  -0.790 2.940e+07  56.00     0.000000   0.0     3.540515   1.0 NBS  
   389.0424    388.9322    3.187318  -1.990 1.503e+06  56.00     0.000000   0.0     3.187122   1.0 NBS  
   389.3760    389.2657    3.184587  -0.510 2.719e+07  56.00     1.412943   2.0     4.597334   2.0 CB   
   391.1013    390.9906    3.170538  -0.250 4.904e+07  56.00     1.120147   1.0     4.290490   2.0 NBS  
   393.6827    393.5713    3.149749  -0.120 4.664e+07  56.00     1.142656   2.0     4.292211   3.0 NBS  
   393.8980    393.7865    3.148028  -0.900 1.082e+07  56.00     1.142656   2.0     4.290490   2.0 NBS  
   399.4526    399.3397    3.104252   0.080 5.584e+07  56.00     1.189901   3.0     4.293963   4.0 NBS  
   399.6782    399.5652    3.102500  -0.830 8.823e+06  56.00     1.189901   3.0     4.292211   3.0 NBS  
   413.3589    413.2423    2.999819  -2.000 1.301e+06  56.00     0.000000   0.0     2.999635   1.0 NBS  
   424.0747    423.9553    2.924017  -0.720 2.356e+07  56.00     1.675727   2.0     4.599565   1.0 NBS  
   424.3797    424.2602    2.921916  -1.120 5.619e+06  56.00     1.566846   1.0     4.488583   2.0 NBS  
   426.5613    426.4413    2.906972  -0.900 1.538e+07  56.00     1.520895   0.0     4.427689   1.0 NBS  
   428.4299    428.3094    2.894293   0.090 6.387e+07  56.00     1.412943   2.0     4.307058   3.0 NBS  
   432.4213    432.2997    2.867578  -0.670 1.525e+07  56.00     1.566846   1.0     4.434248   2.0 NBS  
   432.6357    432.5141    2.866157  -0.860 7.027e+06  56.00     1.675727   2.0     4.541707   3.0 NBS  
   433.4128    433.2910    2.861018  -0.890 1.525e+07  56.00     1.566846   1.0     4.427689   1.0 NBS  
   435.1548    435.0325    2.849565  -0.070 5.996e+07  56.00     1.566846   1.0     4.416236   2.0 NBS  
   440.3772    440.2535    2.815772   0.010 7.039e+07  56.00     1.566846   1.0     4.382446   2.0 NBS  
   440.8066    440.6828    2.813029  -0.830 1.015e+07  56.00     1.675727   2.0     4.488583   2.0 NBS  
   443.3135    443.1891    2.797121   0.030 1.212e+08  56.00     1.520895   0.0     4.317845   1.0 NBS  
   446.8367    446.7113    2.775067  -0.860 6.588e+06  56.00     1.675727   2.0     4.450624   3.0 NBS  
   449.0232    448.8973    2.761554  -0.050 4.212e+07  56.00     1.675727   2.0     4.437111   3.0 NBS  
   449.4893    449.3632    2.758690  -0.260 3.628e+07  56.00     1.675727   2.0     4.434248   2.0 NBS  
   450.7184    450.5920    2.751167  -0.020 1.045e+08  56.00     1.566846   1.0     4.317845   1.0 NBS  
   452.4434    452.3166    2.740678   0.170 9.639e+07  56.00     1.675727   2.0     4.416236   2.0 NBS  
   457.5134    457.3852    2.710307  -0.040 2.906e+08  56.00     1.566846   1.0     4.276987   0.0 NBS  
   458.0918    457.9635    2.706885   0.450 1.792e+08  56.00     1.675727   2.0     4.382446   2.0 NBS  
   459.3107    459.1820    2.699702  -1.590 1.625e+06  56.00     1.142656   2.0     3.842192   2.0 NBS  
   460.1051    459.9762    2.695040  -0.500 9.963e+07  56.00     1.566846   1.0     4.261721   0.0 NBS  
   460.6268    460.4978    2.691988  -1.610 7.717e+06  56.00     1.120147   1.0     3.811969   0.0 NBS  
   462.1216    461.9922    2.683280  -1.050 9.279e+06  56.00     1.520895   0.0     4.204011   1.0 NBS  
   462.9620    462.8324    2.678409  -1.240 5.969e+06  56.00     1.142656   2.0     3.820900   1.0 NBS  
   467.4923    467.3615    2.652454  -0.970 6.540e+06  56.00     1.189901   3.0     3.842192   2.0 NBS  
   469.2923    469.1610    2.642280   0.210 1.637e+08  56.00     1.675727   2.0     4.317845   1.0 NBS  
   470.1737    470.0422    2.637327  -0.630 2.358e+07  56.00     1.566846   1.0     4.204011   1.0 NBS  
   472.7754    472.6432    2.622813  -0.160 6.882e+07  56.00     1.412943   2.0     4.035595   1.0 NBS  
   490.4218    490.2849    2.528439  -0.820 1.399e+07  56.00     1.675727   2.0     4.204011   1.0 CB   
   494.8701    494.7320    2.505712  -0.050 2.427e+08  56.00     2.239338   1.0     4.744896   0.0 CB   
   505.6343    505.4934    2.452369  -0.250 2.934e+07  56.00     2.239338   1.0     4.691556   2.0 CB   
   516.1372    515.9935    2.402465   0.200 7.936e+07  56.00     2.239338   1.0     4.641656   2.0 CB   
   526.8500    526.7034    2.353614  -0.300 1.204e+08  56.00     2.239338   1.0     4.592808   0.0 CB   
   542.6062    542.4554    2.285270   0.000 7.552e+07  56.00     1.520895   0.0     3.806025   1.0 CB   
   552.0576    551.9043    2.246146   0.200 6.937e+07  56.00     1.566846   1.0     3.812854   2.0 CB   
   553.7018    553.5480    2.239476   0.201 1.152e+08  56.00     0.000000   0.0     2.239338   1.0 NBS  
   568.1568    567.9992    2.182499  -1.450 1.047e+06  56.00     1.142656   2.0     3.325021   3.0 CB   
   577.9220    577.7618    2.145621   0.720 1.497e+08  56.00     1.675727   2.0     3.821216   3.0 NBS  
   580.1833    580.0225    2.137258   0.080 4.765e+07  56.00     1.675727   2.0     3.812854   2.0 NBS  
   580.7288    580.5678    2.135251  -0.850 3.991e+06  56.00     1.189901   3.0     3.325021   3.0 NBS  
   582.7888    582.6273    2.127703   0.170 9.682e+07  56.00     1.412943   2.0     3.540515   1.0 NBS  
   590.9270    590.7633    2.098401  -1.030 3.565e+06  56.00     1.120147   1.0     3.218419   2.0 NBS  
   597.3348    597.1694    2.075891  -0.110 2.902e+07  56.00     1.142656   2.0     3.218419   2.0 NBS  
   599.8744    599.7083    2.067102  -0.120 4.687e+07  56.00     1.120147   1.0     3.187122   1.0 NBS  
   602.1132    601.9465    2.059416  -0.100 1.461e+08  56.00     1.120147   1.0     3.179437   0.0 NBS  
   606.4788    606.3109    2.044592   0.210 9.803e+07  56.00     1.142656   2.0     3.187122   1.0 NBS  
   611.2471    611.0779    2.028642   0.440 9.834e+07  56.00     1.189901   3.0     3.218419   2.0 NBS  
   634.3430    634.1677    1.954781  -0.110 1.838e+07  56.00     1.142656   2.0     3.097317   3.0 NBS  
   645.2633    645.0850    1.921699  -0.470 1.086e+07  56.00     1.120147   1.0     3.041728   2.0 NBS  
   648.4701    648.2910    1.912196   0.290 4.418e+07  56.00     1.412943   2.0     3.325021   3.0 NBS  
   650.0553    649.8757    1.907533   0.580 8.573e+07  56.00     1.189901   3.0     3.097317   3.0 NBS  
   652.9112    652.7309    1.899189   0.270 5.827e+07  56.00     1.142656   2.0     3.041728   2.0 NBS  
   659.7145    659.5323    1.879604   0.150 7.216e+07  56.00     1.120147   1.0     2.999635   1.0 NBS  
   667.7110    667.5267    1.857093  -0.150 3.530e+07  56.00     1.142656   2.0     2.999635   1.0 NBS  
   669.5688    669.3840    1.851941  -0.020 2.842e+07  56.00     1.189901   3.0     3.041728   2.0 NBS  
   677.3698    677.1829    1.830613   0.030 3.115e+07  56.00     2.861056   2.0     4.691556   2.0 CB   
   686.7581    686.5687    1.805587  -0.560 7.790e+06  56.00     1.412943   2.0     3.218419   2.0 NBS  
   686.9745    686.7850    1.805019  -0.120 1.532e+07  56.00     2.845312   3.0     4.650219   3.0 CB   
   706.1885    705.9938    1.755908   0.680 7.113e+07  56.00     1.189901   3.0     2.945701   4.0 NBS  
   712.2289    712.0326    1.741016  -0.100 2.089e+07  56.00     1.120147   1.0     2.861056   2.0 NBS  
   715.5557    715.3585    1.732921  -0.340 6.616e+06  56.00     2.945701   4.0     4.678516   4.0 CB   
   719.7215    719.5232    1.722891  -0.250 2.414e+07  56.00     1.520895   0.0     3.243681   1.0 NBS  
   723.0857    722.8865    1.714875  -0.030 1.701e+07  56.00     2.735854   2.0     4.450624   3.0 CB   
   728.2303    728.0297    1.702760   0.470 5.303e+07  56.00     1.142656   2.0     2.845312   3.0 NBS  
   739.4443    739.2407    1.676937   0.090 5.003e+07  56.00     1.566846   1.0     3.243681   1.0 NBS  
   741.9573    741.7530    1.671258  -0.980 2.537e+06  56.00     1.189901   3.0     2.861056   2.0 NBS  
   746.1827    745.9773    1.661794   0.250 2.367e+07  56.00     2.845312   3.0     4.507003   4.0 CB   
   749.0139    748.8077    1.655512  -0.230 1.000e+07  56.00     1.189901   3.0     2.845312   3.0 NBS  
   761.1299    760.9204    1.629159   0.080 2.768e+07  56.00     2.859524   2.0     4.488583   2.0 CB   
   761.2578    761.0483    1.628885   0.080 2.768e+07  56.00     1.412943   2.0     3.041728   2.0 ESTM 
   763.8897    763.6795    1.623273  -0.220 9.839e+06  56.00     2.861056   2.0     4.484230   3.0 CB   
   764.5013    764.2909    1.621975   0.460 2.992e+07  56.00     2.945701   4.0     4.567576   5.0 CB   
   767.4199    767.2087    1.615806   0.140 3.127e+07  56.00     1.120147   1.0     2.735854   2.0 NBS  
   778.2620    778.0479    1.593296  -0.230 1.297e+07  56.00     1.142656   2.0     2.735854   2.0 NBS  
   784.1679    783.9522    1.581296  -0.090 9.796e+06  56.00     3.097317   3.0     4.678516   4.0 CB   
   790.7923    790.5748    1.568050   0.250 6.322e+07  56.00     1.675727   2.0     3.243681   1.0 NBS  
   791.3511    791.1335    1.566943  -2.000 3.550e+05  56.00     0.000000   0.0     1.566846   1.0 NBS  
   821.2506    821.0249    1.509894  -0.080 1.645e+07  56.00     2.239338   1.0     3.749140   2.0 CB   
   856.2352    856.0000    1.448202  -0.080 1.513e+07  56.00     1.412943   2.0     2.861056   2.0 CB   
   880.2192    879.9775    1.408742  -0.400 3.808e+06  56.00     3.325021   3.0     4.733676   4.0 ESTM 
   886.3422    886.0989    1.399010  -1.050 1.513e+06  56.00     1.566846   1.0     2.965771   2.0 CB   
   891.7434    891.4986    1.390537  -1.030 2.609e+06  56.00     1.520895   0.0     2.911347   1.0 CB   
   922.2205    921.9675    1.344583  -1.100 2.077e+06  56.00     1.566846   1.0     2.911347   1.0 ESTM 
   945.8506    945.5912    1.310991  -1.100 5.922e+06  56.00     1.566846   1.0     2.877757   0.0 ESTM 
   959.1917    958.9287    1.292757  -1.000 1.450e+06  56.00     1.566846   1.0     2.859524   2.0 ESTM 
   961.1502    960.8866    1.290123  -0.600 3.627e+06  56.00     1.675727   2.0     2.965771   2.0 ESTM 
   964.8260    964.5614    1.285208   0.100 1.804e+07  56.00     3.097317   3.0     4.382446   2.0 ESTM 
   983.3020    983.0324    1.261059   0.200 1.093e+08  56.00     2.239338   1.0     3.500320   0.0 ESTM 
  1000.3840   1000.1098    1.239526   0.000 1.333e+07  56.00     2.845312   3.0     4.084761   2.0 ESTM 
  1003.4849   1003.2099    1.235695  -0.800 3.499e+06  56.00     1.675727   2.0     2.911347   1.0 ESTM 
  1023.6114   1023.3309    1.211399   0.000 9.094e+06  56.00     2.945701   4.0     4.157025   3.0 ESTM 
  1047.4141   1047.1272    1.183870  -1.100 9.659e+05  56.00     1.675727   2.0     2.859524   2.0 ESTM 
  1130.6147   1130.3052    1.096750  -0.600 4.369e+06  56.00     1.142656   2.0     2.239338   1.0 ESTM 
  1500.4016   1499.9917    0.826447  -0.300 4.950e+06  56.00     1.412943   2.0     2.239338   1.0 NBS  

Number of lines in output : 119
Parameter set used in search:
Lower wavelength limit: 200.0000 nm
Upper wavelength limit: 2000.0000 nm
Lower limit on log gf: -5.000 Upper limit on log gf: 3.000 Lower limit on energy for lower level: 0.000 cm^-1
Upper limit on energy for lower level: 1000000.000 cm^-1
Lower limit on energy for upper level: 0.000 cm^-1
Upper limit on energy for upper level: 1000000.000 cm^-1
Element list:
Ba I ( = 56.00 )
Search program by Claas Heise (heise@fz.telekom.de), Jan 17, 1996
