Number of lines in output : 35
--------------------------------------------------------------------------------------------------------
    Wl_vac      Wl_air    E_Photon   log_gf   A-Value   Elem. E_lower_lev.   J   E_upper_lev.   J   Ref.
     / nm        / nm        / eV              / 1/s   (Code)     / eV     lower     / eV     upper     
--------------------------------------------------------------------------------------------------------
   234.9329    234.8610    5.278110   0.230 6.841e+08   4.00     0.000000   0.0     5.277787   1.0 PST  
   249.5294    249.4542    4.969361  -0.674 7.564e+07   4.00     2.725143   0.0     7.694200   1.0 PST  
   249.5333    249.4581    4.969283  -0.804 5.607e+07   4.00     2.725223   1.0     7.694200   1.0 PST  
   249.5333    249.4581    4.969283  -0.324 1.016e+08   4.00     2.725223   1.0     7.694200   2.0 PST  
   249.5480    249.4728    4.968990  -1.974 3.790e+06   4.00     2.725514   2.0     7.694200   1.0 PST  
   249.5480    249.4728    4.968990  -0.804 3.364e+07   4.00     2.725514   2.0     7.694200   2.0 PST  
   249.5480    249.4728    4.968990  -0.054 1.351e+08   4.00     2.725514   2.0     7.694200   3.0 PST  
   265.1243    265.0454    4.677058  -0.304 9.424e+07   4.00     2.725223   1.0     7.401994   2.0 PST  
   265.1339    265.0550    4.676888  -0.394 1.277e+08   4.00     2.725143   0.0     7.401745   1.0 PST  
   265.1384    265.0595    4.676809  -0.524 9.464e+07   4.00     2.725223   1.0     7.401745   1.0 PST  
   265.1408    265.0619    4.676767   0.176 2.846e+08   4.00     2.725514   2.0     7.401994   2.0 PST  
   265.1484    265.0695    4.676633  -0.394 3.830e+08   4.00     2.725223   1.0     7.401569   0.0 PST  
   265.1549    265.0760    4.676518  -0.304 1.570e+08   4.00     2.725514   2.0     7.401745   1.0 PST  
   302.0176    301.9297    4.105726  -0.673 3.105e+07   4.00     7.304086   1.0    11.409560   2.0 LCV  
   302.0210    301.9331    4.105680  -0.193 9.377e+07   4.00     7.304133   2.0    11.409560   2.0 LCV  
   302.0371    301.9491    4.105462  -0.763 4.206e+07   4.00     7.304086   0.0    11.409296   1.0 LCV  
   302.0371    301.9491    4.105462  -0.893 3.118e+07   4.00     7.304086   1.0    11.409296   1.0 LCV  
   302.0406    301.9526    4.105415  -0.673 5.175e+07   4.00     7.304133   2.0    11.409296   1.0 LCV  
   302.0476    301.9596    4.105320  -0.763 1.262e+08   4.00     7.304086   1.0    11.409153   0.0 LCV  
   332.1966    332.1010    3.732735  -1.151 1.423e+07   4.00     2.725143   0.0     6.457649   1.0 PST  
   332.2037    332.1081    3.732655  -0.681 4.199e+07   4.00     2.725223   1.0     6.457649   1.0 PST  
   332.2296    332.1340    3.732364  -0.461 6.968e+07   4.00     2.725514   2.0     6.457649   1.0 PST  
   345.6173    345.5183    3.587789  -0.389 2.280e+08   4.00     5.277787   1.0     8.865355   0.0 LCV  
   351.6546    351.5541    3.526192  -0.910 1.327e+07   4.00     5.277787   1.0     8.803762   2.0 NBS  
   373.7359    373.6297    3.317855  -2.100 3.793e+06   4.00     5.277787   1.0     8.595438   0.0 NBS  
   381.4535    381.3453    3.250728  -0.600 2.303e+07   4.00     5.277787   1.0     8.528315   2.0 NBS  
   440.9175    440.7937    2.812321  -1.580 9.024e+06   4.00     5.277787   1.0     8.089936   0.0 NBS  
   457.3947    457.2665    2.711011   0.591 2.486e+08   4.00     5.277787   1.0     7.988631   2.0 PST  
   698.4665    698.2739    1.775320  -1.620 6.559e+05   4.00     5.277787   1.0     7.052998   2.0 LCV  
   825.6336    825.4067    1.501879  -0.353 4.341e+07   4.00     5.277787   1.0     6.779573   0.0 LCV  
   884.0365    883.7938    1.402659  -2.222 5.119e+05   4.00     7.462782   1.0     8.865355   0.0 LCV  
  1464.7959   1464.3956    0.846536   0.259 1.129e+07   4.00     6.457649   1.0     7.304133   2.0 PST  
  1464.8774   1464.4771    0.846488   0.039 1.133e+07   4.00     6.457649   1.0     7.304086   1.0 PST  
  1464.8774   1464.4771    0.846488  -0.431 1.152e+07   4.00     6.457649   1.0     7.304086   0.0 PST  
  1814.8557   1814.3602    0.683251  -0.026 6.358e+06   4.00     6.779573   0.0     7.462782   1.0 LCV  

Number of lines in output : 35
Parameter set used in search:
Lower wavelength limit: 200.0000 nm
Upper wavelength limit: 2000.0000 nm
Lower limit on log gf: -5.000 Upper limit on log gf: 3.000 Lower limit on energy for lower level: 0.000 cm^-1
Upper limit on energy for lower level: 1000000.000 cm^-1
Lower limit on energy for upper level: 0.000 cm^-1
Upper limit on energy for upper level: 1000000.000 cm^-1
Element list:
Be I ( = 4.00 )
Search program by Claas Heise (heise@fz.telekom.de), Jan 17, 1996
