Number of lines in output :  473
--------------------------------------------------------------------------------------------------------
    Wl_vac      Wl_air    E_Photon   log_gf   A-Value   Elem. E_lower_lev.   J   E_upper_lev.   J   Ref.
     / nm        / nm       / eV               / 1/s   (Code)     / eV     lower     / eV     upper     
--------------------------------------------------------------------------------------------------------
   210.3902    210.3235    5.893117  -0.664 8.166e+07  20.01     3.123560   0.5     9.017015   1.5 BWL  
   211.3426    211.2757    5.866561  -0.404 9.817e+07  20.01     3.151197   1.5     9.018094   2.5 BWL  
   211.3815    211.3146    5.865482  -1.364 1.614e+07  20.01     3.151197   1.5     9.017015   1.5 BWL  
   212.9422    212.8750    5.822491  -3.603 9.174e+04  20.01     1.692522   1.5     7.515348   1.5 BWL  
   213.2178    213.1505    5.814967  -2.643 8.345e+05  20.01     1.700047   2.5     7.515348   1.5 BWL  
   213.2977    213.2304    5.812788  -2.903 9.165e+05  20.01     1.692522   1.5     7.505644   0.5 BWL  
   219.8473    219.7787    5.639615  -1.346 3.111e+07  20.01     3.123560   0.5     8.763499   0.5 BWL  
   220.9300    220.8611    5.611980  -1.046 6.146e+07  20.01     3.151197   1.5     8.763499   0.5 BWL  
   265.9963    265.9172    4.661171  -2.239 1.359e+06  20.01     6.468311   0.5    11.129750   1.5 K88  
   266.0356    265.9565    4.660483  -2.540 1.359e+06  20.01     6.468311   0.5    11.129061   0.5 K88  
   278.5354    278.4532    4.451336  -1.368 9.211e+06  20.01     6.468311   0.5    10.919903   1.5 K88  
   278.5978    278.5156    4.450338  -1.669 9.207e+06  20.01     6.468311   0.5    10.918905   0.5 K88  
   289.8655    289.7806    4.277343  -1.295 6.708e+06  20.01     7.047644   1.5    11.325232   2.5 K88  
   290.0271    289.9421    4.274961  -1.141 7.164e+06  20.01     7.050026   2.5    11.325232   3.5 K88  
   290.0271    289.9421    4.274961  -2.442 4.776e+05  20.01     7.050026   2.5    11.325232   2.5 K88  
   299.6334    299.5460    4.137905  -1.168 1.261e+07  20.01     6.468311   0.5    10.606454   1.5 K88  
   299.7441    299.6567    4.136376  -1.469 1.261e+07  20.01     6.468311   0.5    10.604925   0.5 K88  
   299.7469    299.6595    4.136338  -3.064 1.602e+05  20.01     7.505644   0.5    11.642219   1.5 K88  
   300.4517    300.3641    4.126635  -3.764 3.181e+04  20.01     7.515348   1.5    11.642219   1.5 K88  
   300.4517    300.3641    4.126635  -2.810 1.907e+05  20.01     7.515348   1.5    11.642219   2.5 K88  
   302.1707    302.0827    4.103159  -3.634 4.242e+04  20.01     7.505644   0.5    11.609039   1.5 K88  
   302.8870    302.7988    4.093456  -3.380 5.051e+04  20.01     7.515348   1.5    11.609039   2.5 K88  
   302.8870    302.7988    4.093456  -4.334 8.424e+03  20.01     7.515348   1.5    11.609039   1.5 K88  
   303.7466    303.6582    4.081871  -3.229 1.067e+05  20.01     7.047644   1.5    11.129750   1.5 K88  
   303.7978    303.7094    4.081183  -2.530 1.066e+06  20.01     7.047644   1.5    11.129061   0.5 K88  
   303.9239    303.8355    4.079489  -2.275 9.584e+05  20.01     7.050026   2.5    11.129750   1.5 K88  
   305.2076    305.1189    4.062331  -1.999 1.794e+06  20.01     7.505644   0.5    11.568208   1.5 K88  
   305.9384    305.8495    4.052628  -1.745 2.137e+06  20.01     7.515348   1.5    11.568208   2.5 K88  
   305.9384    305.8495    4.052628  -2.699 3.563e+05  20.01     7.515348   1.5    11.568208   1.5 K88  
   309.1192    309.0295    4.010927  -3.288 8.991e+04  20.01     7.505644   0.5    11.516801   1.5 K88  
   309.8688    309.7789    4.001223  -3.033 1.073e+05  20.01     7.515348   1.5    11.516801   2.5 K88  
   309.8688    309.7789    4.001223  -3.988 1.785e+04  20.01     7.515348   1.5    11.516801   1.5 K88  
   312.4214    312.3308    3.968533  -1.051 1.013e+07  20.01     7.047644   1.5    11.016405   2.5 K88  
   312.6089    312.5183    3.966152  -0.896 1.084e+07  20.01     7.050026   2.5    11.016405   3.5 K88  
   312.6089    312.5183    3.966152  -2.197 7.227e+05  20.01     7.050026   2.5    11.016405   2.5 K88  
   314.2087    314.1177    3.945958  -1.699 3.378e+06  20.01     7.505644   0.5    11.451829   1.5 K88  
   314.9833    314.8921    3.936255  -2.399 6.706e+05  20.01     7.515348   1.5    11.451829   1.5 K88  
   314.9833    314.8921    3.936255  -1.445 4.022e+06  20.01     7.515348   1.5    11.451829   2.5 K88  
   315.9783    315.8869    3.923859   0.252 2.984e+08  20.01     3.123560   0.5     7.047644   1.5 BWL  
   318.0251    317.9331    3.898606   0.512 3.573e+08  20.01     3.151197   1.5     7.050026   2.5 BWL  
   318.2195    318.1275    3.896224  -0.448 5.870e+07  20.01     3.151197   1.5     7.047644   1.5 BWL  
   320.2073    320.1148    3.872037  -2.677 3.421e+05  20.01     7.047644   1.5    10.919903   1.5 K88  
   320.2898    320.1973    3.871039  -1.978 3.420e+06  20.01     7.047644   1.5    10.918905   0.5 K88  
   320.4044    320.3118    3.869655  -1.723 3.074e+06  20.01     7.050026   2.5    10.919903   1.5 K88  
   321.1409    321.0481    3.860780  -2.923 1.931e+05  20.01     7.505644   0.5    11.366646   1.5 K88  
   321.9501    321.8571    3.851077  -3.623 3.833e+04  20.01     7.515348   1.5    11.366646   1.5 K88  
   321.9501    321.8571    3.851077  -2.669 2.298e+05  20.01     7.515348   1.5    11.366646   2.5 K88  
   330.8968    330.8016    3.746952  -1.671 3.248e+06  20.01     7.505644   0.5    11.252811   1.5 K88  
   331.7462    331.6508    3.737358  -1.416 3.876e+06  20.01     7.515348   1.5    11.252920   2.5 K88  
   331.7559    331.6605    3.737248  -2.371 6.448e+05  20.01     7.515348   1.5    11.252811   1.5 K88  
   334.5846    334.4884    3.705653  -0.608 2.449e+07  20.01     7.047644   1.5    10.753510   2.5 K88  
   334.7997    334.7035    3.703272  -0.453 2.621e+07  20.01     7.050026   2.5    10.753510   3.5 K88  
   334.7997    334.7035    3.703272  -1.754 1.747e+06  20.01     7.050026   2.5    10.753510   2.5 K88  
   340.7071    340.6094    3.639062  -4.042 1.304e+04  20.01     6.468311   0.5    10.107582   1.5 BWL  
   340.9425    340.8447    3.636550  -4.342 1.305e+04  20.01     6.468311   0.5    10.105070   0.5 BWL  
   345.3645    345.2656    3.589987  -1.239 8.063e+06  20.01     7.505644   0.5    11.095838   1.5 K88  
   346.2862    346.1870    3.580433  -0.985 9.596e+06  20.01     7.515348   1.5    11.095986   2.5 K88  
   346.3006    346.2014    3.580284  -1.939 1.600e+06  20.01     7.515348   1.5    11.095838   1.5 K88  
   348.4102    348.3105    3.558605  -2.572 3.680e+05  20.01     7.047644   1.5    10.606454   1.5 K88  
   348.5599    348.4602    3.557077  -1.873 3.677e+06  20.01     7.047644   1.5    10.604925   0.5 K88  
   348.6436    348.5438    3.556224  -1.618 3.306e+06  20.01     7.050026   2.5    10.606454   1.5 K88  
   348.6616    348.5618    3.556040  -2.186 1.788e+06  20.01     7.505644   0.5    11.061888   0.5 K88  
   349.6155    349.5155    3.546337  -1.886 3.547e+06  20.01     7.515348   1.5    11.061888   0.5 K88  
   368.4747    368.3698    3.364830  -1.597 3.106e+06  20.01     7.505644   0.5    10.870667   1.5 K88  
   369.5158    369.4107    3.355349  -1.344 3.687e+06  20.01     7.515348   1.5    10.870889   2.5 K88  
   369.5402    369.4351    3.355127  -2.298 6.148e+05  20.01     7.515348   1.5    10.870667   1.5 K88  
   370.7079    370.6024    3.344559  -0.447 8.670e+07  20.01     3.123560   0.5     6.468311   0.5 BWL  
   373.7965    373.6902    3.316924  -0.147 1.701e+08  20.01     3.151197   1.5     6.468311   0.5 BWL  
   374.0437    373.9374    3.314731  -3.507 7.417e+04  20.01     7.505644   0.5    10.820565   0.5 K88  
   375.1419    375.0353    3.305028  -3.207 1.471e+05  20.01     7.515348   1.5    10.820565   0.5 K88  
   375.6739    375.5672    3.300347  -0.539 2.277e+07  20.01     7.047644   1.5    10.348181   2.5 K88  
   375.9452    375.8384    3.297966  -0.384 2.437e+07  20.01     7.050026   2.5    10.348181   3.5 K88  
   375.9452    375.8384    3.297966  -1.685 1.625e+06  20.01     7.050026   2.5    10.348181   2.5 K88  
   387.0330    386.9233    3.203485  -3.848 1.053e+04  20.01     8.438551   3.5    11.642219   2.5 K88  
   387.0330    386.9233    3.203485  -4.003 1.106e+04  20.01     8.438551   2.5    11.642219   1.5 K88  
   391.0834    390.9727    3.170306  -3.092 5.881e+04  20.01     8.438551   3.5    11.609039   2.5 K88  
   391.0834    390.9727    3.170306  -3.247 6.173e+04  20.01     8.438551   2.5    11.609039   1.5 K88  
   391.0834    390.9727    3.170306  -4.393 2.941e+03  20.01     8.438551   2.5    11.609039   2.5 K88  
   393.4777    393.3663    3.151016   0.134 1.466e+08  20.01     0.000000   0.5     3.151197   1.5 BWL  
   396.1857    396.0736    3.129478  -3.668 1.521e+04  20.01     8.438551   2.5    11.568208   2.5 K88  
   396.1857    396.0736    3.129478  -2.522 3.194e+05  20.01     8.438551   2.5    11.568208   1.5 K88  
   396.1857    396.0736    3.129478  -2.367 3.042e+05  20.01     8.438551   3.5    11.568208   2.5 K88  
   396.9592    396.8469    3.123380  -0.166 1.444e+08  20.01     0.000000   0.5     3.123560   0.5 BWL  
   402.8021    402.6883    3.078074  -4.020 9.815e+03  20.01     8.438551   2.5    11.516801   1.5 K88  
   402.8021    402.6883    3.078074  -3.865 9.350e+03  20.01     8.438551   3.5    11.516801   2.5 K88  
   405.5283    405.4138    3.057381  -4.056 8.913e+03  20.01     7.050026   2.5    10.107582   1.5 BWL  
   405.5456    405.4311    3.057250  -4.316 9.795e+03  20.01     7.047644   1.5    10.105070   0.5 BWL  
   409.8254    409.7098    3.025323  -2.606 2.460e+05  20.01     7.505644   0.5    10.531141   1.5 K88  
   411.0975    410.9815    3.015962  -2.351 2.931e+05  20.01     7.515348   1.5    10.531483   2.5 K88  
   411.1442    411.0282    3.015620  -3.306 4.876e+04  20.01     7.515348   1.5    10.531141   1.5 K88  
   411.4873    411.3712    3.013105  -3.654 1.456e+04  20.01     8.438551   2.5    11.451829   2.5 K88  
   411.4873    411.3712    3.013105  -2.352 2.919e+05  20.01     8.438551   3.5    11.451829   2.5 K88  
   411.4873    411.3712    3.013105  -2.508 3.057e+05  20.01     8.438551   2.5    11.451829   1.5 K88  
   420.7361    420.6176    2.946870  -2.210 1.162e+06  20.01     7.505644   0.5    10.452683   0.5 K88  
   422.1260    422.0071    2.937167  -1.910 2.303e+06  20.01     7.515348   1.5    10.452683   0.5 K88  
   423.4580    423.3388    2.927927  -4.634 1.440e+03  20.01     8.438551   2.5    11.366646   2.5 K88  
   423.4580    423.3388    2.927927  -3.334 2.873e+04  20.01     8.438551   3.5    11.366646   2.5 K88  
   423.4580    423.3388    2.927927  -3.487 3.030e+04  20.01     8.438551   2.5    11.366646   1.5 K88  
   440.5696    440.4459    2.814208  -2.547 1.625e+05  20.01     8.438551   3.5    11.252920   2.5 K88  
   440.5696    440.4459    2.814208  -3.847 8.146e+03  20.01     8.438551   2.5    11.252920   2.5 K88  
   440.5867    440.4630    2.814099  -2.701 1.710e+05  20.01     8.438551   2.5    11.252811   1.5 K88  
   447.3308    447.2053    2.771672  -2.694 1.686e+05  20.01     6.468311   0.5     9.240143   1.5 BWL  
   448.0690    447.9433    2.767106  -2.994 1.684e+05  20.01     6.468311   0.5     9.235576   0.5 BWL  
   449.0438    448.9179    2.761099  -2.157 2.880e+05  20.01     8.438551   3.5    11.199808   3.5 K88  
   449.0438    448.9179    2.761099  -0.726 7.771e+06  20.01     8.438551   2.5    11.199808   3.5 K88  
   449.0438    448.9179    2.761099  -0.613 8.064e+06  20.01     8.438551   3.5    11.199808   4.5 K88  
   466.5872    466.4566    2.657283  -3.381 2.124e+04  20.01     8.438551   2.5    11.095986   2.5 K88  
   466.5872    466.4566    2.657283  -2.080 4.247e+05  20.01     8.438551   3.5    11.095986   2.5 K88  
   466.6134    466.4828    2.657134  -2.235 4.458e+05  20.01     8.438551   2.5    11.095838   1.5 K88  
   471.8063    471.6743    2.627889  -0.938 5.760e+06  20.01     7.047644   1.5     9.675684   2.5 K88  
   472.2343    472.1022    2.625507  -0.783 6.162e+06  20.01     7.050026   2.5     9.675684   3.5 K88  
   472.2343    472.1022    2.625507  -2.084 4.108e+05  20.01     7.050026   2.5     9.675684   2.5 K88  
   480.1315    479.9973    2.582323  -2.013 3.510e+05  20.01     8.438551   3.5    11.021022   3.5 K88  
   480.1315    479.9973    2.582323  -0.582 9.469e+06  20.01     8.438551   2.5    11.021022   3.5 K88  
   480.1315    479.9973    2.582323  -0.469 9.827e+06  20.01     8.438551   3.5    11.021022   4.5 K88  
   500.2874    500.1479    2.478284  -0.517 2.026e+07  20.01     7.505644   0.5     9.984071   1.5 BWL  
   502.1371    501.9971    2.469155  -0.257 2.440e+07  20.01     7.515348   1.5     9.984645   2.5 BWL  
   502.2538    502.1138    2.468581  -1.217 4.011e+06  20.01     7.515348   1.5     9.984071   1.5 BWL  
   509.7668    509.6248    2.432199  -3.416 1.641e+04  20.01     8.438551   2.5    10.870889   2.5 K88  
   509.7668    509.6248    2.432199  -2.115 3.283e+05  20.01     8.438551   3.5    10.870889   2.5 K88  
   509.8134    509.6713    2.431977  -2.270 3.445e+05  20.01     8.438551   2.5    10.870667   1.5 K88  
   515.2095    515.0660    2.406505  -1.995 6.355e+05  20.01     9.235576   0.5    11.642219   1.5 K88  
   516.1889    516.0452    2.401939  -1.741 7.575e+05  20.01     9.240143   1.5    11.642219   2.5 K88  
   516.1889    516.0452    2.401939  -2.695 1.263e+05  20.01     9.240143   1.5    11.642219   1.5 K88  
   522.4120    522.2666    2.373327  -2.506 1.906e+05  20.01     9.235576   0.5    11.609039   1.5 K88  
   523.4191    523.2734    2.368760  -2.252 2.271e+05  20.01     9.240143   1.5    11.609039   2.5 K88  
   523.4191    523.2734    2.368760  -3.206 3.788e+04  20.01     9.240143   1.5    11.609039   1.5 K88  
   524.0044    523.8586    2.366115  -1.553 1.700e+06  20.01     8.763499   0.5    11.129750   1.5 K88  
   524.1568    524.0109    2.365426  -1.854 1.699e+06  20.01     8.763499   0.5    11.129061   0.5 K88  
   528.6737    528.5266    2.345217  -1.153 8.389e+06  20.01     7.505644   0.5     9.850996   0.5 BWL  
   530.8701    530.7224    2.335514  -0.853 1.660e+07  20.01     7.515348   1.5     9.850996   0.5 BWL  
   531.5563    531.4085    2.332498  -1.858 8.184e+05  20.01     9.235576   0.5    11.568208   1.5 K88  
   532.5990    532.4509    2.327932  -2.557 1.630e+05  20.01     9.240143   1.5    11.568208   1.5 K88  
   532.5990    532.4509    2.327932  -1.603 9.776e+05  20.01     9.240143   1.5    11.568208   2.5 K88  
   534.0673    533.9188    2.321532  -1.354 1.035e+06  20.01     8.438551   3.5    10.760216   4.5 K88  
   534.0673    533.9188    2.321532  -2.898 3.697e+04  20.01     8.438551   3.5    10.760216   3.5 K88  
   534.0673    533.9188    2.321532  -1.467 9.973e+05  20.01     8.438551   2.5    10.760216   3.5 K88  
   537.1789    537.0296    2.308084  -1.492 1.241e+06  20.01     9.017015   1.5    11.325232   2.5 K88  
   537.4301    537.2807    2.307006  -2.638 8.858e+04  20.01     9.018094   2.5    11.325232   2.5 K88  
   537.4301    537.2807    2.307006  -1.337 1.329e+06  20.01     9.018094   2.5    11.325232   3.5 K88  
   543.5349    543.3839    2.281094  -1.984 5.856e+05  20.01     9.235576   0.5    11.516801   1.5 K88  
   544.6252    544.4739    2.276528  -1.729 6.995e+05  20.01     9.240143   1.5    11.516801   2.5 K88  
   544.6252    544.4739    2.276528  -2.684 1.164e+05  20.01     9.240143   1.5    11.516801   1.5 K88  
   559.4694    559.3141    2.216126  -1.534 1.558e+06  20.01     9.235576   0.5    11.451829   1.5 K88  
   560.6245    560.4689    2.211559  -1.280 1.856e+06  20.01     9.240143   1.5    11.451829   2.5 K88  
   560.6245    560.4689    2.211559  -2.234 3.095e+05  20.01     9.240143   1.5    11.451829   1.5 K88  
   565.5309    565.3740    2.192373  -4.798 8.301e+02  20.01     7.047644   1.5     9.240143   1.5 BWL  
   566.1460    565.9889    2.189991  -3.838 7.555e+03  20.01     7.050026   2.5     9.240143   1.5 BWL  
   566.7112    566.5540    2.187806  -4.098 8.287e+03  20.01     7.047644   1.5     9.235576   0.5 BWL  
   568.9004    568.7426    2.179388  -1.356 1.513e+06  20.01     9.017015   1.5    11.196528   2.5 K88  
   569.1821    569.0242    2.178309  -1.201 1.620e+06  20.01     9.018094   2.5    11.196528   3.5 K88  
   569.1821    569.0242    2.178309  -2.502 1.080e+05  20.01     9.018094   2.5    11.196528   2.5 K88  
   574.9968    574.8374    2.156280  -0.978 5.306e+06  20.01     8.763499   0.5    10.919903   1.5 K88  
   575.2631    575.1036    2.155282  -1.279 5.301e+06  20.01     8.763499   0.5    10.918905   0.5 K88  
   581.8324    581.6711    2.130948  -2.855 6.878e+04  20.01     9.235576   0.5    11.366646   1.5 K88  
   583.0819    582.9203    2.126381  -3.555 1.366e+04  20.01     9.240143   1.5    11.366646   1.5 K88  
   583.0819    582.9203    2.126381  -2.600 8.213e+04  20.01     9.240143   1.5    11.366646   2.5 K88  
   586.8820    586.7194    2.112613  -2.638 1.114e+05  20.01     9.017015   1.5    11.129750   1.5 K88  
   587.0733    586.9106    2.111925  -1.939 1.114e+06  20.01     9.017015   1.5    11.129061   0.5 K88  
   587.1818    587.0191    2.111534  -1.684 1.001e+06  20.01     9.018094   2.5    11.129750   1.5 K88  
   592.4346    592.2705    2.092812  -4.165 2.166e+03  20.01     8.438551   2.5    10.531483   2.5 K88  
   592.4346    592.2705    2.092812  -2.864 4.332e+04  20.01     8.438551   3.5    10.531483   2.5 K88  
   592.5315    592.3674    2.092470  -3.019 4.546e+04  20.01     8.438551   2.5    10.531141   1.5 K88  
   614.6660    614.4959    2.017119  -1.198 2.798e+06  20.01     9.235576   0.5    11.252811   1.5 K88  
   616.0271    615.8567    2.012662  -0.944 3.333e+06  20.01     9.240143   1.5    11.252920   2.5 K88  
   616.0605    615.8901    2.012553  -1.898 5.557e+05  20.01     9.240143   1.5    11.252811   1.5 K88  
   620.1519    619.9804    1.999275  -0.532 8.491e+06  20.01     9.017015   1.5    11.016405   2.5 K88  
   620.4867    620.3151    1.998196  -0.378 9.069e+06  20.01     9.018094   2.5    11.016405   3.5 K88  
   620.4867    620.3151    1.998196  -1.679 6.047e+05  20.01     9.018094   2.5    11.016405   2.5 K88  
   630.5126    630.3383    1.966423  -3.402 1.108e+04  20.01     9.675684   2.5    11.642219   2.5 K88  
   630.5126    630.3383    1.966423  -2.256 2.326e+05  20.01     9.675684   2.5    11.642219   1.5 K88  
   630.5126    630.3383    1.966423  -2.101 2.216e+05  20.01     9.675684   3.5    11.642219   2.5 K88  
   641.3335    641.1563    1.933244  -4.486 8.827e+02  20.01     9.675684   2.5    11.609039   2.5 K88  
   641.3335    641.1563    1.933244  -3.340 1.853e+04  20.01     9.675684   2.5    11.609039   1.5 K88  
   641.3335    641.1563    1.933244  -3.185 1.765e+04  20.01     9.675684   3.5    11.609039   2.5 K88  
   645.8659    645.6875    1.919678  -0.539 5.778e+06  20.01     8.438551   2.5    10.358338   3.5 K88  
   645.8659    645.6875    1.919678  -0.426 5.996e+06  20.01     8.438551   3.5    10.358338   4.5 K88  
   645.8659    645.6875    1.919678  -1.970 2.142e+05  20.01     8.438551   3.5    10.358338   3.5 K88  
   651.6021    651.4221    1.902779  -2.143 2.826e+05  20.01     9.017015   1.5    10.919903   1.5 K88  
   651.9441    651.7640    1.901780  -1.444 2.823e+06  20.01     9.017015   1.5    10.918905   0.5 K88  
   651.9717    651.7916    1.901700  -1.189 2.539e+06  20.01     9.018094   2.5    10.919903   1.5 K88  
   655.1701    654.9892    1.892416  -2.061 2.250e+05  20.01     9.675684   3.5    11.568208   2.5 K88  
   655.1701    654.9892    1.892416  -2.216 2.362e+05  20.01     9.675684   2.5    11.568208   1.5 K88  
   655.1701    654.9892    1.892416  -3.363 1.123e+04  20.01     9.675684   2.5    11.568208   2.5 K88  
   666.5329    666.3489    1.860155  -1.093 3.030e+06  20.01     9.235576   0.5    11.095838   1.5 K88  
   668.1196    667.9352    1.855737  -0.839 3.608e+06  20.01     9.240143   1.5    11.095986   2.5 K88  
   668.1731    667.9887    1.855588  -1.793 6.016e+05  20.01     9.240143   1.5    11.095838   1.5 K88  
   672.7922    672.6065    1.842849  -0.877 4.890e+06  20.01     8.763499   0.5    10.606454   1.5 K88  
   673.3508    673.1650    1.841320  -1.179 4.871e+06  20.01     8.763499   0.5    10.604925   0.5 K88  
   673.4638    673.2779    1.841011  -3.825 3.667e+03  20.01     9.675684   2.5    11.516801   2.5 K88  
   673.4638    673.2779    1.841011  -2.679 7.699e+04  20.01     9.675684   2.5    11.516801   1.5 K88  
   673.4638    673.2779    1.841011  -2.524 7.334e+04  20.01     9.675684   3.5    11.516801   2.5 K88  
   678.9230    678.7357    1.826208  -1.971 7.735e+05  20.01     9.235576   0.5    11.061888   0.5 K88  
   680.6249    680.4371    1.821641  -1.671 1.536e+06  20.01     9.240143   1.5    11.061888   0.5 K88  
   698.0993    697.9068    1.776043  -3.194 1.459e+04  20.01     9.675684   2.5    11.451829   2.5 K88  
   698.0993    697.9068    1.776043  -2.048 3.064e+05  20.01     9.675684   2.5    11.451829   1.5 K88  
   698.0993    697.9068    1.776043  -1.893 2.918e+05  20.01     9.675684   3.5    11.451829   2.5 K88  
   714.0394    713.8426    1.736395  -0.423 8.232e+06  20.01     9.017015   1.5    10.753510   2.5 K88  
   714.4832    714.2863    1.735316  -1.569 5.875e+05  20.01     9.018094   2.5    10.753510   2.5 K88  
   714.4832    714.2863    1.735316  -0.268 8.812e+06  20.01     9.018094   2.5    10.753510   3.5 K88  
   733.2663    733.0643    1.690865  -3.992 3.159e+03  20.01     9.675684   2.5    11.366646   1.5 K88  
   733.2663    733.0643    1.690865  -3.840 2.988e+03  20.01     9.675684   3.5    11.366646   2.5 K88  
   757.7893    757.5807    1.636147  -0.606 2.878e+06  20.01     9.691844   3.5    11.328084   4.5 K88  
   757.7893    757.5807    1.636147  -2.249 6.547e+04  20.01     9.691844   4.5    11.328084   4.5 K88  
   757.7893    757.5807    1.636147  -0.517 2.943e+06  20.01     9.691844   4.5    11.328084   5.5 K88  
   758.3220    758.1133    1.634997  -2.333 1.347e+05  20.01     9.235576   0.5    10.870667   1.5 K88  
   759.1124    758.9035    1.633295  -2.405 5.694e+04  20.01     9.691844   4.5    11.325232   3.5 K88  
   759.1124    758.9035    1.633295  -3.949 1.627e+03  20.01     9.691844   3.5    11.325232   3.5 K88  
   759.1124    758.9035    1.633295  -2.517 5.866e+04  20.01     9.691844   3.5    11.325232   2.5 K88  
   760.3424    760.1331    1.630653  -2.080 1.599e+05  20.01     9.240143   1.5    10.870889   2.5 K88  
   760.4459    760.2366    1.630431  -3.034 2.666e+04  20.01     9.240143   1.5    10.870667   1.5 K88  
   780.1030    779.8884    1.589347  -2.005 2.709e+05  20.01     9.017015   1.5    10.606454   1.5 K88  
   780.6328    780.4181    1.588268  -1.051 2.433e+06  20.01     9.018094   2.5    10.606454   1.5 K88  
   780.8541    780.6393    1.587818  -1.307 2.697e+06  20.01     9.017015   1.5    10.604925   0.5 K88  
   782.2927    782.0775    1.584898  -4.000 5.450e+03  20.01     9.235576   0.5    10.820565   0.5 K88  
   784.5531    784.3373    1.580332  -3.700 1.081e+04  20.01     9.240143   1.5    10.820565   0.5 K88  
   786.1382    785.9220    1.577146  -1.703 3.564e+05  20.01     9.675684   3.5    11.252920   2.5 K88  
   786.1382    785.9220    1.577146  -3.004 1.782e+04  20.01     9.675684   2.5    11.252920   2.5 K88  
   786.1925    785.9763    1.577037  -1.858 3.741e+05  20.01     9.675684   2.5    11.252811   1.5 K88  
   801.9729    801.7524    1.546005  -3.361 7.528e+03  20.01     8.438551   2.5     9.984645   2.5 K88  
   801.9729    801.7524    1.546005  -2.060 1.505e+05  20.01     8.438551   3.5     9.984645   2.5 K88  
   802.2708    802.0502    1.545431  -2.215 1.579e+05  20.01     8.438551   2.5     9.984071   1.5 K88  
   806.6397    806.4179    1.537061  -1.902 3.211e+05  20.01    10.105070   0.5    11.642219   1.5 K88  
   807.9600    807.7379    1.534549  -1.647 3.839e+05  20.01    10.107582   1.5    11.642219   2.5 K88  
   807.9600    807.7379    1.534549  -2.602 6.387e+04  20.01    10.107582   1.5    11.642219   1.5 K88  
   813.5333    813.3097    1.524036  -0.232 5.907e+06  20.01     9.675684   3.5    11.199808   4.5 K88  
   813.5333    813.3097    1.524036  -0.345 5.692e+06  20.01     9.675684   2.5    11.199808   3.5 K88  
   813.5333    813.3097    1.524036  -1.776 2.110e+05  20.01     9.675684   3.5    11.199808   3.5 K88  
   820.3977    820.1722    1.511285   0.315 5.117e+07  20.01     7.505644   0.5     9.017015   1.5 BWL  
   821.9541    821.7282    1.508423  -0.148 5.851e+06  20.01     9.691844   4.5    11.200353   5.5 K88  
   821.9541    821.7282    1.508423  -1.880 1.301e+05  20.01     9.691844   4.5    11.200353   4.5 K88  
   821.9541    821.7282    1.508423  -0.237 5.720e+06  20.01     9.691844   3.5    11.200353   4.5 K88  
   824.0437    823.8172    1.504598  -3.243 9.356e+03  20.01     9.691844   3.5    11.196528   2.5 K88  
   824.0437    823.8172    1.504598  -3.131 9.081e+03  20.01     9.691844   4.5    11.196528   3.5 K88  
   824.0437    823.8172    1.504598  -4.675 2.595e+02  20.01     9.691844   3.5    11.196528   3.5 K88  
   824.4356    824.2090    1.503883  -1.661 5.355e+05  20.01    10.105070   0.5    11.609039   1.5 K88  
   825.1064    824.8796    1.502660   0.621 6.823e+07  20.01     7.515348   1.5     9.018094   2.5 K88  
   825.6990    825.4721    1.501581  -0.333 1.136e+07  20.01     7.515348   1.5     9.017015   1.5 K88  
   825.8149    825.5880    1.501371  -2.361 1.065e+05  20.01    10.107582   1.5    11.609039   1.5 K88  
   825.8149    825.5880    1.501371  -1.407 6.386e+05  20.01    10.107582   1.5    11.609039   2.5 K88  
   847.4426    847.2098    1.463054  -2.224 1.386e+05  20.01    10.105070   0.5    11.568208   1.5 K88  
   848.9001    848.6669    1.460542  -2.924 2.756e+04  20.01    10.107582   1.5    11.568208   1.5 K88  
   848.9001    848.6669    1.460542  -1.970 1.653e+05  20.01    10.107582   1.5    11.568208   2.5 K88  
   850.0358    849.8023    1.458591  -1.312 1.125e+06  20.01     1.692522   1.5     3.151197   1.5 BWL  
   854.4438    854.2091    1.451066  -0.362 9.924e+06  20.01     1.700047   2.5     3.151197   1.5 BWL  
   866.4520    866.2141    1.430956  -0.623 1.058e+07  20.01     1.692522   1.5     3.123560   0.5 BWL  
   873.0010    872.7613    1.420221  -2.676 3.076e+04  20.01     9.675684   2.5    11.095986   2.5 K88  
   873.0010    872.7613    1.420221  -1.375 6.151e+05  20.01     9.675684   3.5    11.095986   2.5 K88  
   873.0925    872.8528    1.420072  -1.530 6.456e+05  20.01     9.675684   2.5    11.095838   1.5 K88  
   878.3016    878.0605    1.411650  -1.395 8.705e+05  20.01    10.105070   0.5    11.516801   1.5 K88  
   879.8674    879.6258    1.409138  -1.141 1.038e+06  20.01    10.107582   1.5    11.516801   2.5 K88  
   879.8674    879.6258    1.409138  -2.095 1.731e+05  20.01    10.107582   1.5    11.516801   1.5 K88  
   891.4515    891.2068    1.390827   0.575 5.257e+07  20.01     7.047644   1.5     8.438551   2.5 K88  
   892.9807    892.7356    1.388445  -0.572 3.735e+06  20.01     7.050026   2.5     8.438551   2.5 K88  
   892.9807    892.7356    1.388445   0.729 5.602e+07  20.01     7.050026   2.5     8.438551   3.5 K88  
   920.6738    920.4212    1.346681  -1.652 4.384e+05  20.01    10.105070   0.5    11.451829   1.5 K88  
   921.6463    921.3934    1.345261  -0.829 1.455e+06  20.01     9.675684   2.5    11.021022   3.5 K88  
   921.6463    921.3934    1.345261  -2.260 5.394e+04  20.01     9.675684   3.5    11.021022   3.5 K88  
   921.6463    921.3934    1.345261  -0.716 1.510e+06  20.01     9.675684   3.5    11.021022   4.5 K88  
   922.3944    922.1413    1.344170  -1.397 5.238e+05  20.01    10.107582   1.5    11.451829   2.5 K88  
   922.3944    922.1413    1.344170  -2.351 8.734e+04  20.01    10.107582   1.5    11.451829   1.5 K88  
   922.5067    922.2536    1.344006  -2.138 1.426e+05  20.01     8.763499   0.5    10.107582   1.5 BWL  
   924.2341    923.9805    1.341494  -2.438 1.424e+05  20.01     8.763499   0.5    10.105070   0.5 BWL  
   931.4586    931.2031    1.331089  -1.091 1.039e+06  20.01     9.017015   1.5    10.348181   2.5 K88  
   932.2140    931.9583    1.330010  -2.237 7.412e+04  20.01     9.018094   2.5    10.348181   2.5 K88  
   932.2140    931.9583    1.330010  -0.937 1.109e+06  20.01     9.018094   2.5    10.348181   3.5 K88  
   932.3210    932.0652    1.329858  -2.036 7.063e+04  20.01     9.691844   4.5    11.021778   4.5 K88  
   932.3210    932.0652    1.329858  -0.304 3.176e+06  20.01     9.691844   4.5    11.021778   5.5 K88  
   932.3210    932.0652    1.329858  -0.393 3.105e+06  20.01     9.691844   3.5    11.021778   4.5 K88  
   936.1026    935.8458    1.324486  -3.772 1.608e+03  20.01     9.691844   3.5    11.016405   3.5 K88  
   936.1026    935.8458    1.324486  -2.227 5.641e+04  20.01     9.691844   4.5    11.016405   3.5 K88  
   936.1026    935.8458    1.324486  -2.340 5.799e+04  20.01     9.691844   3.5    11.016405   2.5 K88  
   957.0541    956.7917    1.295490  -0.822 2.743e+06  20.01     9.235576   0.5    10.531141   1.5 K88  
   958.1830    957.9202    1.293964  -1.980 1.902e+05  20.01    10.348181   2.5    11.642219   1.5 K88  
   958.1830    957.9202    1.293964  -3.126 9.059e+03  20.01    10.348181   2.5    11.642219   2.5 K88  
   958.1830    957.9202    1.293964  -1.825 1.812e+05  20.01    10.348181   3.5    11.642219   2.5 K88  
   960.1850    959.9217    1.291266  -0.568 3.260e+06  20.01     9.240143   1.5    10.531483   2.5 K88  
   960.4395    960.1761    1.290924  -1.522 5.434e+05  20.01     9.240143   1.5    10.531141   1.5 K88  
   969.6359    969.3700    1.278680  -0.965 1.922e+06  20.01     9.850996   0.5    11.129750   1.5 K88  
   970.1579    969.8919    1.277992  -1.267 1.916e+06  20.01     9.850996   0.5    11.129061   0.5 K88  
   982.8386    982.5692    1.261503  -1.494 5.535e+05  20.01    10.105070   0.5    11.366646   1.5 K88  
   983.3983    983.1287    1.260786  -3.255 6.390e+03  20.01    10.348181   2.5    11.609039   2.5 K88  
   983.3983    983.1287    1.260786  -2.109 1.342e+05  20.01    10.348181   2.5    11.609039   1.5 K88  
   983.3983    983.1287    1.260786  -1.954 1.278e+05  20.01    10.348181   3.5    11.609039   2.5 K88  
   984.7997    984.5297    1.258992  -1.240 6.596e+05  20.01    10.107582   1.5    11.366646   2.5 K88  
   984.7997    984.5297    1.258992  -2.194 1.100e+05  20.01    10.107582   1.5    11.366646   1.5 K88  
   985.7461    985.4759    1.257783  -0.228 2.030e+07  20.01     7.505644   0.5     8.763499   0.5 BWL  
   989.3340    989.0628    1.253221  -0.601 2.135e+06  20.01     8.438551   3.5     9.691844   3.5 K88  
   989.3340    989.0628    1.253221   0.830 5.759e+07  20.01     8.438551   2.5     9.691844   3.5 K88  
   989.3340    989.0628    1.253221   0.943 5.976e+07  20.01     8.438551   3.5     9.691844   4.5 K88  
   993.4097    993.1374    1.248080   0.072 3.989e+07  20.01     7.515348   1.5     8.763499   0.5 BWL  
  1016.3097   1016.0312    1.219957  -3.395 4.334e+03  20.01    10.348181   2.5    11.568208   2.5 K88  
  1016.3097   1016.0312    1.219957  -2.249 9.099e+04  20.01    10.348181   2.5    11.568208   1.5 K88  
  1016.3097   1016.0312    1.219957  -2.094 8.668e+04  20.01    10.348181   3.5    11.568208   2.5 K88  
  1018.7481   1018.4689    1.217037  -1.321 1.534e+06  20.01     9.235576   0.5    10.452683   0.5 K88  
  1022.5848   1022.3046    1.212471  -1.022 3.032e+06  20.01     9.240143   1.5    10.452683   0.5 K88  
  1022.6549   1022.3747    1.212388  -0.563 2.907e+06  20.01     9.984071   1.5    11.196528   2.5 K88  
  1023.1394   1022.8590    1.211814  -0.408 3.113e+06  20.01     9.984645   2.5    11.196528   3.5 K88  
  1023.1394   1022.8590    1.211814  -1.709 2.075e+05  20.01     9.984645   2.5    11.196528   2.5 K88  
  1037.4165   1037.1323    1.195137  -1.603 2.577e+05  20.01     9.675684   3.5    10.870889   2.5 K88  
  1037.4165   1037.1323    1.195137  -2.904 1.288e+04  20.01     9.675684   2.5    10.870889   2.5 K88  
  1037.6092   1037.3249    1.194915  -1.758 2.704e+05  20.01     9.675684   2.5    10.870667   1.5 K88  
  1061.0169   1060.7263    1.168553  -1.754 1.740e+05  20.01    10.348181   3.5    11.516801   2.5 K88  
  1061.0169   1060.7263    1.168553  -3.055 8.700e+03  20.01    10.348181   2.5    11.516801   2.5 K88  
  1061.0169   1060.7263    1.168553  -1.909 1.827e+05  20.01    10.348181   2.5    11.516801   1.5 K88  
  1080.3185   1080.0226    1.147675  -0.857 1.986e+06  20.01    10.105070   0.5    11.252811   1.5 K88  
  1082.2628   1081.9664    1.145613  -2.028 1.335e+05  20.01     9.984071   1.5    11.129750   1.5 K88  
  1082.5850   1082.2885    1.145272  -0.603 2.366e+06  20.01    10.107582   1.5    11.252920   2.5 K88  
  1082.6881   1082.3916    1.145163  -1.557 3.945e+05  20.01    10.107582   1.5    11.252811   1.5 K88  
  1082.8053   1082.5088    1.145039  -1.074 1.199e+06  20.01     9.984645   2.5    11.129750   1.5 K88  
  1082.9133   1082.6167    1.144925  -1.330 1.330e+06  20.01     9.984071   1.5    11.129061   0.5 K88  
  1123.4794   1123.1718    1.103584  -2.961 9.635e+03  20.01    10.348181   2.5    11.451829   2.5 K88  
  1123.4794   1123.1718    1.103584  -1.660 1.927e+05  20.01    10.348181   3.5    11.451829   2.5 K88  
  1123.4794   1123.1718    1.103584  -1.815 2.023e+05  20.01    10.348181   2.5    11.451829   1.5 K88  
  1136.9554   1136.6442    1.090504  -4.213 7.899e+02  20.01     9.017015   1.5    10.107582   1.5 BWL  
  1138.0811   1137.7696    1.089425  -3.253 7.190e+03  20.01     9.018094   2.5    10.107582   1.5 BWL  
  1139.5803   1139.2684    1.087992  -3.513 7.881e+03  20.01     9.017015   1.5    10.105070   0.5 BWL  
  1143.2818   1142.9689    1.084470  -0.410 1.985e+06  20.01     9.675684   3.5    10.760216   4.5 K88  
  1143.2818   1142.9689    1.084470  -0.522 1.917e+06  20.01     9.675684   2.5    10.760216   3.5 K88  
  1143.2818   1142.9689    1.084470  -1.954 7.091e+04  20.01     9.675684   3.5    10.760216   3.5 K88  
  1159.3974   1159.0801    1.069395  -1.027 3.886e+05  20.01     9.691844   4.5    10.761301   5.5 K88  
  1159.3974   1159.0801    1.069395  -1.116 3.799e+05  20.01     9.691844   3.5    10.761301   4.5 K88  
  1159.3974   1159.0801    1.069395  -2.760 8.623e+03  20.01     9.691844   4.5    10.761301   4.5 K88  
  1159.9933   1159.6758    1.068846  -0.623 2.952e+06  20.01     9.850996   0.5    10.919903   1.5 K88  
  1161.0775   1160.7597    1.067848  -0.924 2.947e+06  20.01     9.850996   0.5    10.918905   0.5 K88  
  1167.9050   1167.5854    1.061605  -2.859 8.457e+03  20.01     9.691844   3.5    10.753510   3.5 K88  
  1167.9050   1167.5854    1.061605  -1.315 2.960e+05  20.01     9.691844   4.5    10.753510   3.5 K88  
  1167.9050   1167.5854    1.061605  -1.428 3.042e+05  20.01     9.691844   3.5    10.753510   2.5 K88  
  1184.2237   1183.8997    1.046976   0.300 2.372e+07  20.01     6.468311   0.5     7.515348   1.5 BWL  
  1195.3016   1194.9745    1.037273   0.000 2.334e+07  20.01     6.468311   0.5     7.505644   0.5 BWL  
  1195.3458   1195.0187    1.037235  -2.975 1.236e+04  20.01    10.604925   0.5    11.642219   1.5 K88  
  1197.1101   1196.7826    1.035706  -2.720 1.478e+04  20.01    10.606454   1.5    11.642219   2.5 K88  
  1197.1101   1196.7826    1.035706  -3.674 2.465e+03  20.01    10.606454   1.5    11.642219   1.5 K88  
  1201.0886   1200.7600    1.032275  -0.240 4.434e+06  20.01     9.984071   1.5    11.016405   2.5 K88  
  1201.7570   1201.4282    1.031701  -0.086 4.736e+06  20.01     9.984645   2.5    11.016405   3.5 K88  
  1201.7570   1201.4282    1.031701  -1.387 3.157e+05  20.01     9.984645   2.5    11.016405   2.5 K88  
  1217.4455   1217.1124    1.018406  -2.531 3.313e+04  20.01    10.348181   2.5    11.366646   1.5 K88  
  1217.4455   1217.1124    1.018406  -2.375 3.163e+04  20.01    10.348181   3.5    11.366646   2.5 K88  
  1217.4455   1217.1124    1.018406  -3.677 1.578e+03  20.01    10.348181   2.5    11.366646   2.5 K88  
  1234.8454   1234.5076    1.004056  -1.311 5.344e+05  20.01    10.604925   0.5    11.609039   1.5 K88  
  1236.7284   1236.3901    1.002528  -2.011 1.063e+05  20.01    10.606454   1.5    11.609039   1.5 K88  
  1236.7284   1236.3901    1.002528  -1.057 6.374e+05  20.01    10.606454   1.5    11.609039   2.5 K88  
  1251.4799   1251.1376    0.990711  -1.248 6.015e+05  20.01    10.105070   0.5    11.095838   1.5 K88  
  1254.4722   1254.1291    0.988347  -0.994 7.162e+05  20.01    10.107582   1.5    11.095986   2.5 K88  
  1254.6611   1254.3179    0.988199  -1.948 1.194e+05  20.01    10.107582   1.5    11.095838   1.5 K88  
  1278.6089   1278.2592    0.969690  -0.430 1.516e+06  20.01    10.358338   3.5    11.328084   4.5 K88  
  1278.6089   1278.2592    0.969690  -2.073 3.449e+04  20.01    10.358338   4.5    11.328084   4.5 K88  
  1278.6089   1278.2592    0.969690  -0.341 1.550e+06  20.01    10.358338   4.5    11.328084   5.5 K88  
  1282.3801   1282.0294    0.966838  -2.203 4.236e+04  20.01    10.358338   3.5    11.325232   2.5 K88  
  1282.3801   1282.0294    0.966838  -3.634 1.178e+03  20.01    10.358338   3.5    11.325232   3.5 K88  
  1282.3801   1282.0294    0.966838  -2.090 4.121e+04  20.01    10.358338   4.5    11.325232   3.5 K88  
  1287.1868   1286.8348    0.963228  -2.694 2.036e+04  20.01    10.604925   0.5    11.568208   1.5 K88  
  1289.2330   1288.8804    0.961699  -2.439 2.434e+04  20.01    10.606454   1.5    11.568208   2.5 K88  
  1289.2330   1288.8804    0.961699  -3.394 4.050e+03  20.01    10.606454   1.5    11.568208   1.5 K88  
  1295.8840   1295.5296    0.956763  -2.052 1.762e+05  20.01    10.105070   0.5    11.061888   0.5 K88  
  1299.2953   1298.9400    0.954251  -1.752 3.497e+05  20.01    10.107582   1.5    11.061888   0.5 K88  
  1324.9438   1324.5815    0.935779  -1.637 2.191e+05  20.01     9.984071   1.5    10.919903   1.5 K88  
  1325.7571   1325.3946    0.935205  -0.683 1.969e+06  20.01     9.984645   2.5    10.919903   1.5 K88  
  1326.3584   1325.9958    0.934781  -0.939 2.182e+06  20.01     9.984071   1.5    10.918905   0.5 K88  
  1359.7524   1359.3807    0.911824  -1.082 7.467e+05  20.01    10.604925   0.5    11.516801   1.5 K88  
  1362.0359   1361.6636    0.910295  -1.781 1.488e+05  20.01    10.606454   1.5    11.516801   1.5 K88  
  1362.0359   1361.6636    0.910295  -0.827 8.925e+05  20.01    10.606454   1.5    11.516801   2.5 K88  
  1370.4788   1370.1042    0.904687  -2.350 2.644e+04  20.01    10.348181   2.5    11.252920   2.5 K88  
  1370.4788   1370.1042    0.904687  -1.049 5.287e+05  20.01    10.348181   3.5    11.252920   2.5 K88  
  1370.6441   1370.2694    0.904578  -1.203 5.562e+05  20.01    10.348181   2.5    11.252811   1.5 K88  
  1395.1982   1394.8169    0.888658  -3.533 1.674e+03  20.01    10.753510   2.5    11.642219   2.5 K88  
  1395.1982   1394.8169    0.888658  -2.232 3.347e+04  20.01    10.753510   3.5    11.642219   2.5 K88  
  1395.1982   1394.8169    0.888658  -2.387 3.514e+04  20.01    10.753510   2.5    11.642219   1.5 K88  
  1448.8512   1448.4553    0.855750  -2.684 1.096e+04  20.01     9.675684   3.5    10.531483   2.5 K88  
  1448.8512   1448.4553    0.855750  -3.985 5.482e+02  20.01     9.675684   2.5    10.531483   2.5 K88  
  1449.3090   1448.9129    0.855480  -1.566 2.156e+05  20.01    10.753510   2.5    11.609039   1.5 K88  
  1449.3090   1448.9129    0.855480  -2.712 1.027e+04  20.01    10.753510   2.5    11.609039   2.5 K88  
  1449.3090   1448.9129    0.855480  -1.411 2.054e+05  20.01    10.753510   3.5    11.609039   2.5 K88  
  1449.4308   1449.0347    0.855408  -2.840 1.147e+04  20.01     9.675684   2.5    10.531141   1.5 K88  
  1455.9496   1455.5517    0.851578  -0.289 1.617e+06  20.01    10.348181   3.5    11.199808   4.5 K88  
  1455.9496   1455.5517    0.851578  -1.833 5.778e+04  20.01    10.348181   3.5    11.199808   3.5 K88  
  1455.9496   1455.5517    0.851578  -0.402 1.559e+06  20.01    10.348181   2.5    11.199808   3.5 K88  
  1464.0689   1463.6688    0.846855  -3.602 1.945e+03  20.01    10.604925   0.5    11.451829   1.5 K88  
  1466.7166   1466.3158    0.845327  -3.348 2.319e+03  20.01    10.606454   1.5    11.451829   2.5 K88  
  1466.7166   1466.3158    0.845327  -4.301 3.876e+02  20.01    10.606454   1.5    11.451829   1.5 K88  
  1472.5697   1472.1673    0.841967   0.132 3.474e+06  20.01    10.358338   4.5    11.200353   5.5 K88  
  1472.5697   1472.1673    0.841967   0.043 3.396e+06  20.01    10.358338   3.5    11.200353   4.5 K88  
  1472.5697   1472.1673    0.841967  -1.600 7.726e+04  20.01    10.358338   4.5    11.200353   4.5 K88  
  1475.1504   1474.7473    0.840494  -1.849 3.616e+04  20.01    10.359976   5.5    11.200518   5.5 K88  
  1475.1504   1474.7473    0.840494   0.038 2.390e+06  20.01    10.359976   5.5    11.200518   6.5 K88  
  1475.1504   1474.7473    0.840494  -0.036 2.351e+06  20.01    10.359976   4.5    11.200518   5.5 K88  
  1476.3983   1475.9949    0.839783  -2.269 2.059e+04  20.01    10.359976   4.5    11.199808   3.5 K88  
  1476.3983   1475.9949    0.839783  -3.912 3.747e+02  20.01    10.359976   4.5    11.199808   4.5 K88  
  1476.3983   1475.9949    0.839783  -2.180 2.022e+04  20.01    10.359976   5.5    11.199808   4.5 K88  
  1479.2899   1478.8857    0.838142  -3.588 9.839e+02  20.01    10.358338   3.5    11.196528   3.5 K88  
  1479.2899   1478.8857    0.838142  -2.043 3.451e+04  20.01    10.358338   4.5    11.196528   3.5 K88  
  1479.2899   1478.8857    0.838142  -2.156 3.547e+04  20.01    10.358338   3.5    11.196528   2.5 K88  
  1521.9449   1521.5291    0.814651  -3.596 1.825e+03  20.01    10.753510   2.5    11.568208   1.5 K88  
  1521.9449   1521.5291    0.814651  -3.441 1.739e+03  20.01    10.753510   3.5    11.568208   2.5 K88  
  1521.9449   1521.5291    0.814651  -4.742 8.693e+01  20.01    10.753510   2.5    11.568208   2.5 K88  
  1561.4387   1561.0122    0.794046  -0.819 6.917e+05  20.01    10.531141   1.5    11.325232   2.5 K88  
  1562.1119   1561.6852    0.793704  -1.965 4.938e+04  20.01    10.531483   2.5    11.325232   2.5 K88  
  1562.1119   1561.6852    0.793704  -0.664 7.406e+05  20.01    10.531483   2.5    11.325232   3.5 K88  
  1611.4659   1611.0258    0.769395  -0.796 6.848e+05  20.01     9.984071   1.5    10.753510   2.5 K88  
  1612.6692   1612.2287    0.768821  -0.641 7.327e+05  20.01     9.984645   2.5    10.753510   3.5 K88  
  1612.6692   1612.2287    0.768821  -1.942 4.885e+04  20.01     9.984645   2.5    10.753510   2.5 K88  
  1619.5538   1619.1115    0.765553  -1.044 5.745e+05  20.01    10.105070   0.5    10.870667   1.5 K88  
  1624.4130   1623.9693    0.763263  -0.790 6.833e+05  20.01    10.107582   1.5    10.870889   2.5 K88  
  1624.4473   1624.0036    0.763247  -1.207 2.616e+05  20.01    10.753510   3.5    11.516801   2.5 K88  
  1624.4473   1624.0036    0.763247  -2.508 1.308e+04  20.01    10.753510   2.5    11.516801   2.5 K88  
  1624.4473   1624.0036    0.763247  -1.362 2.746e+05  20.01    10.753510   2.5    11.516801   1.5 K88  
  1624.8855   1624.4417    0.763041  -1.745 1.136e+05  20.01    10.107582   1.5    10.870667   1.5 K88  
  1627.7949   1627.3503    0.761677  -0.793 1.014e+06  20.01    10.604925   0.5    11.366646   1.5 K88  
  1631.0686   1630.6231    0.760149  -0.538 1.211e+06  20.01    10.606454   1.5    11.366646   2.5 K88  
  1631.0686   1630.6231    0.760149  -1.493 2.014e+05  20.01    10.606454   1.5    11.366646   1.5 K88  
  1641.2895   1640.8413    0.755415  -0.756 1.086e+06  20.01     9.850996   0.5    10.606454   1.5 K88  
  1644.6179   1644.1687    0.753886  -1.058 1.079e+06  20.01     9.850996   0.5    10.604925   0.5 K88  
  1656.5589   1656.1065    0.748452   0.366 1.411e+07  20.01     9.235576   0.5     9.984071   1.5 BWL  
  1658.0861   1657.6333    0.747762  -2.234 2.359e+04  20.01    10.348181   2.5    11.095986   2.5 K88  
  1658.0861   1657.6333    0.747762  -0.933 4.718e+05  20.01    10.348181   3.5    11.095986   2.5 K88  
  1658.4160   1657.9631    0.747614  -1.088 4.951e+05  20.01    10.348181   2.5    11.095838   1.5 K88  
  1665.4425   1664.9877    0.744459   0.626 1.694e+07  20.01     9.240143   1.5     9.984645   2.5 BWL  
  1666.7278   1666.2726    0.743885  -0.334 2.782e+06  20.01     9.240143   1.5     9.984071   1.5 BWL  
  1714.2279   1713.7598    0.723273  -1.722 1.076e+05  20.01    10.918905   0.5    11.642219   1.5 K88  
  1716.5967   1716.1280    0.722275  -1.468 1.284e+05  20.01    10.919903   1.5    11.642219   2.5 K88  
  1716.5967   1716.1280    0.722275  -2.422 2.142e+04  20.01    10.919903   1.5    11.642219   1.5 K88  
  1732.9611   1732.4879    0.715454  -1.567 3.010e+05  20.01    10.105070   0.5    10.820565   0.5 K88  
  1739.0669   1738.5921    0.712942  -1.267 5.963e+05  20.01    10.107582   1.5    10.820565   0.5 K88  
  1775.5871   1775.1023    0.698279  -2.079 4.409e+04  20.01    10.753510   2.5    11.451829   1.5 K88  
  1775.5871   1775.1023    0.698279  -3.225 2.100e+03  20.01    10.753510   2.5    11.451829   2.5 K88  
  1775.5871   1775.1023    0.698279  -1.924 4.200e+04  20.01    10.753510   3.5    11.451829   2.5 K88  
  1796.6449   1796.1544    0.690094  -1.405 2.033e+05  20.01    10.918905   0.5    11.609039   1.5 K88  
  1799.2472   1798.7560    0.689096  -1.150 2.431e+05  20.01    10.919903   1.5    11.609039   2.5 K88  
  1799.2472   1798.7560    0.689096  -2.104 4.054e+04  20.01    10.919903   1.5    11.609039   1.5 K88  
  1816.3292   1815.8333    0.682615   0.978 1.922e+07  20.01     9.675684   3.5    10.358338   4.5 K88  
  1816.3292   1815.8333    0.682615   0.865 1.852e+07  20.01     9.675684   2.5    10.358338   3.5 K88  
  1816.3292   1815.8333    0.682615  -0.566 6.865e+05  20.01     9.675684   3.5    10.358338   3.5 K88  
  1831.3207   1830.8208    0.677027  -0.463 1.712e+06  20.01    10.452683   0.5    11.129750   1.5 K88  
  1833.1839   1832.6835    0.676339  -0.764 1.709e+06  20.01    10.452683   0.5    11.129061   0.5 K88  
  1842.8221   1842.3190    0.672802  -0.700 4.899e+05  20.01    10.348181   2.5    11.021022   3.5 K88  
  1842.8221   1842.3190    0.672802  -0.587 5.083e+05  20.01    10.348181   3.5    11.021022   4.5 K88  
  1842.8221   1842.3190    0.672802  -2.132 1.812e+04  20.01    10.348181   3.5    11.021022   3.5 K88  
  1855.8075   1855.3009    0.668094   0.891 1.507e+07  20.01     9.691844   3.5    10.359976   4.5 K88  
  1855.8075   1855.3009    0.668094  -0.753 3.420e+05  20.01     9.691844   4.5    10.359976   4.5 K88  
  1855.8075   1855.3009    0.668094   0.979 1.538e+07  20.01     9.691844   4.5    10.359976   5.5 K88  
  1863.4640   1862.9553    0.665349  -0.094 2.578e+06  20.01    10.531141   1.5    11.196528   2.5 K88  
  1864.4228   1863.9139    0.665007   0.061 2.760e+06  20.01    10.531483   2.5    11.196528   3.5 K88  
  1864.4228   1863.9139    0.665007  -1.240 1.840e+05  20.01    10.531483   2.5    11.196528   2.5 K88  
  1868.9353   1868.4251    0.663401  -4.979 2.004e+01  20.01    10.358338   4.5    11.021778   4.5 K88  
  1868.9353   1868.4251    0.663401  -3.246 9.031e+02  20.01    10.358338   4.5    11.021778   5.5 K88  
  1868.9353   1868.4251    0.663401  -3.335 8.830e+02  20.01    10.358338   3.5    11.021778   4.5 K88  
  1872.9258   1872.4145    0.661988  -1.553 4.435e+04  20.01    10.359976   5.5    11.022002   5.5 K88  
  1872.9258   1872.4145    0.661988   0.260 2.883e+06  20.01    10.359976   4.5    11.022002   5.5 K88  
  1872.9258   1872.4145    0.661988   0.334 2.931e+06  20.01    10.359976   5.5    11.022002   6.5 K88  
  1875.7045   1875.1925    0.661007  -1.814 2.909e+04  20.01    10.359976   5.5    11.021022   4.5 K88  
  1875.7045   1875.1925    0.661007  -1.903 2.963e+04  20.01    10.359976   4.5    11.021022   3.5 K88  
  1875.7045   1875.1925    0.661007  -3.546 5.393e+02  20.01    10.359976   4.5    11.021022   4.5 K88  
  1882.4735   1881.9596    0.658630   0.724 1.662e+07  20.01     9.017015   1.5     9.675684   2.5 K88  
  1884.1937   1883.6794    0.658029  -0.848 3.333e+05  20.01    10.358338   4.5    11.016405   3.5 K88  
  1884.1937   1883.6794    0.658029  -0.961 3.425e+05  20.01    10.358338   3.5    11.016405   2.5 K88  
  1884.1937   1883.6794    0.658029  -2.392 9.523e+03  20.01    10.358338   3.5    11.016405   3.5 K88  
  1885.5615   1885.0468    0.657552  -0.423 1.181e+06  20.01     9.018094   2.5     9.675684   2.5 K88  
  1885.5615   1885.0468    0.657552   0.878 1.771e+07  20.01     9.018094   2.5     9.675684   3.5 K88  
  1889.1593   1888.6436    0.656300  -0.671 4.983e+05  20.01     9.691844   4.5    10.348181   3.5 K88  
  1889.1593   1888.6436    0.656300  -0.784 5.122e+05  20.01     9.691844   3.5    10.348181   2.5 K88  
  1889.1593   1888.6436    0.656300  -2.215 1.424e+04  20.01     9.691844   3.5    10.348181   3.5 K88  
  1909.6250   1909.1038    0.649266  -1.197 2.905e+05  20.01    10.918905   0.5    11.568208   1.5 K88  
  1912.5651   1912.0431    0.648268  -0.943 3.465e+05  20.01    10.919903   1.5    11.568208   2.5 K88  
  1912.5651   1912.0431    0.648268  -1.897 5.779e+04  20.01    10.919903   1.5    11.568208   1.5 K88  
  1913.8024   1913.2800    0.647849  -0.755 8.003e+05  20.01    10.604925   0.5    11.252811   1.5 K88  
  1918.0052   1917.4817    0.646429  -0.501 9.534e+05  20.01    10.606454   1.5    11.252920   2.5 K88  
  1918.3290   1917.8054    0.646320  -1.455 1.589e+05  20.01    10.606454   1.5    11.252811   1.5 K88  
  1981.3005   1980.7597    0.625778  -3.533 8.300e+02  20.01    11.016405   2.5    11.642219   2.5 K88  
  1981.3005   1980.7597    0.625778  -2.232 1.660e+04  20.01    11.016405   3.5    11.642219   2.5 K88  
  1981.3005   1980.7597    0.625778  -2.386 1.746e+04  20.01    11.016405   2.5    11.642219   1.5 K88  
  1992.2223   1991.6786    0.622347  -1.499 1.332e+05  20.01     9.984071   1.5    10.606454   1.5 K88  
  1994.0617   1993.5175    0.621773  -0.545 1.196e+06  20.01     9.984645   2.5    10.606454   1.5 K88  
  1997.1282   1996.5831    0.620819  -0.801 1.322e+06  20.01     9.984071   1.5    10.604925   0.5 K88  

Number of lines in output :  473

Parameter set used in search:

Lower wavelength limit:    200.0000 nm
Upper wavelength limit:   2000.0000 nm
Lower limit on log gf:  -5.000
Upper limit on log gf:   2.000
Lower limit on energy for lower level:        0.000 cm^-1
Upper limit on energy for lower level:  1000000.000 cm^-1
Lower limit on energy for upper level:        0.000 cm^-1
Upper limit on energy for upper level:  1000000.000 cm^-1

Element list:

Ca II        ( = 20.01 )

Search program by Claas Heise (heise@fz.telekom.de), Jan 17, 1996



