Number of lines in output :  383
--------------------------------------------------------------------------------------------------------
    Wl_vac      Wl_air    E_Photon   log_gf   A-Value   Elem. E_lower_lev.   J   E_upper_lev.   J   Ref.
     / nm        / nm       / eV               / 1/s   (Code)     / eV     lower     / eV     upper     
--------------------------------------------------------------------------------------------------------
   202.4977    202.4325    6.122805  -0.960 8.918e+07  29.00     0.000000   0.5     6.123157   0.5 CORL 
   202.4990    202.4338    6.122767  -0.660 8.897e+07  29.00     0.000000   0.5     6.123118   1.5 CORL 
   213.9214    213.8540    5.795841  -1.744 6.570e+06  29.00     1.389035   2.5     7.185209   1.5 BIEL 
   216.5776    216.5096    5.724760  -0.783 5.859e+07  29.00     0.000000   0.5     5.725089   1.5 BIEL 
   217.9632    217.8949    5.688367  -0.572 9.404e+07  29.00     0.000000   0.5     5.688693   1.5 BIEL 
   218.2405    218.1722    5.681137  -0.797 1.117e+08  29.00     0.000000   0.5     5.681463   0.5 BIEL 
   220.0273    219.9586    5.635004  -1.126 1.718e+07  29.00     1.389035   2.5     7.024362   2.5 BIEL 
   220.0441    219.9754    5.634573  -0.040 3.141e+08  29.00     1.642334   1.5     7.277230   1.5 CORL 
   221.5272    221.4582    5.596848  -1.542 9.755e+06  29.00     1.389035   2.5     6.986205   1.5 BIEL 
   222.6397    222.5705    5.568882  -1.147 4.796e+07  29.00     0.000000   0.5     5.569201   0.5 BIEL 
   222.8469    222.7776    5.563705  -1.074 1.888e+07  29.00     1.642334   1.5     7.206358   2.5 BIEL 
   223.0779    223.0086    5.557943  -1.164 1.148e+07  29.00     1.389035   2.5     6.947297   3.5 BIEL 
   224.4963    224.4267    5.522826  -2.158 2.300e+06  29.00     0.000000   0.5     5.523144   1.5 BIEL 
   229.4552    229.3845    5.403471  -1.540 9.134e+06  29.00     1.389035   2.5     6.792816   1.5 BIEL 
   244.2376    244.1636    5.076426  -2.440 2.030e+06  29.00     0.000000   0.5     5.076718   0.5 CORL 
   249.2896    249.2144    4.973551  -1.943 3.060e+06  29.00     0.000000   0.5     4.973836   1.5 BIEL 
   261.9146    261.8364    4.733812  -0.899 3.067e+07  29.00     1.389035   2.5     6.123118   1.5 BIEL 
   262.7473    262.6690    4.718808  -1.100 1.919e+07  29.00     5.076718   0.5     9.795797   1.5 CORL 
   263.0752    262.9968    4.712927  -1.050 1.432e+07  29.00     4.838023   2.5     9.551220   2.5 CORL 
   263.5716    263.4931    4.704051  -1.010 2.346e+07  29.00     4.838023   2.5     9.542343   1.5 CORL 
   264.6097    264.5309    4.685597  -1.470 5.380e+06  29.00     4.973836   1.5     9.659702   2.5 CORL 
   265.0628    264.9839    4.677588  -1.310 1.162e+07  29.00     4.973836   1.5     9.651692   1.5 CORL 
   276.7206    276.6389    4.480527  -1.356 9.594e+06  29.00     1.642334   1.5     6.123118   1.5 BIEL 
   282.5196    282.4365    4.388561  -1.250 7.832e+06  29.00     1.389035   2.5     5.777847   2.5 BIEL 
   284.7329    284.6492    4.354448  -1.970 4.408e+06  29.00     5.076718   0.5     9.431416   0.5 CORL 
   285.9063    285.8223    4.336576  -1.180 6.739e+06  29.00     4.838023   2.5     9.174848   3.5 CORL 
   285.9571    285.8731    4.335805  -3.465 6.990e+04  29.00     1.389035   2.5     5.725089   1.5 BIEL 
   288.3777    288.2931    4.299412  -2.047 1.799e+06  29.00     1.389035   2.5     5.688693   1.5 BIEL 
   289.1675    289.0827    4.287668  -1.060 8.684e+06  29.00     5.506047   2.5     9.793962   3.5 CORL 
   289.2485    289.1637    4.286468  -1.110 1.031e+07  29.00     5.523144   1.5     9.809857   2.5 CORL 
   293.2562    293.1704    4.227889  -2.160 1.341e+06  29.00     5.076718   0.5     9.304849   1.5 CORL 
   293.3920    293.3062    4.225931  -1.900 1.219e+06  29.00     4.838023   2.5     9.064196   3.5 CORL 
   296.2027    296.1162    4.185830  -1.403 3.757e+06  29.00     1.389035   2.5     5.575105   3.5 BIEL 
   297.9156    297.8287    4.161763  -0.920 9.035e+06  29.00     5.395406   3.5     9.557409   4.5 CORL 
   298.0249    297.9379    4.160238  -0.990 9.606e+06  29.00     5.395406   3.5     9.555883   3.5 CORL 
   299.8238    299.7364    4.135276  -2.028 1.159e+06  29.00     1.642334   1.5     5.777847   2.5 BIEL 
   299.9257    299.8383    4.133871  -3.791 2.999e+04  29.00     1.389035   2.5     5.523144   1.5 BIEL 
   301.1712    301.0835    4.116776  -1.975 1.298e+06  29.00     1.389035   2.5     5.506047   2.5 BIEL 
   301.2894    301.2016    4.115161  -1.110 9.506e+06  29.00     4.973836   1.5     9.089234   2.5 CORL 
   301.5729    301.4851    4.111292  -1.490 3.955e+06  29.00     5.102720   3.5     9.214248   2.5 CORL 
   302.2425    302.1545    4.102184  -0.970 9.780e+06  29.00     5.072429   4.5     9.174848   3.5 CORL 
   302.3483    302.2603    4.100748  -1.160 6.310e+06  29.00     4.838023   2.5     8.939006   3.5 CORL 
   303.1139    303.0257    4.090390  -1.690 3.706e+06  29.00     4.973836   1.5     9.064461   1.5 CORL 
   303.6983    303.6099    4.082521  -1.872 2.428e+06  29.00     1.642334   1.5     5.725089   1.5 BIEL 
   304.4908    304.4022    4.071895  -1.670 1.923e+06  29.00     5.102720   3.5     9.174848   3.5 CORL 
   305.3434    305.2546    4.060525  -1.980 1.249e+06  29.00     5.153490   2.5     9.214248   2.5 CORL 
   306.4300    306.3409    4.046127  -2.059 1.550e+06  29.00     1.642334   1.5     5.688693   1.5 BIEL 
   306.9784    306.8892    4.038897  -4.248 1.999e+04  29.00     1.642334   1.5     5.681463   0.5 BIEL 
   307.4688    307.3795    4.032456  -2.895 1.498e+05  29.00     1.389035   2.5     5.421722   2.5 BIEL 
   308.9020    308.8123    4.013747  -1.130 1.295e+07  29.00     5.076718   0.5     9.090696   1.5 CORL 
   309.4884    309.3986    4.006141  -2.463 2.997e+05  29.00     1.389035   2.5     5.395406   3.5 BIEL 
   310.0818    309.9918    3.998476  -0.530 2.559e+07  29.00     4.838023   2.5     8.836728   3.5 CORL 
   311.4376    311.3473    3.981068  -1.570 2.314e+06  29.00     4.838023   2.5     8.819319   3.5 CORL 
   312.1342    312.0437    3.972184  -1.480 1.133e+07  29.00     4.973836   1.5     8.946248   0.5 CORL 
   312.7006    312.6100    3.964988  -0.350 7.617e+07  29.00     4.838023   2.5     8.803239   1.5 CORL 
   312.9599    312.8692    3.961704  -0.710 2.213e+07  29.00     4.973836   1.5     8.935768   2.5 CORL 
   314.1223    314.0313    3.947044  -0.990 1.729e+07  29.00     4.838023   2.5     8.785293   1.5 CORL 
   314.3346    314.2436    3.944377  -0.570 4.542e+07  29.00     4.973836   1.5     8.918440   1.5 CORL 
   314.7725    314.6814    3.938890  -0.830 4.979e+07  29.00     4.973836   1.5     8.912952   0.5 CORL 
   314.9253    314.8341    3.936980  -1.980 1.761e+06  29.00     5.153490   2.5     9.090696   1.5 CORL 
   315.0422    314.9510    3.935518  -1.610 2.749e+06  29.00     5.153490   2.5     9.089234   2.5 CORL 
   315.7544    315.6630    3.926642  -3.269 1.801e+05  29.00     1.642334   1.5     5.569201   0.5 BIEL 
   316.0974    316.0059    3.922380  -1.590 2.860e+06  29.00     5.153490   2.5     9.076095   2.5 CORL 
   317.0592    316.9675    3.910482  -0.690 1.693e+07  29.00     5.153490   2.5     9.064196   3.5 CORL 
   317.2567    317.1649    3.908048  -1.660 7.249e+06  29.00     5.523144   1.5     9.431416   0.5 CORL 
   319.5017    319.4094    3.880587  -2.023 1.549e+06  29.00     1.642334   1.5     5.523144   1.5 BIEL 
   320.9156    320.8229    3.863491  -2.343 4.900e+05  29.00     1.642334   1.5     5.506047   2.5 BIEL 
   322.4351    322.3420    3.845283  -0.890 2.066e+07  29.00     5.245192   1.5     9.090696   1.5 CORL 
   322.5577    322.4646    3.843821  -0.800 1.693e+07  29.00     5.245192   1.5     9.089234   2.5 CORL 
   323.2099    323.1166    3.836066  -0.630 1.871e+07  29.00     5.102720   3.5     8.939006   3.5 CORL 
   323.4828    323.3895    3.832828  -1.110 8.247e+06  29.00     5.102720   3.5     8.935768   2.5 CORL 
   323.6640    323.5706    3.830684  -0.380 4.424e+07  29.00     5.245192   1.5     9.076095   2.5 CORL 
   324.4092    324.3156    3.821884  -0.150 4.487e+07  29.00     5.102720   3.5     8.924823   4.5 CORL 
   324.8474    324.7537    3.816729  -0.062 1.370e+08  29.00     0.000000   0.5     3.816948   1.5 BIEL 
   326.9225    326.8283    3.792502  -0.670 2.224e+07  29.00     5.153490   2.5     8.946210   2.5 CORL 
   327.4898    327.3954    3.785933  -0.359 1.361e+08  29.00     0.000000   0.5     3.786150   0.5 BIEL 
   328.0757    327.9812    3.779171  -2.169 6.999e+05  29.00     1.642334   1.5     5.421722   2.5 BIEL 
   328.3655    328.2709    3.775836  -0.270 4.153e+07  29.00     5.153490   2.5     8.929542   3.5 CORL 
   328.6025    328.5079    3.773113  -1.810 1.595e+06  29.00     3.816948   1.5     7.590278   2.5 BIEM 
   328.7136    328.6189    3.771838  -1.910 1.899e+06  29.00     3.786150   0.5     7.558205   1.5 BIEM 
   329.1487    329.0539    3.766851  -0.190 3.975e+07  29.00     5.072429   4.5     8.839497   4.5 CORL 
   329.3338    329.2390    3.764734  -1.250 8.646e+06  29.00     5.153490   2.5     8.918440   1.5 CORL 
   329.3771    329.2823    3.764239  -3.233 5.992e+04  29.00     1.389035   2.5     5.153490   2.5 BIEL 
   330.8897    330.7945    3.747032   0.640 2.216e+08  29.00     5.072429   4.5     8.819676   5.5 CORL 
   331.4149    331.3195    3.741095  -1.650 2.266e+06  29.00     3.816948   1.5     7.558258   2.5 BIEM 
   331.4196    331.3242    3.741042  -2.610 3.727e+05  29.00     3.816948   1.5     7.558205   1.5 BIEM 
   331.8169    331.7214    3.736562  -0.490 1.960e+07  29.00     5.102720   3.5     8.839497   4.5 CORL 
   332.0629    331.9674    3.733794  -0.660 1.654e+07  29.00     5.102720   3.5     8.836728   3.5 CORL 
   332.6765    332.5808    3.726907  -1.740 2.742e+06  29.00     3.786150   0.5     7.513271   1.5 BIEM 
   333.0585    332.9627    3.722633  -1.040 9.140e+06  29.00     5.102720   3.5     8.825566   2.5 CORL 
   333.6182    333.5223    3.716386  -1.030 6.991e+06  29.00     5.102720   3.5     8.819319   3.5 CORL 
   333.8801    333.7841    3.713472  -2.294 3.801e+05  29.00     1.389035   2.5     5.102720   3.5 BIEL 
   335.0229    334.9266    3.700805  -0.620 2.376e+07  29.00     5.245192   1.5     8.946210   2.5 CORL 
   335.4426    335.3462    3.696175  -1.490 3.197e+06  29.00     3.816948   1.5     7.513335   2.5 BIEM 
   335.4484    335.3520    3.696111  -2.440 5.380e+05  29.00     3.816948   1.5     7.513271   1.5 BIEM 
   335.5442    335.4478    3.695055  -0.960 1.624e+07  29.00     5.245192   1.5     8.940459   1.5 CORL 
   336.6312    336.5345    3.683124  -0.550 1.659e+07  29.00     5.102720   3.5     8.786055   4.5 CORL 
   337.6634    337.5664    3.671865  -1.470 3.304e+06  29.00     5.153490   2.5     8.825566   2.5 CORL 
   338.2387    338.1416    3.665619  -0.740 1.326e+07  29.00     5.153490   2.5     8.819319   3.5 CORL 
   338.5782    338.4810    3.661944  -1.470 3.286e+06  29.00     5.153490   2.5     8.815644   2.5 CORL 
   338.6363    338.5391    3.661316  -1.550 4.098e+06  29.00     3.786150   0.5     7.447676   1.5 BIEM 
   339.2991    339.2017    3.654163  -1.870 1.303e+06  29.00     5.421722   2.5     9.076095   2.5 CORL 
   339.7290    339.6315    3.649539  -1.880 1.905e+06  29.00     5.153490   2.5     8.803239   1.5 CORL 
   341.4314    341.3335    3.631343  -0.920 3.439e+07  29.00     5.681463   0.5     9.313014   0.5 CORL 
   341.4992    341.4013    3.630622  -1.290 4.889e+06  29.00     3.816948   1.5     7.447778   2.5 BIEM 
   341.5087    341.4108    3.630520  -2.250 8.040e+05  29.00     3.816948   1.5     7.447676   1.5 BIEM 
   342.1125    342.0144    3.624113  -1.480 9.435e+06  29.00     5.688693   1.5     9.313014   0.5 CORL 
   343.4941    343.3957    3.609536  -3.410 1.100e+05  29.00     3.786150   0.5     7.395893   0.5 BIEL 
   343.7535    343.6550    3.606812  -1.410 5.490e+06  29.00     5.725089   1.5     9.332108   1.5 CORL 
   344.1506    344.0520    3.602651  -3.600 3.536e+04  29.00     1.642334   1.5     5.245192   1.5 CORL 
   345.8841    345.7850    3.584596  -3.366 6.001e+04  29.00     1.389035   2.5     4.973836   1.5 BIEL 
   346.0399    345.9408    3.582981  -1.460 3.219e+06  29.00     5.506047   2.5     9.089234   2.5 CORL 
   346.4500    346.3508    3.578740  -2.754 4.896e+05  29.00     3.816948   1.5     7.395893   0.5 BIEL 
   347.3133    347.2139    3.569844  -1.050 8.214e+06  29.00     5.506047   2.5     9.076095   2.5 CORL 
   347.5564    347.4569    3.567347  -1.860 1.906e+06  29.00     5.523144   1.5     9.090696   1.5 CORL 
   347.6989    347.5994    3.565885  -0.420 3.496e+07  29.00     5.523144   1.5     9.089234   2.5 CORL 
   348.2603    348.1606    3.560138  -1.769 2.340e+06  29.00     3.786150   0.5     7.346492   1.5 BIEL 
   348.4749    348.3752    3.557945  -0.270 3.687e+07  29.00     5.506047   2.5     9.064196   3.5 CORL 
   348.8561    348.7563    3.554056  -1.210 8.448e+06  29.00     5.777847   2.5     9.332108   1.5 CORL 
   348.9847    348.8848    3.552748  -1.230 5.375e+06  29.00     5.523144   1.5     9.076095   2.5 CORL 
   349.9057    349.8056    3.543396  -1.240 3.919e+06  29.00     5.395406   3.5     8.939006   3.5 CORL 
   350.1311    350.0310    3.541114  -1.280 7.138e+06  29.00     5.523144   1.5     9.064461   1.5 CORL 
   350.8426    350.7423    3.533933  -1.670 1.448e+06  29.00     5.395406   3.5     8.929542   3.5 CORL 
   351.2835    351.1831    3.529498  -1.060 7.846e+06  29.00     3.816948   1.5     7.346648   2.5 BIEM 
   351.2990    351.1986    3.529342  -2.010 1.320e+06  29.00     3.816948   1.5     7.346492   1.5 BIEM 
   351.3116    351.2112    3.529215  -0.480 1.790e+07  29.00     5.395406   3.5     8.924823   4.5 CORL 
   351.8031    351.7025    3.524285  -1.340 4.106e+06  29.00     5.421722   2.5     8.946210   2.5 CORL 
   352.1022    352.0015    3.521292  -0.540 3.879e+07  29.00     5.569201   0.5     9.090696   1.5 CORL 
   352.5237    352.4229    3.517081  -0.310 3.286e+07  29.00     5.421722   2.5     8.939006   3.5 CORL 
   352.8484    352.7476    3.513844  -0.680 1.866e+07  29.00     5.421722   2.5     8.935768   2.5 CORL 
   353.1388    353.0379    3.510954  -2.535 2.601e+05  29.00     1.642334   1.5     5.153490   2.5 BIEL 
   353.4747    353.3737    3.507619  -0.620 1.601e+07  29.00     5.421722   2.5     8.929542   3.5 CORL 
   354.5970    354.4957    3.496517  -1.120 1.006e+07  29.00     5.421722   2.5     8.918440   1.5 CORL 
   354.7449    354.6436    3.495059  -1.530 3.911e+06  29.00     5.569201   0.5     9.064461   1.5 CORL 
   356.7145    356.6127    3.475760  -2.406 1.029e+06  29.00     3.786150   0.5     7.262110   0.5 BIEL 
   359.5042    359.4016    3.448790  -3.935 9.990e+03  29.00     1.389035   2.5     4.838023   2.5 BIEL 
   359.9034    359.8007    3.444964  -2.190 1.662e+06  29.00     3.816948   1.5     7.262110   0.5 BIEM 
   360.0154    359.9127    3.443893   0.400 1.293e+08  29.00     5.395406   3.5     8.839497   4.5 CORL 
   360.3051    360.2023    3.441124   0.400 1.613e+08  29.00     5.395406   3.5     8.836728   3.5 CORL 
   361.0329    360.9299    3.434187  -3.806 3.999e+04  29.00     1.642334   1.5     5.076718   0.5 BIEL 
   361.1828    361.0798    3.432762  -1.040 5.829e+06  29.00     5.506047   2.5     8.939006   3.5 CORL 
   361.4775    361.3744    3.429963  -0.620 2.041e+07  29.00     5.395406   3.5     8.825566   2.5 CORL 
   361.5237    361.4206    3.429524  -1.000 8.506e+06  29.00     5.506047   2.5     8.935768   2.5 CORL 
   362.1369    362.0337    3.423717  -1.100 5.050e+06  29.00     5.395406   3.5     8.819319   3.5 CORL 
   362.2266    362.1233    3.422869  -0.620 2.032e+07  29.00     5.523144   1.5     8.946210   2.5 CORL 
   362.5261    362.4228    3.420042  -1.120 6.416e+06  29.00     5.395406   3.5     8.815644   2.5 CORL 
   362.8362    362.7328    3.417119  -0.680 2.646e+07  29.00     5.523144   1.5     8.940459   1.5 CORL 
   363.0816    362.9781    3.414809  -1.770 1.074e+06  29.00     5.421722   2.5     8.836728   3.5 CORL 
   363.3596    363.2560    3.412197  -1.230 7.437e+06  29.00     5.506047   2.5     8.918440   1.5 CORL 
   363.6964    363.5928    3.409037  -0.780 2.092e+07  29.00     5.681463   0.5     9.090696   1.5 CORL 
   364.2722    364.1684    3.403648  -1.260 4.604e+06  29.00     5.421722   2.5     8.825566   2.5 CORL 
   364.6260    364.5221    3.400345  -0.970 8.959e+06  29.00     5.688693   1.5     9.089234   2.5 CORL 
   364.9420    364.8380    3.397402  -1.350 2.796e+06  29.00     5.421722   2.5     8.819319   3.5 CORL 
   365.1891    365.0851    3.395102  -1.660 2.735e+06  29.00     5.523144   1.5     8.918440   1.5 CORL 
   365.3371    365.2330    3.393727  -0.580 2.191e+07  29.00     5.421722   2.5     8.815644   2.5 CORL 
   365.5271    365.4230    3.391962  -1.020 1.192e+07  29.00     3.786150   0.5     7.178308   1.5 BIEM 
   365.6898    365.5856    3.390454  -0.850 7.045e+06  29.00     5.395406   3.5     8.786055   4.5 CORL 
   365.7804    365.6762    3.389614  -1.180 1.647e+07  29.00     5.523144   1.5     8.912952   0.5 CORL 
   366.0402    365.9360    3.387208  -1.070 7.062e+06  29.00     5.688693   1.5     9.076095   2.5 CORL 
   366.6774    366.5730    3.381322  -1.370 5.291e+06  29.00     5.421722   2.5     8.803239   1.5 CORL 
   367.3018    367.1972    3.375574  -1.130 9.163e+06  29.00     5.688693   1.5     9.064461   1.5 CORL 
   368.8484    368.7434    3.361421  -0.898 1.033e+07  29.00     3.816948   1.5     7.178562   2.5 BIEL 
   368.8762    368.7712    3.361166  -1.720 2.335e+06  29.00     3.816948   1.5     7.178308   1.5 BIEM 
   369.6374    369.5322    3.354245  -1.650 1.366e+06  29.00     5.575105   3.5     8.929542   3.5 CORL 
   370.0159    369.9106    3.350814  -1.640 1.860e+06  29.00     5.725089   1.5     9.076095   2.5 CORL 
   370.1582    370.0529    3.349526  -0.920 5.853e+06  29.00     5.575105   3.5     8.924823   4.5 CORL 
   371.3050    371.1994    3.339181  -1.240 6.960e+06  29.00     5.725089   1.5     9.064461   1.5 CORL 
   372.1821    372.0763    3.331311  -4.081 9.990e+03  29.00     1.642334   1.5     4.973836   1.5 BIEL 
   372.2739    372.1680    3.330490  -1.740 1.095e+06  29.00     5.506047   2.5     8.836728   3.5 CORL 
   373.5257    373.4195    3.319329  -1.120 6.044e+06  29.00     5.506047   2.5     8.825566   2.5 CORL 
   374.2299    374.1235    3.313082  -0.900 7.495e+06  29.00     5.506047   2.5     8.819319   3.5 CORL 
   374.6455    374.5390    3.309407  -1.110 6.148e+06  29.00     5.506047   2.5     8.815644   2.5 CORL 
   376.0550    375.9482    3.297002  -1.380 4.915e+06  29.00     5.506047   2.5     8.803239   1.5 CORL 
   376.5909    376.4839    3.292311  -1.760 1.362e+06  29.00     5.523144   1.5     8.815644   2.5 CORL 
   377.2959    377.1887    3.286160  -1.020 5.593e+06  29.00     5.777847   2.5     9.064196   3.5 CORL 
   378.1130    378.0056    3.279058  -1.900 1.468e+06  29.00     5.506047   2.5     8.785293   1.5 CORL 
   379.8336    379.7258    3.264204  -1.810 7.160e+05  29.00     5.575105   3.5     8.839497   4.5 CORL 
   380.0946    379.9867    3.261962  -1.580 3.036e+06  29.00     5.523144   1.5     8.785293   1.5 CORL 
   380.1560    380.0481    3.261435  -1.350 2.577e+06  29.00     5.575105   3.5     8.836728   3.5 CORL 
   380.6307    380.5227    3.257368  -1.110 1.787e+07  29.00     5.688693   1.5     8.946248   0.5 CORL 
   381.3084    381.2002    3.251579  -1.390 4.672e+06  29.00     5.688693   1.5     8.940459   1.5 CORL 
   381.4614    381.3532    3.250274  -1.660 1.671e+06  29.00     5.575105   3.5     8.825566   2.5 CORL 
   381.8592    381.7509    3.246888  -1.930 8.957e+05  29.00     5.688693   1.5     8.935768   2.5 CORL 
   382.1959    382.0875    3.244028  -1.270 3.065e+06  29.00     5.575105   3.5     8.819319   3.5 CORL 
   382.6127    382.5042    3.240494  -1.895 2.901e+06  29.00     3.786150   0.5     7.026830   0.5 BIEL 
   383.9080    383.7991    3.229561  -1.940 1.299e+06  29.00     5.688693   1.5     8.918440   1.5 CORL 
   386.1555    386.0460    3.210765  -0.640 1.025e+07  29.00     5.575105   3.5     8.786055   4.5 CORL 
   386.2838    386.1743    3.209698  -1.860 3.085e+06  29.00     3.816948   1.5     7.026830   0.5 BIEM 
   388.2835    388.1735    3.193168  -1.760 1.922e+06  29.00     5.725089   1.5     8.918440   1.5 CORL 
   388.9519    388.8417    3.187680  -1.870 2.974e+06  29.00     5.725089   1.5     8.912952   0.5 CORL 
   392.2377    392.1267    3.160977  -1.420 2.060e+06  29.00     5.777847   2.5     8.939006   3.5 CORL 
   392.6398    392.5287    3.157739  -1.330 3.373e+06  29.00     5.777847   2.5     8.935768   2.5 CORL 
   393.4155    393.3041    3.151514  -1.650 1.206e+06  29.00     5.777847   2.5     8.929542   3.5 CORL 
   394.8062    394.6945    3.140412  -1.840 1.546e+06  29.00     5.777847   2.5     8.918440   1.5 CORL 
   395.2744    395.1626    3.136693  -2.300 3.566e+05  29.00     5.688693   1.5     8.825566   2.5 CORL 
   396.5287    396.4165    3.126771  -1.700 1.411e+06  29.00     5.688693   1.5     8.815644   2.5 CORL 
   397.6758    397.5633    3.117752  -1.944 1.200e+06  29.00     4.973836   1.5     8.091767   1.5 BIEL 
   398.1081    397.9955    3.114367  -2.150 7.448e+05  29.00     5.688693   1.5     8.803239   1.5 CORL 
   399.4824    399.3695    3.103652  -2.460 3.623e+05  29.00     5.681463   0.5     8.785293   1.5 CORL 
   399.9144    399.8014    3.100299  -2.130 5.153e+05  29.00     5.725089   1.5     8.825566   2.5 CORL 
   400.4152    400.3020    3.096422  -1.440 3.776e+06  29.00     5.688693   1.5     8.785293   1.5 CORL 
   401.1983    401.0849    3.090378  -1.930 8.114e+05  29.00     5.725089   1.5     8.815644   2.5 CORL 
   401.6952    401.5817    3.086555  -2.537 2.001e+05  29.00     3.786150   0.5     6.872883   2.5 BIEL 
   402.3762    402.2625    3.081332  -0.855 1.438e+07  29.00     3.786150   0.5     6.867659   1.5 BIEL 
   402.8152    402.7014    3.077973  -1.420 3.907e+06  29.00     5.725089   1.5     8.803239   1.5 CORL 
   405.1773    405.0629    3.060029  -1.520 3.067e+06  29.00     5.725089   1.5     8.785293   1.5 CORL 
   405.3528    405.2383    3.058705  -1.780 8.421e+05  29.00     5.777847   2.5     8.836728   3.5 CORL 
   406.3784    406.2637    3.050985  -0.506 2.099e+07  29.00     3.816948   1.5     6.868108   2.5 BIEL 
   406.4383    406.3235    3.050536  -1.320 4.831e+06  29.00     3.816948   1.5     6.867659   1.5 BIEM 
   407.0680    406.9531    3.045816  -2.641 2.300e+05  29.00     4.838023   2.5     7.884014   1.5 BIEL 
   407.4347    407.3197    3.043075  -1.785 1.099e+06  29.00     4.973836   1.5     8.017086   2.5 BIEL 
   407.6729    407.5578    3.041297  -0.980 5.253e+06  29.00     5.777847   2.5     8.819319   3.5 CORL 
   408.1661    408.0509    3.037622  -1.120 5.062e+06  29.00     5.777847   2.5     8.815644   2.5 CORL 
   410.5375    410.4217    3.020076  -1.820 2.995e+06  29.00     4.973836   1.5     7.994086   0.5 BIEL 
   411.2456    411.1296    3.014876  -1.915 1.199e+06  29.00     5.076718   0.5     8.091767   1.5 BIEL 
   412.2853    412.1690    3.007273  -1.540 2.829e+06  29.00     5.777847   2.5     8.785293   1.5 CORL 
   412.4434    412.3271    3.006120  -1.320 4.692e+06  29.00     5.421722   2.5     8.428015   1.5 CORL 
   417.8918    417.7740    2.966927  -1.611 1.559e+06  29.00     4.838023   2.5     7.805120   2.5 BIEL 
   423.2132    423.0941    2.929621  -1.570 1.671e+06  29.00     5.395406   3.5     8.325195   2.5 CORL 
   424.3460    424.2266    2.921800  -1.450 3.286e+06  29.00     5.506047   2.5     8.428015   1.5 CORL 
   425.0152    424.8956    2.917200  -0.970 1.978e+07  29.00     5.076718   0.5     7.994086   0.5 BIEL 
   426.0653    425.9454    2.910010  -0.932 1.074e+07  29.00     4.973836   1.5     7.884014   1.5 BIEL 
   427.6306    427.5103    2.899358  -0.157 3.176e+07  29.00     4.838023   2.5     7.737547   3.5 BIEL 
   432.9959    432.8742    2.863432  -1.988 6.095e+05  29.00     5.153490   2.5     8.017086   2.5 BIEL 
   433.7203    433.5984    2.858649  -1.770 1.505e+06  29.00     5.569201   0.5     8.428015   1.5 CORL 
   435.5850    435.4626    2.846412  -1.768 1.499e+06  29.00     5.245192   1.5     8.091767   1.5 BIEL 
   437.9376    437.8146    2.831121  -0.643 1.319e+07  29.00     4.973836   1.5     7.805120   2.5 BIEL 
   441.6797    441.5557    2.807135  -1.139 6.207e+06  29.00     5.076718   0.5     7.884014   1.5 BIEL 
   448.1602    448.0345    2.766543  -1.743 3.001e+06  29.00     3.786150   0.5     6.552852   0.5 BIEL 
   450.8672    450.7408    2.749932  -0.340 2.500e+07  29.00     5.575105   3.5     8.325195   2.5 CORL 
   451.0634    450.9369    2.748736  -0.744 2.955e+07  29.00     5.245192   1.5     7.994086   0.5 BIEL 
   452.6396    452.5127    2.739164  -1.250 4.577e+06  29.00     5.688693   1.5     8.428015   1.5 CORL 
   453.2051    453.0781    2.735747  -1.250 9.131e+06  29.00     3.816948   1.5     6.552852   0.5 BIEL 
   454.0981    453.9708    2.730367  -0.501 2.551e+07  29.00     5.153490   2.5     7.884014   1.5 BIEL 
   458.8238    458.6953    2.702245  -0.313 2.569e+07  29.00     5.102720   3.5     7.805120   2.5 BIEL 
   464.3838    464.2538    2.669891  -1.019 7.401e+06  29.00     5.421722   2.5     8.091767   1.5 BIEL 
   465.2421    465.1119    2.664966   0.037 4.194e+07  29.00     5.072429   4.5     7.737547   3.5 BIEL 
   467.6089    467.4780    2.651478  -0.814 7.802e+06  29.00     5.153490   2.5     7.805120   2.5 BIEL 
   469.8785    469.7470    2.638671  -1.151 5.335e+06  29.00     5.245192   1.5     7.884014   1.5 BIEL 
   470.5907    470.4591    2.634677  -0.782 6.219e+06  29.00     5.102720   3.5     7.737547   3.5 BIEL 
   476.8749    476.7416    2.599957  -0.810 7.571e+06  29.00     5.725089   1.5     8.325195   2.5 CORL 
   477.7463    477.6128    2.595215  -1.790 7.899e+05  29.00     5.421722   2.5     8.017086   2.5 BIEL 
   479.8366    479.7025    2.583909  -2.082 2.998e+05  29.00     5.153490   2.5     7.737547   3.5 BIEL 
   484.3595    484.2242    2.559781  -1.877 6.290e+05  29.00     5.245192   1.5     7.805120   2.5 BIEL 
   486.7515    486.6156    2.547202  -0.490 1.518e+07  29.00     5.777847   2.5     8.325195   2.5 CORL 
   501.8028    501.6629    2.470800  -0.913 1.618e+07  29.00     5.523144   1.5     7.994086   0.5 BIEL 
   503.5658    503.4254    2.462150  -1.036 6.053e+06  29.00     5.421722   2.5     7.884014   1.5 BIEL 
   507.7540    507.6125    2.441841  -0.748 7.703e+06  29.00     5.575105   3.5     8.017086   2.5 BIEL 
   510.6960    510.5537    2.427774  -1.516 1.949e+06  29.00     1.389035   2.5     3.816948   1.5 BIEL 
   511.3340    511.1915    2.424745  -1.085 1.049e+07  29.00     5.569201   0.5     7.994086   0.5 BIEL 
   514.5531    514.4098    2.409575  -0.780 6.968e+06  29.00     5.395406   3.5     7.805120   2.5 BIEL 
   515.4666    515.3230    2.405305   0.217 1.034e+08  29.00     3.786150   0.5     6.191593   1.5 BIEL 
   520.2345    520.0897    2.383260  -0.933 4.793e+06  29.00     5.421722   2.5     7.805120   2.5 BIEL 
   521.4225    521.2774    2.377830  -1.329 2.875e+06  29.00     5.506047   2.5     7.884014   1.5 BIEL 
   521.9650    521.8197    2.375359   0.476 1.221e+08  29.00     3.816948   1.5     6.192444   2.5 BIEL 
   522.1519    522.0066    2.374509  -0.448 2.180e+07  29.00     3.816948   1.5     6.191593   1.5 BIEL 
   525.1985    525.0524    2.360734  -0.852 8.500e+06  29.00     5.523144   1.5     7.884014   1.5 BIEL 
   529.3983    529.2510    2.342007  -0.436 1.090e+07  29.00     5.395406   3.5     7.737547   3.5 BIEL 
   535.4142    535.2653    2.315692  -1.638 6.694e+05  29.00     5.421722   2.5     7.737547   3.5 BIEL 
   535.6484    535.4995    2.314679  -1.152 4.095e+06  29.00     5.569201   0.5     7.884014   1.5 BIEL 
   536.1557    536.0066    2.312490  -1.662 2.526e+06  29.00     5.681463   0.5     7.994086   0.5 BIEL 
   537.8371    537.6876    2.305260  -2.249 6.498e+05  29.00     5.688693   1.5     7.994086   0.5 BIEL 
   539.3155    539.1656    2.298941  -0.867 5.191e+06  29.00     5.506047   2.5     7.805120   2.5 BIEL 
   543.3561    543.2051    2.281845  -1.109 2.930e+06  29.00     5.523144   1.5     7.805120   2.5 BIEL 
   546.4642    546.3124    2.268866  -1.823 1.679e+06  29.00     5.725089   1.5     7.994086   0.5 BIEL 
   555.6466    555.4923    2.231372  -1.639 6.201e+05  29.00     5.506047   2.5     7.737547   3.5 BIEL 
   561.1423    560.9866    2.209519  -2.920 1.273e+05  29.00     5.348693   0.5     7.558338   0.5 BIEM 
   561.1423    560.9866    2.209519  -2.620 1.270e+05  29.00     5.348693   0.5     7.558338   1.5 BIEM 
   570.1819    570.0237    2.174489  -2.312 2.501e+05  29.00     1.642334   1.5     3.816948   1.5 BIEL 
   572.5838    572.4250    2.165367  -2.680 2.125e+05  29.00     5.348693   0.5     7.514185   0.5 BIEM 
   572.8102    572.6513    2.164512  -2.440 1.845e+05  29.00     5.348693   0.5     7.513329   1.5 BIEM 
   573.3913    573.2323    2.162318  -1.792 4.094e+05  29.00     5.575105   3.5     7.737547   3.5 BIEL 
   578.3730    578.2127    2.143693  -1.720 1.900e+06  29.00     1.642334   1.5     3.786150   0.5 BIEL 
   590.0404    589.8769    2.101304  -2.400 3.814e+05  29.00     5.348693   0.5     7.450118   0.5 BIEM 
   590.5491    590.3855    2.099494  -2.190 3.087e+05  29.00     5.348693   0.5     7.448308   1.5 BIEM 
   617.8193    617.6484    2.006823  -2.000 8.737e+05  29.00     5.348693   0.5     7.355632   0.5 BIEM 
   619.6508    619.4794    2.000892  -1.850 6.134e+05  29.00     5.348693   0.5     7.349700   1.5 BIEM 
   622.5437    622.3715    1.991594  -1.330 1.006e+06  29.00     6.947297   3.5     8.939006   3.5 CORL 
   632.7119    632.5370    1.959587  -2.298 1.049e+05  29.00     5.777847   2.5     7.737547   3.5 BIEL 
   647.6012    647.4223    1.914534  -1.170 1.344e+06  29.00     7.024362   2.5     8.939006   3.5 CORL 
   648.6981    648.5189    1.911296  -1.340 1.208e+06  29.00     7.024362   2.5     8.935768   2.5 CORL 
   650.8179    650.6381    1.905071  -1.950 2.209e+05  29.00     7.024362   2.5     8.929542   3.5 CORL 
   654.6327    654.4519    1.893969  -1.750 6.919e+05  29.00     7.024362   2.5     8.918440   1.5 CORL 
   655.2827    655.1017    1.892091  -1.860 2.144e+05  29.00     6.947297   3.5     8.839497   4.5 CORL 
   658.5276    658.3458    1.882767  -1.660 5.608e+05  29.00     7.206358   2.5     9.089234   2.5 CORL 
   660.1427    659.9604    1.878161  -1.950 2.862e+05  29.00     6.947297   3.5     8.825566   2.5 CORL 
   662.3455    662.1626    1.871915  -1.000 1.900e+06  29.00     6.947297   3.5     8.819319   3.5 CORL 
   663.1550    662.9719    1.869630  -1.520 7.634e+05  29.00     7.206358   2.5     9.076095   2.5 CORL 
   667.4025    667.2183    1.857731  -0.910 2.303e+06  29.00     7.206358   2.5     9.064196   3.5 CORL 
   674.3279    674.1418    1.838652  -0.470 4.970e+06  29.00     6.947297   3.5     8.786055   4.5 CORL 
   675.1510    674.9647    1.836410  -1.460 1.268e+06  29.00     5.348693   0.5     7.185209   1.5 BIEM 
   688.3871    688.1972    1.801101  -1.520 7.084e+05  29.00     7.024362   2.5     8.825566   2.5 CORL 
   689.2791    689.0890    1.798770  -1.450 1.245e+06  29.00     7.119567   0.5     8.918440   1.5 CORL 
   690.7828    690.5923    1.794854  -0.780 2.900e+06  29.00     7.024362   2.5     8.819319   3.5 CORL 
   697.0273    696.8351    1.778774  -1.840 4.961e+05  29.00     7.024362   2.5     8.803239   1.5 CORL 
   700.1771    699.9840    1.770773  -2.690 1.389e+05  29.00     5.348693   0.5     7.119567   0.5 BIEM 
   715.6249    715.4277    1.732548  -1.640 3.730e+05  29.00     7.206358   2.5     8.939006   3.5 CORL 
   793.5306    793.3124    1.562453  -0.372 2.249e+07  29.00     3.786150   0.5     5.348693   0.5 BIEL 
   809.4856    809.2631    1.531657  -0.045 4.589e+07  29.00     3.816948   1.5     5.348693   0.5 BIEL 
   841.0053    840.7743    1.474253  -1.710 9.194e+05  29.00     5.348693   0.5     6.823030   0.5 BIEM 
   845.1199    844.8877    1.467075  -1.550 4.387e+05  29.00     6.123118   1.5     7.590278   2.5 BIEM 
   858.6011    858.3653    1.444040  -2.020 2.160e+05  29.00     5.348693   0.5     6.792816   1.5 BIEM 
   863.9757    863.7384    1.435057  -1.400 5.929e+05  29.00     6.123118   1.5     7.558258   2.5 BIEM 
   864.0078    863.7705    1.435004  -2.350 9.978e+04  29.00     6.123118   1.5     7.558205   1.5 BIEM 
   864.0309    863.7936    1.434965  -1.650 5.000e+05  29.00     6.123157   0.5     7.558205   1.5 BIEM 
   891.8935    891.6487    1.390137  -1.210 8.617e+05  29.00     6.123118   1.5     7.513335   2.5 BIEM 
   891.9349    891.6901    1.390073  -2.170 1.417e+05  29.00     6.123118   1.5     7.513271   1.5 BIEM 
   891.9595    891.7147    1.390034  -1.470 7.102e+05  29.00     6.123157   0.5     7.513271   1.5 BIEM 
   907.2105    906.9615    1.366667  -3.350 1.810e+04  29.00     6.191593   1.5     7.558338   0.5 BIEM 
   907.2105    906.9615    1.366667  -4.040 1.848e+03  29.00     6.191593   1.5     7.558338   1.5 BIEM 
   907.7752    907.5261    1.365817  -3.090 1.645e+04  29.00     6.192444   2.5     7.558338   1.5 BIEM 
   936.0334    935.7766    1.324584  -0.990 1.298e+06  29.00     6.123118   1.5     7.447778   2.5 BIEM 
   936.1052    935.8484    1.324482  -1.950 2.135e+05  29.00     6.123118   1.5     7.447676   1.5 BIEM 
   936.1324    935.8756    1.324443  -1.250 1.070e+06  29.00     6.123157   0.5     7.447676   1.5 BIEM 
   937.4971    937.2399    1.322515  -3.220 2.286e+04  29.00     6.191593   1.5     7.514185   0.5 BIEM 
   938.1039    937.8466    1.321660  -3.840 2.739e+03  29.00     6.191593   1.5     7.513329   1.5 BIEM 
   938.7077    938.4502    1.320810  -2.880 2.495e+04  29.00     6.192444   2.5     7.513329   1.5 BIEM 
   974.1907    973.9236    1.272702  -1.950 3.943e+05  29.00     6.123118   1.5     7.395893   0.5 BIEM 
   974.2202    973.9531    1.272663  -2.250 1.976e+05  29.00     6.123157   0.5     7.395893   0.5 BIEM 
   985.2217    984.9516    1.258452  -3.060 2.992e+04  29.00     6.191593   1.5     7.450118   0.5 BIEM 
   986.6409    986.3704    1.256642  -3.630 4.016e+03  29.00     6.191593   1.5     7.448308   1.5 BIEM 
   987.3088    987.0382    1.255792  -2.670 3.657e+04  29.00     6.192444   2.5     7.448308   1.5 BIEM 
  1013.4001   1013.1224    1.223460  -0.720 2.063e+06  29.00     6.123118   1.5     7.346648   2.5 BIEM 
  1013.5295   1013.2518    1.223304  -1.670 3.471e+05  29.00     6.123118   1.5     7.346492   1.5 BIEM 
  1013.5615   1013.2837    1.223265  -0.980 1.700e+06  29.00     6.123157   0.5     7.346492   1.5 BIEM 
  1065.1930   1064.9012    1.163972  -3.090 2.389e+04  29.00     6.191593   1.5     7.355632   0.5 BIEM 
  1070.6488   1070.3556    1.158040  -3.420 5.531e+03  29.00     6.191593   1.5     7.349700   1.5 BIEM 
  1071.4354   1071.1420    1.157190  -2.470 4.922e+04  29.00     6.192444   2.5     7.349700   1.5 BIEM 
  1088.6166   1088.3185    1.138927  -1.610 6.908e+05  29.00     6.123118   1.5     7.262110   0.5 BIEM 
  1088.6533   1088.3552    1.138888  -1.910 3.462e+05  29.00     6.123157   0.5     7.262110   0.5 BIEM 
  1174.7913   1174.4698    1.055383  -0.350 3.598e+06  29.00     6.123118   1.5     7.178562   2.5 BIEM 
  1175.0743   1174.7527    1.055128  -1.300 6.053e+05  29.00     6.123118   1.5     7.178308   1.5 BIEM 
  1175.1171   1174.7955    1.055090  -0.610 2.964e+06  29.00     6.123157   0.5     7.178308   1.5 BIEM 
  1233.1594   1232.8221    1.005429  -2.540 6.325e+04  29.00     6.552852   0.5     7.558338   0.5 BIEM 
  1233.1594   1232.8221    1.005429  -2.240 6.310e+04  29.00     6.552852   0.5     7.558338   1.5 BIEM 
  1247.8925   1247.5512    0.993559  -3.040 9.766e+03  29.00     6.191593   1.5     7.185209   1.5 BIEM 
  1248.9613   1248.6197    0.992708  -2.080 8.891e+04  29.00     6.192444   2.5     7.185209   1.5 BIEM 
  1254.7051   1254.3619    0.988164  -0.200 4.455e+06  29.00     6.191593   1.5     7.179814   2.5 BIEM 
  1255.2338   1254.8905    0.987748  -0.040 4.826e+06  29.00     6.192444   2.5     7.180248   3.5 BIEM 
  1255.7855   1255.4420    0.987314  -1.340 3.222e+05  29.00     6.192444   2.5     7.179814   2.5 BIEM 
  1289.7981   1289.4454    0.961278  -2.280 1.052e+05  29.00     6.552852   0.5     7.514185   0.5 BIEM 
  1290.9470   1290.5940    0.960422  -2.040 9.125e+04  29.00     6.552852   0.5     7.513329   1.5 BIEM 
  1336.1642   1335.7989    0.927921  -1.470 6.330e+05  29.00     6.191593   1.5     7.119567   0.5 BIEM 
  1372.0363   1371.6612    0.903660  -1.110 1.375e+06  29.00     6.123118   1.5     7.026830   0.5 BIEM 
  1372.0946   1371.7195    0.903622  -1.410 6.892e+05  29.00     6.123157   0.5     7.026830   0.5 BIEM 
  1381.8928   1381.5151    0.897215  -1.960 1.915e+05  29.00     6.552852   0.5     7.450118   0.5 BIEM 
  1384.6865   1384.3080    0.895404  -1.740 1.583e+05  29.00     6.552852   0.5     7.448308   1.5 BIEM 
  1544.5396   1544.1177    0.802734  -1.510 4.320e+05  29.00     6.552852   0.5     7.355632   0.5 BIEM 
  1554.8399   1554.4152    0.797416  -1.440 1.670e+05  29.00     6.792816   1.5     7.590278   2.5 BIEM 
  1556.0373   1555.6122    0.796802  -1.320 3.296e+05  29.00     6.552852   0.5     7.349700   1.5 BIEM 
  1601.0115   1600.5742    0.774419  -0.050 1.160e+07  29.00     5.348693   0.5     6.123157   0.5 BIEM 
  1601.0910   1600.6537    0.774381   0.250 1.157e+07  29.00     5.348693   0.5     6.123118   1.5 BIEM 
  1619.8817   1619.4393    0.765398  -1.300 2.123e+05  29.00     6.792816   1.5     7.558258   2.5 BIEM 
  1619.9946   1619.5521    0.765345  -2.250 3.573e+04  29.00     6.792816   1.5     7.558205   1.5 BIEM 
  1664.3526   1663.8981    0.744947   0.230 6.815e+06  29.00     6.123118   1.5     6.868108   2.5 BIEM 
  1665.3571   1664.9023    0.744498  -0.720 1.146e+06  29.00     6.123118   1.5     6.867659   1.5 BIEM 
  1665.4430   1664.9882    0.744459  -0.020 5.741e+06  29.00     6.123157   0.5     6.867659   1.5 BIEM 
  1686.5738   1686.1132    0.735132  -1.470 1.986e+05  29.00     6.823030   0.5     7.558205   1.5 BIEM 
  1720.8771   1720.4072    0.720478  -1.100 2.982e+05  29.00     6.792816   1.5     7.513335   2.5 BIEM 
  1721.0311   1720.5612    0.720414  -2.050 5.018e+04  29.00     6.792816   1.5     7.513271   1.5 BIEM 
  1727.3275   1726.8558    0.717788  -3.010 3.641e+03  29.00     6.872449   3.5     7.590278   2.5 BIEM 
  1728.3724   1727.9005    0.717354  -4.300 1.865e+02  29.00     6.872883   2.5     7.590278   2.5 BIEM 
  1795.2251   1794.7350    0.690640  -2.700 2.065e+04  29.00     6.867659   1.5     7.558338   0.5 BIEM 
  1795.2251   1794.7350    0.690640  -3.400 2.060e+03  29.00     6.867659   1.5     7.558338   1.5 BIEM 
  1796.3673   1795.8769    0.690201  -1.260 2.840e+05  29.00     6.823030   0.5     7.513271   1.5 BIEM 
  1796.3937   1795.9033    0.690191  -2.440 1.876e+04  29.00     6.868108   2.5     7.558338   1.5 BIEM 
  1807.9749   1807.4813    0.685770  -2.900 4.281e+03  29.00     6.872449   3.5     7.558258   2.5 BIEM 
  1809.1197   1808.6258    0.685336  -4.200 2.143e+02  29.00     6.872883   2.5     7.558258   2.5 BIEM 
  1809.2604   1808.7665    0.685282  -3.050 4.540e+03  29.00     6.872883   2.5     7.558205   1.5 BIEM 
  1819.9687   1819.4718    0.681250   0.600 1.336e+07  29.00     6.191593   1.5     6.872883   2.5 BIEM 
  1822.2427   1821.7452    0.680400  -0.540 9.655e+05  29.00     6.192444   2.5     6.872883   2.5 BIEM 
  1823.4057   1822.9079    0.679966   0.760 1.443e+07  29.00     6.192444   2.5     6.872449   3.5 BIEM 
  1893.1255   1892.6087    0.654925  -0.850 4.381e+05  29.00     6.792816   1.5     7.447778   2.5 BIEM 
  1893.4193   1892.9025    0.654823  -1.810 7.204e+04  29.00     6.792816   1.5     7.447676   1.5 BIEM 
  1917.8279   1917.3044    0.646489  -2.500 2.867e+04  29.00     6.867659   1.5     7.514185   0.5 BIEM 
  1920.3692   1919.8450    0.645633  -3.130 3.352e+03  29.00     6.867659   1.5     7.513329   1.5 BIEM 
  1921.7065   1921.1820    0.645184  -2.170 3.053e+04  29.00     6.868108   2.5     7.513329   1.5 BIEM 
  1934.7037   1934.1756    0.640850  -2.630 6.962e+03  29.00     6.872449   3.5     7.513335   2.5 BIEM 
  1936.0146   1935.4862    0.640416  -3.920 3.566e+02  29.00     6.872883   2.5     7.513335   2.5 BIEM 
  1936.2096   1935.6811    0.640351  -2.770 7.554e+03  29.00     6.872883   2.5     7.513271   1.5 BIEM 
  1960.7993   1960.2641    0.632321  -0.770 7.365e+05  29.00     6.552852   0.5     7.185209   1.5 BIEM 
  1963.6566   1963.1206    0.631401  -1.020 8.260e+05  29.00     6.191593   1.5     6.823030   0.5 BIEM 
  1985.0052   1984.4634    0.624610  -1.000 4.232e+05  29.00     6.823030   0.5     7.447676   1.5 BIEM 

Number of lines in output :  383

Parameter set used in search:

Lower wavelength limit:    200.0000 nm
Upper wavelength limit:   2000.0000 nm
Lower limit on log gf:  -5.000
Upper limit on log gf:   2.000
Lower limit on energy for lower level:        0.000 cm^-1
Upper limit on energy for lower level:  1000000.000 cm^-1
Lower limit on energy for upper level:        0.000 cm^-1
Upper limit on energy for upper level:  1000000.000 cm^-1

Element list:

Cu I         ( = 29.00 )

Search program by Claas Heise (heise@fz.telekom.de), Jan 17, 1996



