Number of lines in output : 79
--------------------------------------------------------------------------------------------------------
    Wl_vac      Wl_air    E_Photon   log_gf   A-Value   Elem. E_lower_lev.   J   E_upper_lev.   J   Ref.
     / nm        / nm        / eV              / 1/s   (Code)     / eV     lower     / eV     upper     
--------------------------------------------------------------------------------------------------------
   260.5790    260.5012    4.758640  -0.922 2.351e+07   3.01    69.373903   1.0    74.132250   2.0 NBS  
   260.5790    260.5012    4.758640  -1.402 1.298e+07   3.01    69.373903   1.0    74.132250   1.0 NBS  
   260.5849    260.5071    4.758532  -0.652 3.127e+07   3.01    69.374010   2.0    74.132250   3.0 NBS  
   260.5849    260.5071    4.758532  -1.402 7.785e+06   3.01    69.374010   2.0    74.132250   2.0 NBS  
   260.5849    260.5071    4.758532  -2.572 8.772e+05   3.01    69.374010   2.0    74.132250   1.0 NBS  
   260.5912    260.5134    4.758417  -1.272 1.750e+07   3.01    69.374125   0.0    74.132250   1.0 NBS  
   265.8044    265.7253    4.665091  -1.743 5.687e+06   3.01    69.373903   1.0    74.038709   1.0 NBS  
   265.8104    265.7313    4.664986  -1.523 9.438e+06   3.01    69.374010   2.0    74.038709   1.0 NBS  
   265.8170    265.7379    4.664870  -2.213 1.927e+06   3.01    69.374125   0.0    74.038709   1.0 NBS  
   267.5442    267.4647    4.634755  -1.213 1.902e+07   3.01    68.785454   1.0    73.419926   1.0 NBS  
   267.5442    267.4647    4.634755  -0.993 1.894e+07   3.01    68.785454   1.0    73.419926   2.0 NBS  
   267.5442    267.4647    4.634755  -1.683 1.933e+07   3.01    68.785454   1.0    73.419926   0.0 NBS  
   272.9174    272.8366    4.543506  -0.800 2.839e+07   3.01    69.590118   1.0    74.133345   2.0 NBS  
   272.9174    272.8366    4.543506  -0.470 3.371e+07   3.01    69.590118   3.0    74.133345   4.0 NBS  
   272.9174    272.8366    4.543506  -1.520 3.863e+06   3.01    69.590118   3.0    74.133345   3.0 NBS  
   272.9174    272.8366    4.543506  -1.520 5.409e+06   3.01    69.590118   2.0    74.133345   2.0 NBS  
   272.9174    272.8366    4.543506  -0.630 2.999e+07   3.01    69.590118   2.0    74.133345   3.0 NBS  
   272.9174    272.8366    4.543506  -3.150 1.268e+05   3.01    69.590118   3.0    74.133345   2.0 NBS  
   273.1280    273.0472    4.540002  -0.578 3.375e+07   3.01    69.593753   2.0    74.133476   3.0 NBS  
   276.7806    276.6989    4.480089  -0.781 2.883e+07   3.01    69.653170   1.0    74.132985   2.0 NBS  
   279.1136    279.0313    4.442642  -1.789 1.392e+07   3.01    69.653170   1.0    74.095540   0.0 NBS  
   295.3596    295.2733    4.198278  -1.102 2.015e+07   3.01    69.284300   0.0    73.482320   1.0 NBS  
   302.9916    302.9034    4.092529  -1.026 2.281e+07   3.01    69.373903   1.0    73.466181   1.0 NBS  
   302.9916    302.9034    4.092529  -0.546 4.133e+07   3.01    69.373903   1.0    73.466181   2.0 NBS  
   302.9995    302.9113    4.092422  -2.196 1.542e+06   3.01    69.374010   2.0    73.466181   1.0 NBS  
   302.9995    302.9113    4.092422  -0.276 5.497e+07   3.01    69.374010   2.0    73.466181   3.0 NBS  
   302.9995    302.9113    4.092422  -1.026 1.369e+07   3.01    69.374010   2.0    73.466181   2.0 NBS  
   303.0080    302.9198    4.092307  -0.896 3.077e+07   3.01    69.374125   0.0    73.466181   1.0 NBS  
   315.6171    315.5257    3.928817  -1.326 1.054e+07   3.01    69.373903   1.0    73.302480   1.0 NBS  
   315.6256    315.5342    3.928711  -1.106 1.748e+07   3.01    69.374010   2.0    73.302480   1.0 NBS  
   315.6349    315.5435    3.928596  -1.796 3.570e+06   3.01    69.374125   0.0    73.302480   1.0 NBS  
   319.7359    319.6435    3.878206  -1.044 1.179e+07   3.01    69.590118   2.0    73.468086   2.0 NBS  
   319.7359    319.6435    3.878206   0.006 7.350e+07   3.01    69.590118   3.0    73.468086   4.0 NBS  
   319.7359    319.6435    3.878206  -1.044 8.423e+06   3.01    69.590118   3.0    73.468086   3.0 NBS  
   319.7359    319.6435    3.878206  -0.324 6.188e+07   3.01    69.590118   1.0    73.468086   2.0 NBS  
   319.7359    319.6435    3.878206  -0.154 6.538e+07   3.01    69.590118   2.0    73.468086   3.0 NBS  
   319.7359    319.6435    3.878206  -2.674 2.764e+05   3.01    69.590118   3.0    73.468086   2.0 NBS  
   320.0257    319.9332    3.874695  -0.102 7.356e+07   3.01    69.593753   2.0    73.468210   3.0 NBS  
   323.7566    323.6632    3.830043  -3.507 3.960e+04   3.01    69.590118   1.0    73.419926   2.0 NBS  
   323.7566    323.6632    3.830043  -2.337 9.763e+05   3.01    69.590118   1.0    73.419926   1.0 NBS  
   323.7566    323.6632    3.830043  -2.207 3.951e+06   3.01    69.590118   1.0    73.419926   0.0 NBS  
   323.7566    323.6632    3.830043  -1.587 3.294e+06   3.01    69.590118   3.0    73.419926   2.0 NBS  
   323.7566    323.6632    3.830043  -1.857 2.948e+06   3.01    69.590118   2.0    73.419926   1.0 NBS  
   323.7566    323.6632    3.830043  -2.337 5.858e+05   3.01    69.590118   2.0    73.419926   2.0 NBS  
   325.0806    324.9868    3.814445  -0.379 5.274e+07   3.01    69.653170   1.0    73.467381   2.0 NBS  
   330.7236    330.6284    3.749360  -1.384 2.519e+07   3.01    69.653170   1.0    73.402300   0.0 NBS  
   368.5683    368.4634    3.364374  -0.527 2.918e+07   3.01    68.785454   1.0    72.149622   2.0 NBS  
   368.5683    368.4634    3.364374  -0.747 2.931e+07   3.01    68.785454   1.0    72.149622   1.0 NBS  
   368.5683    368.4634    3.364374  -1.217 2.979e+07   3.01    68.785454   1.0    72.149622   0.0 NBS  
   415.7619    415.6447    2.982480  -0.564 3.510e+07   3.01    69.284300   0.0    72.266598   1.0 NBS  
   432.6468    432.5252    2.866083   0.069 8.354e+07   3.01    69.373903   1.0    72.239810   2.0 NBS  
   432.6468    432.5252    2.866083  -0.411 4.610e+07   3.01    69.373903   1.0    72.239810   1.0 NBS  
   432.6629    432.5413    2.865976  -1.581 3.117e+06   3.01    69.374010   2.0    72.239810   1.0 NBS  
   432.6629    432.5413    2.865976   0.339 1.111e+08   3.01    69.374010   2.0    72.239810   3.0 NBS  
   432.6629    432.5413    2.865976  -0.411 2.766e+07   3.01    69.374010   2.0    72.239810   2.0 NBS  
   432.6803    432.5587    2.865861  -0.281 6.218e+07   3.01    69.374125   0.0    72.239810   1.0 NBS  
   463.8974    463.7675    2.673009  -1.342 4.701e+06   3.01    69.593753   2.0    72.266598   1.0 NBS  
   467.3188    467.1880    2.653439  -0.238 2.522e+07   3.01    69.590118   3.0    72.243394   3.0 NBS  
   467.3188    467.1880    2.653439  -0.238 3.531e+07   3.01    69.590118   2.0    72.243394   2.0 NBS  
   467.3188    467.1880    2.653439  -1.868 8.278e+05   3.01    69.590118   3.0    72.243394   2.0 NBS  
   467.3188    467.1880    2.653439   0.652 1.958e+08   3.01    69.590118   2.0    72.243394   3.0 NBS  
   467.3188    467.1880    2.653439   0.812 2.201e+08   3.01    69.590118   3.0    72.243394   4.0 NBS  
   467.3188    467.1880    2.653439   0.482 1.853e+08   3.01    69.590118   1.0    72.243394   2.0 NBS  
   467.9365    467.8056    2.649936   0.706 2.211e+08   3.01    69.593753   2.0    72.243526   3.0 NBS  
   478.9701    478.8362    2.588892   0.303 1.168e+08   3.01    69.653170   1.0    72.241903   2.0 NBS  
   484.4398    484.3045    2.559661  -2.798 9.051e+04   3.01    69.590118   1.0    72.149622   2.0 NBS  
   484.4398    484.3045    2.559661  -1.148 6.738e+06   3.01    69.590118   2.0    72.149622   1.0 NBS  
   484.4398    484.3045    2.559661  -1.628 1.339e+06   3.01    69.590118   2.0    72.149622   2.0 NBS  
   484.4398    484.3045    2.559661  -1.498 9.029e+06   3.01    69.590118   1.0    72.149622   0.0 NBS  
   484.4398    484.3045    2.559661  -0.878 7.528e+06   3.01    69.590118   3.0    72.149622   2.0 NBS  
   484.4398    484.3045    2.559661  -1.628 2.231e+06   3.01    69.590118   1.0    72.149622   1.0 NBS  
   488.2564    488.1201    2.539653  -0.582 2.442e+07   3.01    69.373903   1.0    71.913400   1.0 NBS  
   488.2769    488.1406    2.539546  -0.362 4.052e+07   3.01    69.374010   2.0    71.913400   1.0 NBS  
   488.2991    488.1628    2.539431  -1.052 8.272e+06   3.01    69.374125   0.0    71.913400   1.0 NBS  
   503.9319    503.7914    2.460653  -0.686 5.412e+07   3.01    69.653170   1.0    72.113673   0.0 NBS  
   548.5061    548.3537    2.260689  -0.984 2.300e+07   3.01    59.024827   1.0    61.285378   0.0 NBS  
   548.5990    548.4466    2.260306  -0.294 2.252e+07   3.01    59.024827   1.0    61.284994   2.0 NBS  
   548.6640    548.5116    2.260038  -0.514 2.261e+07   3.01    59.024827   1.0    61.284727   1.0 NBS  
   851.9709    851.7369    1.455451  -0.672 6.519e+06   3.01    60.765170   0.0    62.220532   1.0 NBS  

Number of lines in output : 79
Parameter set used in search:
Lower wavelength limit: 200.0000 nm
Upper wavelength limit: 2000.0000 nm
Lower limit on log gf: -5.000 Upper limit on log gf: 3.000 Lower limit on energy for lower level: 0.000 cm^-1
Upper limit on energy for lower level: 1000000.000 cm^-1
Lower limit on energy for upper level: 0.000 cm^-1
Upper limit on energy for upper level: 1000000.000 cm^-1
Element list:
Li II ( = 3.01 )
Search program by Claas Heise (heise@fz.telekom.de), Jan 17, 1996
