Number of lines in output :  360
--------------------------------------------------------------------------------------------------------
    Wl_vac      Wl_air    E_Photon   log_gf   A-Value   Elem. E_lower_lev.   J   E_upper_lev.   J   Ref.
     / nm        / nm       / eV               / 1/s   (Code)     / eV     lower     / eV     upper     
--------------------------------------------------------------------------------------------------------
   220.3368    220.2681    5.627087  -1.410 6.681e+06  12.01     8.864252   2.5    14.491662   3.5 KP   
   220.3368    220.2681    5.627087  -2.710 4.465e+05  12.01     8.864252   2.5    14.491662   2.5 KP   
   220.3411    220.2723    5.626978  -1.560 6.306e+06  12.01     8.864360   1.5    14.491662   2.5 KP   
   221.7601    221.6911    5.590971  -3.630 7.949e+04  12.01     8.655294   0.5    14.246586   1.5 KP   
   221.7697    221.7006    5.590732  -3.930 7.967e+04  12.01     8.655294   0.5    14.246347   0.5 KP   
   225.4567    225.3869    5.499301  -1.240 9.439e+06  12.01     8.864252   2.5    14.363869   3.5 KP   
   225.4567    225.3869    5.499301  -1.240 9.439e+06  12.01     8.864252   2.5    14.363869   3.5 KP   
   225.4567    225.3869    5.499301  -2.540 6.307e+05  12.01     8.864252   2.5    14.363869   2.5 KP   
   225.4567    225.3869    5.499301  -1.240 9.439e+06  12.01     8.864252   2.5    14.363869   3.5 KP   
   225.4611    225.3913    5.499193  -1.390 8.909e+06  12.01     8.864360   1.5    14.363869   2.5 KP   
   230.3695    230.2986    5.382026  -2.950 3.525e+05  12.01     8.864252   2.5    14.246586   1.5 KP   
   230.3741    230.3032    5.381917  -3.910 3.865e+04  12.01     8.864360   1.5    14.246586   1.5 KP   
   230.3843    230.3134    5.381678  -3.210 3.874e+05  12.01     8.864360   1.5    14.246347   0.5 KP   
   231.3308    231.2597    5.359660  -3.540 8.987e+04  12.01     8.655294   0.5    14.015262   1.5 KP   
   231.3460    231.2749    5.359308  -3.840 9.007e+04  12.01     8.655294   0.5    14.014910   0.5 KP   
   233.0277    232.9562    5.320632  -1.040 1.400e+07  12.01     8.864252   2.5    14.185189   3.5 KP   
   233.0277    232.9562    5.320632  -2.340 9.357e+05  12.01     8.864252   2.5    14.185189   2.5 KP   
   233.0324    232.9609    5.320524  -1.190 1.322e+07  12.01     8.864360   1.5    14.185189   2.5 KP   
   240.7150    240.6418    5.150715  -2.740 5.237e+05  12.01     8.864252   2.5    14.015262   1.5 KP   
   240.7201    240.6469    5.150606  -3.700 5.742e+04  12.01     8.864360   1.5    14.015262   1.5 KP   
   240.7365    240.6633    5.150254  -3.000 5.755e+05  12.01     8.864360   1.5    14.014910   0.5 KP   
   245.0303    244.9561    5.060005  -2.090 1.505e+06  12.01     8.864252   2.5    13.924547   2.5 KP   
   245.0303    244.9561    5.060005  -0.790 2.252e+07  12.01     8.864252   2.5    13.924547   3.5 KP   
   245.0355    244.9613    5.059896  -0.950 2.077e+07  12.01     8.864360   1.5    13.924547   2.5 KP   
   247.5062    247.4314    5.009389  -3.510 8.412e+04  12.01     8.655294   0.5    13.664971   1.5 KP   
   247.5332    247.4584    5.008842  -3.810 8.430e+04  12.01     8.655294   0.5    13.664424   0.5 KP   
   258.2792    258.2019    4.800443  -2.490 8.089e+05  12.01     8.864252   2.5    13.664971   1.5 KP   
   258.2850    258.2077    4.800335  -3.440 9.075e+04  12.01     8.864360   1.5    13.664971   1.5 KP   
   258.3144    258.2371    4.799788  -2.740 9.095e+05  12.01     8.864360   1.5    13.664424   0.5 KP   
   266.1546    266.0754    4.658401  -0.480 3.897e+07  12.01     8.864252   2.5    13.522920   3.5 KP   
   266.1548    266.0756    4.658397  -1.780 2.604e+06  12.01     8.864252   2.5    13.522916   2.5 KP   
   266.1610    266.0818    4.658289  -0.630 3.679e+07  12.01     8.864360   1.5    13.522916   2.5 KP   
   279.1365    279.0542    4.441750  -3.860 2.954e+04  12.01     8.655294   0.5    13.097299   1.5 KP   
   279.1600    279.0777    4.441376   0.280 4.077e+08  12.01     4.422729   0.5     8.864360   1.5 KP   
   279.1940    279.1117    4.440835  -4.160 2.960e+04  12.01     8.655294   0.5    13.096384   0.5 KP   
   279.6352    279.5528    4.433828   0.100 2.685e+08  12.01     0.000000   0.5     4.434083   1.5 KP   
   279.8754    279.7929    4.430022  -0.420 8.094e+07  12.01     4.434083   1.5     8.864360   1.5 KP   
   279.8823    279.7998    4.429914   0.530 4.809e+08  12.01     4.434083   1.5     8.864252   2.5 KP   
   280.3531    280.2705    4.422475  -0.210 2.616e+08  12.01     0.000000   0.5     4.422729   0.5 KP   
   284.2933    284.2097    4.361180  -2.350 9.216e+05  12.01     9.996218   0.5    14.357649   1.5 KP   
   284.5315    284.4479    4.357529  -2.440 1.496e+06  12.01     9.996218   0.5    14.353998   0.5 KP   
   284.5402    284.4566    4.357396  -3.050 1.836e+05  12.01    10.000002   1.5    14.357649   1.5 KP   
   284.5406    284.4570    4.357390  -2.100 1.091e+06  12.01    10.000002   1.5    14.357643   2.5 KP   
   284.7789    284.6952    4.353745  -2.140 2.979e+06  12.01    10.000002   1.5    14.353998   0.5 KP   
   292.9156    292.8299    4.232805  -2.140 1.408e+06  12.01     8.864252   2.5    13.097299   1.5 KP   
   292.9231    292.8374    4.232696  -3.090 1.580e+05  12.01     8.864360   1.5    13.097299   1.5 KP   
   292.9490    292.8633    4.232322  -0.540 1.121e+08  12.01     4.422729   0.5     8.655294   0.5 KP   
   292.9864    292.9007    4.231781  -2.390 1.583e+06  12.01     8.864360   1.5    13.096384   0.5 KP   
   293.7369    293.6510    4.220969  -0.240 2.224e+08  12.01     4.434083   1.5     8.655294   0.5 KP   
   296.6194    296.5328    4.179951  -2.110 1.471e+06  12.01     9.996218   0.5    14.176409   1.5 KP   
   296.8882    296.8015    4.176167  -2.810 2.930e+05  12.01    10.000002   1.5    14.176409   1.5 KP   
   296.8887    296.8020    4.176159  -1.860 1.741e+06  12.01    10.000002   1.5    14.176402   2.5 KP   
   297.0015    296.9148    4.174572  -2.240 2.176e+06  12.01     9.996218   0.5    14.171030   0.5 KP   
   297.2710    297.1842    4.170788  -1.940 4.333e+06  12.01    10.000002   1.5    14.171030   0.5 KP   
   310.5616    310.4715    3.992298  -0.030 8.068e+07  12.01     8.864252   2.5    12.856779   3.5 KP   
   310.5622    310.4721    3.992290  -1.330 5.391e+06  12.01     8.864252   2.5    12.856771   2.5 KP   
   310.5706    310.4805    3.992182  -0.190 7.441e+07  12.01     8.864360   1.5    12.856771   2.5 KP   
   316.6795    316.5879    3.915171  -1.810 2.575e+06  12.01     9.996218   0.5    13.911614   1.5 KP   
   316.9858    316.8941    3.911387  -2.510 5.128e+05  12.01    10.000002   1.5    13.911614   1.5 KP   
   316.9871    316.8954    3.911372  -1.550 3.118e+06  12.01    10.000002   1.5    13.911600   2.5 KP   
   317.3626    317.2708    3.906744  -2.000 3.311e+06  12.01     9.996218   0.5    13.903187   0.5 KP   
   317.6703    317.5784    3.902960  -1.700 6.594e+06  12.01    10.000002   1.5    13.903187   0.5 KP   
   353.5980    353.4970    3.506395  -1.400 5.309e+06  12.01     9.996218   0.5    13.502815   1.5 KP   
   353.9800    353.8789    3.502611  -2.100 1.057e+06  12.01    10.000002   1.5    13.502815   1.5 KP   
   353.9823    353.8812    3.502589  -1.140 6.427e+06  12.01    10.000002   1.5    13.502792   2.5 KP   
   355.0527    354.9513    3.492029  -1.680 5.527e+06  12.01     9.996218   0.5    13.488448   0.5 KP   
   355.4379    355.3364    3.488245  -1.380 1.100e+07  12.01    10.000002   1.5    13.488448   0.5 KP   
   361.4811    361.3780    3.429929  -2.810 1.976e+05  12.01     8.655294   0.5    12.085421   1.5 KP   
   361.6614    361.5583    3.428218  -3.120 1.934e+05  12.01     8.655294   0.5    12.083710   0.5 KP   
   384.9302    384.8211    3.220984  -1.590 2.893e+06  12.01     8.864252   2.5    12.085421   1.5 KP   
   384.9432    384.8341    3.220876  -2.540 3.245e+05  12.01     8.864360   1.5    12.085421   1.5 KP   
   385.1478    385.0386    3.219165  -1.840 3.250e+06  12.01     8.864360   1.5    12.083710   0.5 KP   
   419.4652    419.3470    2.955798  -1.440 1.720e+06  12.01    11.630456   2.5    14.586424   3.5 KP   
   419.4673    419.3491    2.955783  -1.330 1.773e+06  12.01    11.630471   3.5    14.586424   4.5 KP   
   419.4673    419.3491    2.955783  -2.870 6.392e+04  12.01    11.630471   3.5    14.586424   3.5 KP   
   424.3643    424.2448    2.921675  -2.380 2.573e+05  12.01    11.569819   2.5    14.491662   2.5 KP   
   424.3643    424.2448    2.921675  -1.070 3.941e+06  12.01    11.569819   2.5    14.491662   3.5 KP   
   424.3737    424.2542    2.921610  -1.230 3.635e+06  12.01    11.569883   1.5    14.491662   2.5 KP   
   433.3148    433.1930    2.861325  -1.260 2.440e+06  12.01    11.630456   2.5    14.491945   3.5 KP   
   433.3171    433.1953    2.861310  -1.150 2.515e+06  12.01    11.630471   3.5    14.491945   4.5 KP   
   433.3171    433.1953    2.861310  -2.690 9.066e+04  12.01    11.630471   3.5    14.491945   3.5 KP   
   438.5869    438.4637    2.826930  -0.790 1.406e+07  12.01     9.996218   0.5    12.823311   1.5 KP   
   439.1747    439.0514    2.823146  -1.490 2.798e+06  12.01    10.000002   1.5    12.823311   1.5 KP   
   439.1805    439.0572    2.823109  -0.530 1.701e+07  12.01    10.000002   1.5    12.823273   2.5 KP   
   442.9237    442.7994    2.799250  -1.210 1.048e+07  12.01     9.996218   0.5    12.795629   0.5 KP   
   443.5233    443.3988    2.795466  -0.910 2.086e+07  12.01    10.000002   1.5    12.795629   0.5 KP   
   443.7737    443.6491    2.793889  -0.890 5.454e+06  12.01    11.569819   2.5    14.363869   3.5 KP   
   443.7737    443.6491    2.793889  -2.190 3.645e+05  12.01    11.569819   2.5    14.363869   2.5 KP   
   443.7839    443.6593    2.793825  -1.040 5.148e+06  12.01    11.569883   1.5    14.363869   2.5 KP   
   448.2383    448.1126    2.766061   0.740 2.280e+08  12.01     8.864252   2.5    11.630471   3.5 KP   
   448.2407    448.1150    2.766046  -0.560 1.524e+07  12.01     8.864252   2.5    11.630456   2.5 KP   
   448.2582    448.1325    2.765937   0.590 2.152e+08  12.01     8.864360   1.5    11.630456   2.5 KP   
   452.3206    452.1938    2.741096  -4.090 6.625e+03  12.01    11.505333   0.5    14.246586   1.5 KP   
   452.3601    452.2333    2.740857  -4.390 6.639e+03  12.01    11.505333   0.5    14.246347   0.5 KP   
   453.5550    453.4279    2.733636  -1.050 3.612e+06  12.01    11.630456   2.5    14.364249   3.5 KP   
   453.5575    453.4304    2.733621  -0.940 3.723e+06  12.01    11.630471   3.5    14.364249   4.5 KP   
   453.5575    453.4304    2.733621  -2.480 1.342e+05  12.01    11.630471   3.5    14.364249   3.5 KP   
   454.6527    454.5253    2.727036  -2.860 1.114e+05  12.01    11.630456   2.5    14.357649   1.5 KP   
   454.6537    454.5263    2.727030  -4.000 5.378e+03  12.01    11.630456   2.5    14.357643   2.5 KP   
   454.6562    454.5288    2.727015  -2.700 1.073e+05  12.01    11.630471   3.5    14.357643   2.5 KP   
   463.2175    463.0878    2.676614  -2.440 2.822e+05  12.01    11.569819   2.5    14.246586   1.5 KP   
   463.2287    463.0990    2.676549  -3.400 3.094e+04  12.01    11.569883   1.5    14.246586   1.5 KP   
   463.2701    463.1404    2.676310  -2.700 3.100e+05  12.01    11.569883   1.5    14.246347   0.5 KP   
   474.0919    473.9593    2.615220  -0.660 8.115e+06  12.01    11.569819   2.5    14.185189   3.5 KP   
   474.0919    473.9593    2.615220  -1.960 5.423e+05  12.01    11.569819   2.5    14.185189   2.5 KP   
   474.1035    473.9709    2.615155  -0.820 7.486e+06  12.01    11.569883   1.5    14.185189   2.5 KP   
   485.2425    485.1070    2.555123  -0.790 5.743e+06  12.01    11.630456   2.5    14.185726   3.5 KP   
   485.2454    485.1099    2.555108  -0.680 5.918e+06  12.01    11.630471   3.5    14.185726   4.5 KP   
   485.2454    485.1099    2.555108  -2.220 2.134e+05  12.01    11.630471   3.5    14.185726   3.5 KP   
   487.0183    486.8823    2.545807  -2.610 1.726e+05  12.01    11.630456   2.5    14.176409   1.5 KP   
   487.0197    486.8837    2.545799  -3.760 8.145e+03  12.01    11.630456   2.5    14.176402   2.5 KP   
   487.0226    486.8866    2.545784  -2.460 1.625e+05  12.01    11.630471   3.5    14.176402   2.5 KP   
   494.0082    493.8703    2.509785  -4.490 2.211e+03  12.01    11.505333   0.5    14.015262   1.5 KP   
   494.0775    493.9396    2.509433  -4.790 2.216e+03  12.01    11.505333   0.5    14.014910   0.5 KP   
   507.0351    506.8938    2.445303  -2.190 4.188e+05  12.01    11.569819   2.5    14.015262   1.5 KP   
   507.0485    506.9072    2.445238  -3.140 4.699e+04  12.01    11.569883   1.5    14.015262   1.5 KP   
   507.1215    506.9802    2.444886  -2.440 4.708e+05  12.01    11.569883   1.5    14.014910   0.5 KP   
   526.5685    526.4220    2.354593  -1.680 8.377e+05  12.01    11.569819   2.5    13.924547   2.5 KP   
   526.5685    526.4220    2.354593  -0.380 1.254e+07  12.01    11.569819   2.5    13.924547   3.5 KP   
   526.5829    526.4364    2.354528  -0.530 1.183e+07  12.01    11.569883   1.5    13.924547   2.5 KP   
   540.3023    540.1521    2.294742  -0.450 1.013e+07  12.01    11.630456   2.5    13.925330   3.5 KP   
   540.3058    540.1556    2.294727  -0.340 1.044e+07  12.01    11.630471   3.5    13.925330   4.5 KP   
   540.3058    540.1556    2.294727  -1.880 3.765e+05  12.01    11.630471   3.5    13.925330   3.5 KP   
   543.5509    543.3999    2.281027  -2.300 2.829e+05  12.01    11.630456   2.5    13.911614   1.5 KP   
   543.5544    543.4034    2.281012  -3.450 1.335e+04  12.01    11.630456   2.5    13.911600   2.5 KP   
   543.5580    543.4070    2.280997  -2.150 2.664e+05  12.01    11.630471   3.5    13.911600   2.5 KP   
   545.2765    545.1250    2.273809  -1.860 7.742e+05  12.01    12.083710   0.5    14.357649   1.5 KP   
   545.6871    545.5355    2.272098  -2.560 1.542e+05  12.01    12.085421   1.5    14.357649   1.5 KP   
   545.6886    545.5370    2.272091  -1.600 9.377e+05  12.01    12.085421   1.5    14.357643   2.5 KP   
   574.1359    573.9767    2.159514  -4.190 3.266e+03  12.01    11.505333   0.5    13.664971   1.5 KP   
   574.2813    574.1220    2.158967  -4.490 3.272e+03  12.01    11.505333   0.5    13.664424   0.5 KP   
   591.8070    591.6431    2.095032  -1.840 6.882e+05  12.01    11.569819   2.5    13.664971   1.5 KP   
   591.8252    591.6613    2.094967  -2.800 7.545e+04  12.01    11.569883   1.5    13.664971   1.5 KP   
   591.9798    591.8158    2.094420  -2.100 7.559e+05  12.01    11.569883   1.5    13.664424   0.5 KP   
   592.5006    592.3365    2.092579  -1.580 1.249e+06  12.01    12.083710   0.5    14.176409   1.5 KP   
   592.9855    592.8212    2.090868  -2.270 2.547e+05  12.01    12.085421   1.5    14.176409   1.5 KP   
   592.9876    592.8233    2.090861  -1.320 1.513e+06  12.01    12.085421   1.5    14.176402   2.5 KP   
   594.0274    593.8629    2.087201  -1.850 1.335e+06  12.01    12.083710   0.5    14.171030   0.5 KP   
   594.5148    594.3501    2.085490  -1.550 2.659e+06  12.01    12.085421   1.5    14.171030   0.5 KP   
   634.8497    634.6742    1.952989   0.020 2.166e+07  12.01    11.569819   2.5    13.522920   3.5 KP   
   634.8509    634.6754    1.952985  -1.280 1.448e+06  12.01    11.569819   2.5    13.522916   2.5 KP   
   634.8719    634.6964    1.952921  -0.140 1.998e+07  12.01    11.569883   1.5    13.522916   2.5 KP   
   654.7750    654.5942    1.893558   0.040 2.132e+07  12.01    11.630456   2.5    13.524123   3.5 KP   
   654.7802    654.5994    1.893543  -1.390 7.922e+05  12.01    11.630471   3.5    13.524123   3.5 KP   
   654.7802    654.5994    1.893543   0.150 2.198e+07  12.01    11.630471   3.5    13.524123   4.5 KP   
   662.2266    662.0438    1.872251  -1.850 5.371e+05  12.01    11.630456   2.5    13.502815   1.5 KP   
   662.2345    662.0517    1.872228  -3.000 2.535e+04  12.01    11.630456   2.5    13.502792   2.5 KP   
   662.2398    662.0570    1.872214  -1.700 5.058e+05  12.01    11.630471   3.5    13.502792   2.5 KP   
   678.3317    678.1445    1.827800  -1.200 2.287e+06  12.01    12.083710   0.5    13.911614   1.5 KP   
   678.9672    678.7799    1.826089  -1.900 4.554e+05  12.01    12.085421   1.5    13.911614   1.5 KP   
   678.9728    678.7855    1.826074  -0.940 2.769e+06  12.01    12.085421   1.5    13.911600   2.5 KP   
   681.4737    681.2857    1.819372  -1.540 2.071e+06  12.01    12.083710   0.5    13.903187   0.5 KP   
   682.1152    681.9270    1.817661  -1.230 4.221e+06  12.01    12.085421   1.5    13.903187   0.5 KP   
   716.8638    716.6663    1.729553  -1.040 1.480e+06  12.01    12.856771   2.5    14.586424   3.5 KP   
   716.8669    716.6694    1.729546  -0.920 1.560e+06  12.01    12.856779   3.5    14.586424   4.5 KP   
   716.8669    716.6694    1.729546  -2.470 5.497e+04  12.01    12.856779   3.5    14.586424   3.5 KP   
   743.1877    742.9831    1.668292  -0.830 2.233e+06  12.01    12.823273   2.5    14.491662   3.5 KP   
   743.1877    742.9831    1.668292  -2.130 1.492e+05  12.01    12.823273   2.5    14.491662   2.5 KP   
   743.2043    742.9997    1.668255  -0.980 2.107e+06  12.01    12.823311   1.5    14.491662   2.5 KP   
   758.2835    758.0748    1.635080  -0.840 2.096e+06  12.01    12.856771   2.5    14.491945   3.5 KP   
   758.2869    758.0782    1.635073  -2.270 7.787e+04  12.01    12.856779   3.5    14.491945   3.5 KP   
   758.2869    758.0782    1.635073  -0.730 2.160e+06  12.01    12.856779   3.5    14.491945   4.5 KP   
   759.1642    758.9553    1.633183  -0.870 1.301e+06  12.01    12.858730   4.5    14.492007   5.5 KP   
   759.1642    758.9553    1.633183  -2.600 2.907e+04  12.01    12.858730   4.5    14.492007   4.5 KP   
   759.1642    758.9553    1.633183  -0.960 1.269e+06  12.01    12.858730   3.5    14.492007   4.5 KP   
   759.3251    759.1161    1.632837  -3.100 1.532e+04  12.01    12.858730   3.5    14.491662   2.5 KP   
   759.3251    759.1161    1.632837  -4.530 4.268e+02  12.01    12.858730   3.5    14.491662   3.5 KP   
   759.3251    759.1161    1.632837  -2.990 1.480e+04  12.01    12.858730   4.5    14.491662   3.5 KP   
   778.8642    778.6499    1.591875  -2.190 1.775e+05  12.01    11.505333   0.5    13.097299   1.5 KP   
   779.3121    779.0977    1.590960  -2.490 1.777e+05  12.01    11.505333   0.5    13.096384   0.5 KP   
   787.9221    787.7054    1.573575   0.390 6.593e+07  12.01     9.996218   0.5    11.569883   1.5 KP   
   789.8214    789.6042    1.569791  -0.310 1.309e+07  12.01    10.000002   1.5    11.569883   1.5 KP   
   789.8538    789.6366    1.569726   0.650 7.959e+07  12.01    10.000002   1.5    11.569819   2.5 KP   
   804.8355    804.6142    1.540507  -0.620 3.088e+06  12.01    12.823273   2.5    14.363869   3.5 KP   
   804.8355    804.6142    1.540507  -1.920 2.063e+05  12.01    12.823273   2.5    14.363869   2.5 KP   
   804.8549    804.6336    1.540469  -0.770 2.914e+06  12.01    12.823311   1.5    14.363869   2.5 KP   
   811.7456    811.5225    1.527393  -1.290 1.298e+06  12.01    11.569819   2.5    13.097299   1.5 KP   
   811.7800    811.5568    1.527328  -2.240 1.456e+05  12.01    11.569883   1.5    13.097299   1.5 KP   
   812.2665    812.0432    1.526413  -1.540 1.458e+06  12.01    11.569883   1.5    13.096384   0.5 KP   
   821.6245    821.3987    1.509028  -0.270 2.653e+07  12.01     9.996218   0.5    11.505333   0.5 KP   
   822.5166    822.2905    1.507391  -0.600 3.096e+06  12.01    12.856771   2.5    14.364249   3.5 KP   
   822.5207    822.2946    1.507384  -2.030 1.150e+05  12.01    12.856779   3.5    14.364249   3.5 KP   
   822.5207    822.2946    1.507384  -0.490 3.190e+06  12.01    12.856779   3.5    14.364249   4.5 KP   
   823.5455    823.3192    1.505508  -0.680 2.055e+06  12.01    12.858730   3.5    14.364325   4.5 KP   
   823.5455    823.3192    1.505508  -0.590 2.107e+06  12.01    12.858730   4.5    14.364325   5.5 KP   
   823.5455    823.3192    1.505508  -2.320 4.707e+04  12.01    12.858730   4.5    14.364325   4.5 KP   
   823.6900    823.4636    1.505244   0.030 5.267e+07  12.01    10.000002   1.5    11.505333   0.5 KP   
   823.7952    823.5688    1.505052  -2.730 2.288e+04  12.01    12.858730   4.5    14.363869   3.5 KP   
   823.7952    823.5688    1.505052  -2.840 2.368e+04  12.01    12.858730   3.5    14.363869   2.5 KP   
   823.7952    823.5688    1.505052  -4.270 6.598e+02  12.01    12.858730   3.5    14.363869   3.5 KP   
   826.1336    825.9066    1.500792  -2.170 1.652e+05  12.01    12.856771   2.5    14.357649   1.5 KP   
   826.1370    825.9100    1.500785  -3.320 7.796e+03  12.01    12.856771   2.5    14.357643   2.5 KP   
   826.1411    825.9141    1.500778  -2.020 1.555e+05  12.01    12.856779   3.5    14.357643   2.5 KP   
   854.5570    854.3223    1.450874  -4.750 4.061e+02  12.01    12.795629   0.5    14.246586   1.5 KP   
   871.1545    870.9153    1.423231  -2.050 1.958e+05  12.01    12.823273   2.5    14.246586   1.5 KP   
   871.1773    870.9381    1.423194  -3.000 2.197e+04  12.01    12.823311   1.5    14.246586   1.5 KP   
   871.3237    871.0845    1.422955  -2.300 2.202e+05  12.01    12.823311   1.5    14.246347   0.5 KP   
   873.7379    873.4980    1.419023  -0.630 5.120e+06  12.01    12.083710   0.5    13.502815   1.5 KP   
   874.7927    874.5525    1.417312  -1.330 1.019e+06  12.01    12.085421   1.5    13.502815   1.5 KP   
   874.8065    874.5663    1.417290  -0.380 6.056e+06  12.01    12.085421   1.5    13.502792   2.5 KP   
   882.6741    882.4318    1.404657  -1.070 3.643e+06  12.01    12.083710   0.5    13.488448   0.5 KP   
   883.7506    883.5080    1.402946  -0.770 7.252e+06  12.01    12.085421   1.5    13.488448   0.5 KP   
   910.4276    910.1778    1.361837  -0.340 4.598e+06  12.01    12.823273   2.5    14.185189   3.5 KP   
   910.4276    910.1778    1.361837  -1.640 3.072e+05  12.01    12.823273   2.5    14.185189   2.5 KP   
   910.4524    910.2026    1.361800  -0.500 4.241e+06  12.01    12.823311   1.5    14.185189   2.5 KP   
   922.0780    921.8250    1.344631   0.270 3.652e+07  12.01     8.655294   0.5    10.000002   1.5 KP   
   924.6802    924.4265    1.340847  -0.030 3.640e+07  12.01     8.655294   0.5     9.996218   0.5 KP   
   933.0081    932.7522    1.328878  -0.290 4.912e+06  12.01    12.856771   2.5    14.185726   3.5 KP   
   933.0133    932.7574    1.328871  -0.180 5.062e+06  12.01    12.856779   3.5    14.185726   4.5 KP   
   933.0133    932.7574    1.328871  -1.720 1.825e+05  12.01    12.856779   3.5    14.185726   3.5 KP   
   934.3105    934.0542    1.327026  -0.230 3.749e+06  12.01    12.858730   4.5    14.185833   5.5 KP   
   934.3105    934.0542    1.327026  -1.960 8.378e+04  12.01    12.858730   4.5    14.185833   4.5 KP   
   934.3105    934.0542    1.327026  -0.320 3.657e+06  12.01    12.858730   3.5    14.185833   4.5 KP   
   934.7638    934.5074    1.326383  -2.390 3.887e+04  12.01    12.858730   4.5    14.185189   3.5 KP   
   934.7638    934.5074    1.326383  -2.500 4.023e+04  12.01    12.858730   3.5    14.185189   2.5 KP   
   934.7638    934.5074    1.326383  -3.930 1.121e+03  12.01    12.858730   3.5    14.185189   3.5 KP   
   939.5953    939.3376    1.319562  -1.860 2.607e+05  12.01    12.856771   2.5    14.176409   1.5 KP   
   939.6006    939.3429    1.319555  -3.010 1.231e+04  12.01    12.856771   2.5    14.176402   2.5 KP   
   939.6059    939.3482    1.319547  -1.710 2.455e+05  12.01    12.856779   3.5    14.176402   2.5 KP   
   963.4533    963.1891    1.286886   0.660 4.106e+07  12.01    11.569819   2.5    12.856779   3.5 KP   
   963.4589    963.1947    1.286878  -0.640 2.744e+06  12.01    11.569819   2.5    12.856771   2.5 KP   
   963.5072    963.2430    1.286814   0.500 3.787e+07  12.01    11.569883   1.5    12.856771   2.5 KP   
   983.0812    982.8117    1.261192  -1.430 6.410e+05  12.01    13.096384   0.5    14.357649   1.5 KP   
   983.7949    983.5252    1.260277  -2.130 1.277e+05  12.01    13.097299   1.5    14.357649   1.5 KP   
   983.7998    983.5301    1.260271  -1.180 7.589e+05  12.01    13.097299   1.5    14.357643   2.5 KP   
  1009.4862   1009.2095    1.228203   0.910 6.650e+07  12.01    11.630456   2.5    12.858730   3.5 KP   
  1009.4984   1009.2217    1.228189   1.020 6.854e+07  12.01    11.630471   3.5    12.858730   4.5 KP   
  1009.4984   1009.2217    1.228189  -0.530 2.414e+06  12.01    11.630471   3.5    12.858730   3.5 KP   
  1016.6383   1016.3597    1.219563  -3.240 9.284e+03  12.01    12.795629   0.5    14.015262   1.5 KP   
  1016.9319   1016.6532    1.219211  -3.540 9.301e+03  12.01    12.795629   0.5    14.014910   0.5 KP   
  1039.4611   1039.1763    1.192786  -1.100 1.226e+06  12.01    11.630456   2.5    12.823311   1.5 KP   
  1039.4935   1039.2087    1.192749  -2.250 5.785e+04  12.01    11.630456   2.5    12.823273   2.5 KP   
  1039.5065   1039.2217    1.192734  -0.950 1.154e+06  12.01    11.630471   3.5    12.823273   2.5 KP   
  1040.2158   1039.9308    1.191920  -1.700 3.075e+05  12.01    12.823273   2.5    14.015262   1.5 KP   
  1040.2483   1039.9633    1.191883  -2.660 3.371e+04  12.01    12.823311   1.5    14.015262   1.5 KP   
  1040.5557   1040.2706    1.191531  -1.960 3.377e+05  12.01    12.823311   1.5    14.014910   0.5 KP   
  1091.7233   1091.4244    1.135686   0.020 1.465e+07  12.01     8.864252   2.5    10.000002   1.5 KP   
  1091.8274   1091.5284    1.135577  -0.930 1.643e+06  12.01     8.864360   1.5    10.000002   1.5 KP   
  1095.4778   1095.1778    1.131793  -0.230 1.636e+07  12.01     8.864360   1.5     9.996218   0.5 KP   
  1125.9017   1125.5935    1.101210   0.020 6.887e+06  12.01    12.823273   2.5    13.924547   3.5 KP   
  1125.9017   1125.5935    1.101210  -1.280 4.602e+05  12.01    12.823273   2.5    13.924547   2.5 KP   
  1125.9397   1125.6315    1.101173  -0.130 6.500e+06  12.01    12.823311   1.5    13.924547   2.5 KP   
  1148.0529   1147.7387    1.079963  -1.070 1.077e+06  12.01    13.096384   0.5    14.176409   1.5 KP   
  1149.0264   1148.7119    1.079048  -1.770 2.145e+05  12.01    13.097299   1.5    14.176409   1.5 KP   
  1149.0344   1148.7199    1.079040  -0.820 1.274e+06  12.01    13.097299   1.5    14.176402   2.5 KP   
  1153.7991   1153.4833    1.074584  -1.430 9.308e+05  12.01    13.096384   0.5    14.171030   0.5 KP   
  1154.7825   1154.4664    1.073669  -1.130 1.854e+06  12.01    13.097299   1.5    14.171030   0.5 KP   
  1160.3715   1160.0539    1.068498   0.140 8.548e+06  12.01    12.856771   2.5    13.925330   3.5 KP   
  1160.3796   1160.0620    1.068490  -1.290 3.176e+05  12.01    12.856779   3.5    13.925330   3.5 KP   
  1160.3796   1160.0620    1.068490   0.250 8.809e+06  12.01    12.856779   3.5    13.925330   4.5 KP   
  1162.3312   1162.0131    1.066696   0.300 8.209e+06  12.01    12.858730   4.5    13.925488   5.5 KP   
  1162.3312   1162.0131    1.066696   0.210 8.007e+06  12.01    12.858730   3.5    13.925488   4.5 KP   
  1162.3312   1162.0131    1.066696  -1.430 1.834e+05  12.01    12.858730   4.5    13.925488   4.5 KP   
  1163.3575   1163.0391    1.065755  -2.030 7.666e+04  12.01    12.858730   3.5    13.924547   2.5 KP   
  1163.3575   1163.0391    1.065755  -1.920 7.406e+04  12.01    12.858730   4.5    13.924547   3.5 KP   
  1163.3575   1163.0391    1.065755  -3.460 2.136e+03  12.01    12.858730   3.5    13.924547   3.5 KP   
  1165.8830   1165.5639    1.063447  -0.750 1.091e+06  12.01    13.522916   2.5    14.586424   3.5 KP   
  1165.8871   1165.5680    1.063443  -2.180 4.052e+04  12.01    13.522920   3.5    14.586424   3.5 KP   
  1165.8871   1165.5680    1.063443  -0.640 1.124e+06  12.01    13.522920   3.5    14.586424   4.5 KP   
  1167.4687   1167.1492    1.062002  -3.110 3.799e+03  12.01    13.524361   5.5    14.586424   4.5 KP   
  1167.4687   1167.1492    1.062002  -4.840 7.074e+01  12.01    13.524361   4.5    14.586424   4.5 KP   
  1167.4687   1167.1492    1.062002  -3.200 3.860e+03  12.01    13.524361   4.5    14.586424   3.5 KP   
  1175.4597   1175.1380    1.054783  -1.430 4.484e+05  12.01    12.856771   2.5    13.911614   1.5 KP   
  1175.4763   1175.1546    1.054768  -2.570 2.165e+04  12.01    12.856771   2.5    13.911600   2.5 KP   
  1175.4846   1175.1629    1.054760  -1.270 4.321e+05  12.01    12.856779   3.5    13.911600   2.5 KP   
  1253.8824   1253.5394    0.988812  -0.590 1.363e+06  12.01    13.502792   2.5    14.491662   3.5 KP   
  1253.8824   1253.5394    0.988812  -1.890 9.109e+04  12.01    13.502792   2.5    14.491662   2.5 KP   
  1253.9107   1253.5677    0.988790  -0.750 1.257e+06  12.01    13.502815   1.5    14.491662   2.5 KP   
  1279.5545   1279.2046    0.968973  -0.520 1.538e+06  12.01    13.522916   2.5    14.491945   3.5 KP   
  1279.5594   1279.2095    0.968970  -1.950 5.714e+04  12.01    13.522920   3.5    14.491945   3.5 KP   
  1279.5594   1279.2095    0.968970  -0.410 1.585e+06  12.01    13.522920   3.5    14.491945   4.5 KP   
  1281.0674   1280.7171    0.967829  -0.360 1.478e+06  12.01    13.524123   4.5    14.492007   5.5 KP   
  1281.0674   1280.7171    0.967829  -0.450 1.442e+06  12.01    13.524123   3.5    14.492007   4.5 KP   
  1281.0674   1280.7171    0.967829  -2.100 3.228e+04  12.01    13.524123   4.5    14.492007   4.5 KP   
  1281.4647   1281.1143    0.967529  -2.930 5.965e+03  12.01    13.524361   4.5    14.491945   3.5 KP   
  1281.4647   1281.1143    0.967529  -4.570 1.093e+02  12.01    13.524361   4.5    14.491945   4.5 KP   
  1281.4647   1281.1143    0.967529  -2.840 5.871e+03  12.01    13.524361   5.5    14.491945   4.5 KP   
  1281.5256   1281.1751    0.967483  -2.240 2.921e+04  12.01    13.524123   4.5    14.491662   3.5 KP   
  1281.5256   1281.1751    0.967483  -3.780 8.425e+02  12.01    13.524123   3.5    14.491662   3.5 KP   
  1281.5256   1281.1751    0.967483  -2.350 3.024e+04  12.01    13.524123   3.5    14.491662   2.5 KP   
  1426.2812   1425.8914    0.869292  -1.890 1.056e+05  12.01    12.795629   0.5    13.664971   1.5 KP   
  1427.1789   1426.7889    0.868745  -2.190 1.057e+05  12.01    12.795629   0.5    13.664424   0.5 KP   
  1439.9719   1439.5784    0.861027  -1.630 1.257e+05  12.01    13.502792   2.5    14.363869   2.5 KP   
  1439.9719   1439.5784    0.861027  -0.330 1.881e+06  12.01    13.502792   2.5    14.363869   3.5 KP   
  1440.0092   1439.6157    0.861004  -0.480 1.775e+06  12.01    13.502815   1.5    14.363869   2.5 KP   
  1473.1250   1472.7225    0.841649  -1.140 5.567e+05  12.01    12.823273   2.5    13.664971   1.5 KP   
  1473.1901   1472.7876    0.841612  -2.090 6.245e+04  12.01    12.823311   1.5    13.664971   1.5 KP   
  1473.7633   1473.3606    0.841285  -0.230 2.260e+06  12.01    13.522916   2.5    14.364249   3.5 KP   
  1473.7698   1473.3671    0.841281  -0.120 2.330e+06  12.01    13.522920   3.5    14.364249   4.5 KP   
  1473.7698   1473.3671    0.841281  -1.660 8.398e+04  12.01    13.522920   3.5    14.364249   3.5 KP   
  1474.1479   1473.7451    0.841065  -1.400 6.110e+05  12.01    12.823311   1.5    13.664424   0.5 KP   
  1475.7468   1475.3436    0.840154  -1.770 5.201e+04  12.01    13.524123   4.5    14.364325   4.5 KP   
  1475.7468   1475.3436    0.840154  -0.130 2.270e+06  12.01    13.524123   3.5    14.364325   4.5 KP   
  1475.7468   1475.3436    0.840154  -0.040 2.328e+06  12.01    13.524123   4.5    14.364325   5.5 KP   
  1476.2980   1475.8946    0.839840  -2.560 1.054e+04  12.01    13.524361   4.5    14.364249   3.5 KP   
  1476.2980   1475.8946    0.839840  -2.470 1.037e+04  12.01    13.524361   5.5    14.364249   4.5 KP   
  1476.2980   1475.8946    0.839840  -4.210 1.887e+02  12.01    13.524361   4.5    14.364249   4.5 KP   
  1476.5488   1476.1453    0.839698  -2.020 4.869e+04  12.01    13.524123   3.5    14.363869   2.5 KP   
  1476.5488   1476.1453    0.839698  -1.910 4.705e+04  12.01    13.524123   4.5    14.363869   3.5 KP   
  1476.5488   1476.1453    0.839698  -3.450 1.357e+03  12.01    13.524123   3.5    14.363869   3.5 KP   
  1485.4162   1485.0103    0.834685  -1.600 1.898e+05  12.01    13.522916   2.5    14.357649   1.5 KP   
  1485.4272   1485.0213    0.834679  -2.750 8.959e+03  12.01    13.522916   2.5    14.357643   2.5 KP   
  1485.4339   1485.0280    0.834675  -1.440 1.829e+05  12.01    13.522920   3.5    14.357643   2.5 KP   
  1520.9518   1520.5363    0.815183  -0.530 2.127e+06  12.01    13.096384   0.5    13.911614   1.5 KP   
  1522.6610   1522.2450    0.814268  -1.230 4.235e+05  12.01    13.097299   1.5    13.911614   1.5 KP   
  1522.6888   1522.2728    0.814253  -0.280 2.516e+06  12.01    13.097299   1.5    13.911600   2.5 KP   
  1536.8395   1536.4197    0.806756  -0.960 1.548e+06  12.01    13.096384   0.5    13.903187   0.5 KP   
  1538.5846   1538.1643    0.805841  -0.660 3.082e+06  12.01    13.097299   1.5    13.903187   0.5 KP   
  1635.4862   1635.0395    0.758095  -2.850 8.806e+03  12.01    13.488448   0.5    14.246586   1.5 KP   
  1636.0025   1635.5557    0.757856  -3.150 8.821e+03  12.01    13.488448   0.5    14.246347   0.5 KP   
  1667.0278   1666.5726    0.743751  -1.620 1.439e+05  12.01    13.502792   2.5    14.246586   1.5 KP   
  1667.0779   1666.6226    0.743729  -2.570 1.615e+04  12.01    13.502815   1.5    14.246586   1.5 KP   
  1667.6144   1667.1590    0.743490  -1.870 1.618e+05  12.01    13.502815   1.5    14.246347   0.5 KP   
  1676.4796   1676.0218    0.739558   0.480 1.792e+07  12.01    12.083710   0.5    12.823311   1.5 KP   
  1680.3673   1679.9084    0.737847  -0.220 3.558e+06  12.01    12.085421   1.5    12.823311   1.5 KP   
  1680.4520   1679.9931    0.737810   0.730 2.114e+07  12.01    12.085421   1.5    12.823273   2.5 KP   
  1741.6657   1741.1901    0.711879  -0.110 8.534e+06  12.01    12.083710   0.5    12.795629   0.5 KP   
  1745.8619   1745.3852    0.710168   0.190 1.695e+07  12.01    12.085421   1.5    12.795629   0.5 KP   
  1772.2170   1771.7331    0.699606   0.620 1.107e+07  12.01    12.823273   2.5    13.522920   3.5 KP   
  1772.2264   1771.7425    0.699603  -0.690 7.227e+05  12.01    12.823273   2.5    13.522916   2.5 KP   
  1772.3206   1771.8367    0.699566   0.460 1.021e+07  12.01    12.823311   1.5    13.522916   2.5 KP   
  1788.6336   1788.1453    0.693185  -0.980 5.458e+05  12.01    13.664424   0.5    14.357649   1.5 KP   
  1790.0455   1789.5568    0.692638  -1.680 1.087e+05  12.01    13.664971   1.5    14.357649   1.5 KP   
  1790.0616   1789.5729    0.692632  -0.720 6.611e+05  12.01    13.664971   1.5    14.357643   2.5 KP   
  1817.0157   1816.5196    0.682358   0.030 2.706e+06  12.01    13.502792   2.5    14.185189   3.5 KP   
  1817.0157   1816.5196    0.682358  -1.270 1.808e+05  12.01    13.502792   2.5    14.185189   2.5 KP   
  1817.0751   1816.5790    0.682335  -0.130 2.496e+06  12.01    13.502815   1.5    14.185189   2.5 KP   
  1857.9797   1857.4725    0.667313   0.850 1.710e+07  12.01    12.856771   2.5    13.524123   3.5 KP   
  1858.0005   1857.4933    0.667306  -0.580 6.352e+05  12.01    12.856779   3.5    13.524123   3.5 KP   
  1858.0005   1857.4933    0.667306   0.960 1.762e+07  12.01    12.856779   3.5    13.524123   4.5 KP   
  1862.7836   1862.2751    0.665592  -0.520 5.805e+05  12.01    12.858730   4.5    13.524361   4.5 KP   
  1862.7836   1862.2751    0.665592   1.130 2.593e+07  12.01    12.858730   3.5    13.524361   4.5 KP   
  1862.7836   1862.2751    0.665592   1.220 2.658e+07  12.01    12.858730   4.5    13.524361   5.5 KP   
  1866.8245   1866.3149    0.664152  -1.120 1.815e+05  12.01    12.858730   4.5    13.522920   3.5 KP   
  1866.8245   1866.3149    0.664152  -2.660 5.234e+03  12.01    12.858730   3.5    13.522920   3.5 KP   
  1866.8349   1866.3253    0.664148  -1.230 1.878e+05  12.01    12.858730   3.5    13.522916   2.5 KP   
  1870.7114   1870.2007    0.662772   0.170 3.524e+06  12.01    13.522916   2.5    14.185726   3.5 KP   
  1870.7219   1870.2112    0.662768   0.280 3.632e+06  12.01    13.522920   3.5    14.185726   4.5 KP   
  1870.7219   1870.2112    0.662768  -1.260 1.309e+05  12.01    13.522920   3.5    14.185726   3.5 KP   
  1873.3468   1872.8354    0.661839  -0.370 8.108e+05  12.01    13.924547   3.5    14.586424   4.5 KP   
  1873.3468   1872.8354    0.661839  -1.910 2.923e+04  12.01    13.924547   3.5    14.586424   3.5 KP   
  1873.3468   1872.8354    0.661839  -0.480 7.867e+05  12.01    13.924547   2.5    14.586424   3.5 KP   
  1873.8207   1873.3092    0.661672   0.330 4.061e+06  12.01    13.524123   3.5    14.185833   4.5 KP   
  1873.8207   1873.3092    0.661672   0.420 4.164e+06  12.01    13.524123   4.5    14.185833   5.5 KP   
  1873.8207   1873.3092    0.661672  -1.320 9.092e+04  12.01    13.524123   4.5    14.185833   4.5 KP   
  1874.7973   1874.2855    0.661327  -1.960 2.081e+04  12.01    13.524361   5.5    14.185726   4.5 KP   
  1874.7973   1874.2855    0.661327  -3.700 3.786e+02  12.01    13.524361   4.5    14.185726   4.5 KP   
  1874.7973   1874.2855    0.661327  -2.050 2.114e+04  12.01    13.524361   4.5    14.185726   3.5 KP   
  1875.6448   1875.1328    0.661028  -1.450 8.409e+04  12.01    13.524123   4.5    14.185189   3.5 KP   
  1875.6448   1875.1328    0.661028  -1.560 8.703e+04  12.01    13.524123   3.5    14.185189   2.5 KP   
  1875.6448   1875.1328    0.661028  -2.990 2.425e+03  12.01    13.524123   3.5    14.185189   3.5 KP   
  1876.0142   1875.5021    0.660898  -2.310 9.282e+03  12.01    13.925488   5.5    14.586424   4.5 KP   
  1876.0142   1875.5021    0.660898  -2.400 9.431e+03  12.01    13.925488   4.5    14.586424   3.5 KP   
  1876.0142   1875.5021    0.660898  -4.040 1.728e+02  12.01    13.925488   4.5    14.586424   4.5 KP   
  1897.3820   1896.8641    0.653455  -1.170 3.132e+05  12.01    13.522916   2.5    14.176409   1.5 KP   
  1897.4036   1896.8857    0.653448  -2.320 1.478e+04  12.01    13.522916   2.5    14.176402   2.5 KP   
  1897.4144   1896.8965    0.653444  -1.010 3.018e+05  12.01    13.522920   3.5    14.176402   2.5 KP   
  1919.2606   1918.7367    0.646006  -0.690 9.243e+05  12.01    12.856771   2.5    13.502815   1.5 KP   
  1919.3269   1918.8030    0.645984  -1.840 4.362e+04  12.01    12.856771   2.5    13.502792   2.5 KP   
  1919.3490   1918.8251    0.645977  -0.540 8.703e+05  12.01    12.856779   3.5    13.502792   2.5 KP   

Number of lines in output :  360

Parameter set used in search:

Lower wavelength limit:    200.0000 nm
Upper wavelength limit:   2000.0000 nm
Lower limit on log gf:  -5.000
Upper limit on log gf:   2.000
Lower limit on energy for lower level:        0.000 cm^-1
Upper limit on energy for lower level:  1000000.000 cm^-1
Lower limit on energy for upper level:        0.000 cm^-1
Upper limit on energy for upper level:  1000000.000 cm^-1

Element list:

Mg II        ( = 12.01 )

Search program by Claas Heise (heise@fz.telekom.de), Jan 17, 1996



