Number of lines in output :  544
--------------------------------------------------------------------------------------------------------
    Wl_vac      Wl_air    E_Photon   log_gf   A-Value   Elem. E_lower_lev.   J   E_upper_lev.   J   Ref.
     / nm        / nm       / eV               / 1/s   (Code)     / eV     lower     / eV     upper     
--------------------------------------------------------------------------------------------------------
   312.2984    312.2079    3.970095  -4.060 8.509e+03   8.00     9.146708   2.0    13.117031   3.0 KP   
   312.3009    312.2104    3.970063  -4.210 8.434e+03   8.00     9.146708   2.0    13.116999   2.0 KP   
   312.3025    312.2120    3.970042  -4.430 8.469e+03   8.00     9.146708   2.0    13.116978   1.0 KP   
   334.9141    334.8178    3.702008  -3.150 6.014e+04   8.00     9.146708   2.0    12.848929   3.0 KP   
   334.9197    334.8234    3.701946  -3.300 5.960e+04   8.00     9.146708   2.0    12.848867   2.0 KP   
   334.9237    334.8274    3.701902  -3.520 5.986e+04   8.00     9.146708   2.0    12.848823   1.0 KP   
   335.7113    335.6148    3.693216  -3.120 4.489e+05   8.00    12.542520   1.0    16.235948   0.0 KP   
   343.4413    343.3429    3.610091  -4.440 2.053e+04   8.00     9.522006   1.0    13.132304   0.0 KP   
   343.4413    343.3429    3.610091  -3.740 2.058e+04   8.00     9.522006   1.0    13.132304   2.0 KP   
   343.4413    343.3429    3.610091  -3.960 2.067e+04   8.00     9.522006   1.0    13.132304   1.0 KP   
   364.4382    364.3344    3.402098  -2.410 3.908e+05   8.00    12.542520   1.0    15.944813   2.0 KP   
   366.4675    366.3631    3.383260  -3.490 5.357e+04   8.00    10.989533   1.0    14.372987   1.0 KP   
   366.4750    366.3706    3.383190  -3.340 7.567e+04   8.00    10.989603   2.0    14.372987   1.0 KP   
   366.4771    366.3727    3.383171  -4.170 1.119e+04   8.00    10.989622   0.0    14.372987   1.0 KP   
   366.4991    366.3947    3.382968  -3.480 3.289e+04   8.00    10.740949   1.0    14.124111   2.0 KP   
   366.5262    366.4218    3.382717  -3.260 5.457e+04   8.00    10.741200   2.0    14.124111   2.0 KP   
   366.5756    366.4712    3.382261  -3.110 7.706e+04   8.00    10.741656   3.0    14.124111   2.0 KP   
   369.3407    369.2356    3.356940  -2.616 1.184e+06   8.00     9.522006   1.0    12.879138   0.0 BDEL 
   369.3437    369.2386    3.356912  -2.146 1.165e+06   8.00     9.522006   1.0    12.879111   1.0 BDEL 
   369.3446    369.2395    3.356905  -1.926 1.160e+06   8.00     9.522006   1.0    12.879103   2.0 BDEL 
   370.1469    370.0416    3.349628  -4.940 5.590e+03   8.00    12.767297   1.0    16.117118   0.0 KP   
   370.2190    370.1137    3.348976  -3.510 5.013e+04   8.00    12.767308   2.0    16.116477   1.0 KP   
   370.3477    370.2423    3.347812  -3.800 1.541e+04   8.00    12.767308   2.0    16.115313   2.0 KP   
   370.3477    370.2423    3.347812  -2.900 1.224e+05   8.00    12.767308   3.0    16.115313   2.0 KP   
   371.5755    371.4698    3.336750  -4.890 5.658e+02   8.00    12.754557   4.0    16.091499   5.0 KP   
   372.1003    371.9945    3.332044  -4.380 6.694e+03   8.00    13.073989   2.0    16.406224   1.0 KP   
   372.1698    372.0640    3.331421  -4.650 2.156e+03   8.00    13.073980   3.0    16.405592   2.0 KP   
   372.1709    372.0651    3.331411  -4.850 1.360e+03   8.00    13.073989   3.0    16.405592   2.0 KP   
   372.6221    372.5162    3.327377  -4.720 1.831e+03   8.00    13.240565   2.0    16.568134   2.0 KP   
   372.6221    372.5162    3.327377  -4.330 4.494e+03   8.00    13.240565   3.0    16.568134   2.0 KP   
   372.6226    372.5167    3.327372  -4.760 1.670e+03   8.00    13.240570   2.0    16.568134   2.0 KP   
   372.6226    372.5167    3.327372  -3.860 1.326e+04   8.00    13.240570   3.0    16.568134   2.0 KP   
   373.5705    373.4643    3.318930  -3.800 1.082e+04   8.00    12.767308   4.0    16.086429   3.0 KP   
   373.5705    373.4643    3.318930  -4.850 9.645e+02   8.00    12.767308   3.0    16.086429   3.0 KP   
   373.7423    373.6361    3.317404  -3.970 5.685e+03   8.00    13.073980   5.0    16.391574   4.0 KP   
   373.7423    373.6361    3.317404  -4.840 7.669e+02   8.00    13.073980   4.0    16.391574   4.0 KP   
   374.0937    373.9874    3.314289  -4.580 1.393e+03   8.00    12.767297   5.0    16.081776   4.0 KP   
   374.5506    374.4442    3.310245  -4.310 2.587e+03   8.00    12.767297   5.0    16.077732   4.0 KP   
   377.1829    377.0758    3.287143  -2.650 3.499e+05   8.00    12.542520   1.0    15.829852   1.0 KP   
   382.3662    382.2577    3.242584  -4.000 9.124e+03   8.00    12.540038   3.0    15.782808   2.0 KP   
   382.4499    382.3414    3.241874  -3.090 5.295e+04   8.00    12.540038   3.0    15.782099   3.0 KP   
   382.4953    382.3868    3.241489  -3.500 4.806e+04   8.00    12.541541   2.0    15.783216   1.0 KP   
   382.5434    382.4349    3.241081  -2.560 2.511e+05   8.00    12.541541   2.0    15.782808   2.0 KP   
   382.6108    382.5023    3.240510  -2.790 2.463e+05   8.00    12.542520   1.0    15.783216   1.0 KP   
   382.6272    382.5187    3.240372  -2.390 2.651e+05   8.00    12.541541   2.0    15.782099   3.0 KP   
   382.6591    382.5505    3.240102  -3.050 8.120e+04   8.00    12.542520   1.0    15.782808   2.0 KP   
   384.2186    384.1096    3.226951  -4.510 2.793e+03   8.00    13.340998   3.0    16.568134   2.0 KP   
   385.6107    385.5014    3.215301  -1.640 2.055e+06   8.00    12.729327   2.0    15.944813   2.0 KP   
   391.6807    391.5698    3.165472  -4.860 2.001e+03   8.00    13.240570   2.0    16.406224   1.0 KP   
   393.5012    393.3898    3.150828  -4.490 1.549e+03   8.00    13.240565   5.0    16.391574   4.0 KP   
   394.8412    394.7295    3.140134  -2.280 3.208e+05   8.00     9.146708   2.0    12.287023   3.0 NBS  
   394.8598    394.7481    3.139986  -2.430 3.179e+05   8.00     9.146708   2.0    12.286874   2.0 NBS  
   394.8703    394.7586    3.139903  -2.650 3.192e+05   8.00     9.146708   2.0    12.286791   1.0 NBS  
   395.3046    395.1928    3.136453  -4.020 4.076e+04   8.00    10.989533   1.0    14.126167   0.0 KP   
   395.4007    395.2888    3.135691  -4.760 2.471e+03   8.00    10.989533   1.0    14.125405   1.0 KP   
   395.4094    395.2975    3.135622  -3.180 9.395e+04   8.00    10.989603   2.0    14.125405   1.0 KP   
   395.4119    395.3000    3.135603  -4.780 2.360e+03   8.00    10.989622   0.0    14.125405   1.0 KP   
   395.5638    395.4519    3.134398  -3.770 1.448e+04   8.00    10.989533   1.0    14.124111   2.0 KP   
   395.5726    395.4607    3.134328  -3.510 2.635e+04   8.00    10.989603   2.0    14.124111   2.0 KP   
   399.9083    399.7953    3.100346  -2.700 2.774e+05   8.00    12.729327   2.0    15.829852   1.0 KP   
   405.7210    405.6064    3.055929  -4.080 6.741e+03   8.00    12.540038   3.0    15.596142   2.0 KP   
   405.8362    405.7216    3.055061  -4.100 1.072e+04   8.00    12.541541   2.0    15.596777   1.0 KP   
   405.8427    405.7281    3.055012  -3.320 2.769e+04   8.00    12.540038   3.0    15.595225   3.0 KP   
   405.9205    405.8059    3.054426  -3.430 3.008e+04   8.00    12.541541   2.0    15.596142   2.0 KP   
   405.9663    405.8517    3.054082  -3.620 3.236e+04   8.00    12.542520   1.0    15.596777   1.0 KP   
   406.0153    405.9007    3.053713  -4.300 6.760e+03   8.00    12.729327   2.0    15.783216   1.0 KP   
   406.0424    405.9278    3.053509  -4.220 3.482e+03   8.00    12.541541   2.0    15.595225   3.0 KP   
   406.0507    405.9360    3.053447  -4.100 6.427e+03   8.00    12.542520   1.0    15.596142   2.0 KP   
   406.0696    405.9549    3.053305  -3.120 6.137e+04   8.00    12.729327   2.0    15.782808   2.0 KP   
   406.1640    406.0493    3.052596  -2.370 2.464e+05   8.00    12.729327   2.0    15.782099   3.0 KP   
   407.4497    407.3347    3.042963  -4.910 4.943e+03   8.00    13.073980   1.0    16.117118   0.0 KP   
   407.5355    407.4205    3.042322  -4.930 1.573e+03   8.00    13.073980   2.0    16.116477   1.0 KP   
   407.5368    407.4218    3.042313  -3.620 3.211e+04   8.00    13.073989   2.0    16.116477   1.0 KP   
   407.6928    407.5777    3.041149  -3.910 9.874e+03   8.00    13.073989   2.0    16.115313   2.0 KP   
   407.6928    407.5777    3.041149  -3.000 8.026e+04   8.00    13.073989   3.0    16.115313   2.0 KP   
   411.6018    411.4857    3.012267  -3.830 8.319e+03   8.00    13.073989   4.0    16.086429   3.0 KP   
   411.6018    411.4857    3.012267  -4.890 7.246e+02   8.00    13.073989   3.0    16.086429   3.0 KP   
   412.2373    412.1210    3.007623  -4.500 1.379e+03   8.00    13.073980   5.0    16.081776   4.0 KP   
   412.7922    412.6758    3.003580  -4.240 2.503e+03   8.00    13.073980   5.0    16.077732   4.0 KP   
   431.1426    431.0214    2.875741  -4.490 3.870e+03   8.00    13.240570   2.0    16.116477   1.0 KP   
   431.3171    431.1958    2.874578  -4.770 1.218e+03   8.00    13.240570   2.0    16.115313   2.0 KP   
   431.3171    431.1958    2.874578  -3.870 9.673e+03   8.00    13.240570   3.0    16.115313   2.0 KP   
   435.6947    435.5723    2.845695  -4.690 1.025e+03   8.00    13.240570   4.0    16.086429   3.0 KP   
   436.9421    436.8193    2.837572  -2.720 6.657e+05   8.00     9.522006   1.0    12.359741   0.0 NBS  
   436.9470    436.8242    2.837540  -2.030 6.521e+05   8.00     9.522006   1.0    12.359708   2.0 NBS  
   436.9486    436.8258    2.837530  -2.250 6.549e+05   8.00     9.522006   1.0    12.359698   1.0 NBS  
   446.7429    446.6176    2.775319  -4.990 1.140e+03   8.00    13.340998   2.0    16.116477   1.0 KP   
   446.9303    446.8049    2.774156  -4.370 2.849e+03   8.00    13.340998   3.0    16.115313   2.0 KP   
   453.2549    453.1278    2.735446  -2.920 7.807e+04   8.00    10.740949   1.0    13.476553   2.0 KP   
   453.2964    453.1693    2.735196  -2.690 1.326e+05   8.00    10.741200   2.0    13.476553   2.0 KP   
   453.3719    453.2448    2.734740  -2.550 1.829e+05   8.00    10.741656   3.0    13.476553   2.0 KP   
   459.0053    458.8767    2.701177  -2.760 1.100e+05   8.00    10.740949   1.0    13.442281   2.0 KP   
   459.0478    458.9192    2.700926  -2.540 1.826e+05   8.00    10.741200   2.0    13.442281   2.0 KP   
   459.1253    458.9967    2.700471  -2.390 2.578e+05   8.00    10.741656   3.0    13.442281   2.0 KP   
   467.3849    467.2541    2.652748  -2.590 1.570e+05   8.00    10.740949   1.0    13.393850   2.0 KP   
   467.4290    467.2982    2.652498  -2.360 2.665e+05   8.00    10.741200   2.0    13.393850   2.0 KP   
   467.5093    467.3785    2.652042  -2.220 3.678e+05   8.00    10.741656   3.0    13.393850   2.0 KP   
   468.1991    468.0681    2.648135  -4.770 7.382e+02   8.00    12.767308   4.0    15.415596   3.0 KP   
   469.8236    469.6922    2.638978  -4.610 1.060e+03   8.00    12.767308   4.0    15.406438   3.0 KP   
   470.5731    470.4415    2.634775  -4.210 2.653e+03   8.00    12.767308   4.0    15.402235   3.0 KP   
   480.3009    480.1667    2.581411  -2.380 2.411e+05   8.00    10.740949   1.0    13.322509   2.0 KP   
   480.3476    480.2134    2.581161  -2.160 4.000e+05   8.00    10.741200   2.0    13.322509   2.0 KP   
   480.4324    480.2982    2.580705  -2.010 5.648e+05   8.00    10.741656   3.0    13.322509   2.0 KP   
   491.9218    491.7845    2.520430  -4.160 3.814e+03   8.00    12.767308   3.0    15.287883   2.0 KP   
   498.1341    497.9952    2.488997  -2.890 1.154e+05   8.00    10.989533   1.0    13.478673   1.0 KP   
   498.1481    498.0091    2.488928  -2.670 1.916e+05   8.00    10.989603   2.0    13.478673   1.0 KP   
   498.1520    498.0130    2.488908  -3.370 3.822e+04   8.00    10.989622   0.0    13.478673   1.0 KP   
   502.0182    501.8782    2.469740  -2.130 3.924e+05   8.00    10.740949   1.0    13.210831   2.0 KP   
   502.0691    501.9291    2.469489  -1.900 6.662e+05   8.00    10.741200   2.0    13.210831   2.0 KP   
   502.1618    502.0218    2.469034  -1.760 9.193e+05   8.00    10.741656   3.0    13.210831   2.0 KP   
   504.9048    504.7641    2.455620  -2.740 1.587e+05   8.00    10.989533   1.0    13.445294   1.0 KP   
   504.9191    504.7783    2.455551  -2.520 2.634e+05   8.00    10.989603   2.0    13.445294   1.0 KP   
   504.9231    504.7823    2.455531  -3.220 5.255e+04   8.00    10.989622   0.0    13.445294   1.0 KP   
   514.7737    514.6303    2.408543  -2.570 2.258e+05   8.00    10.989533   1.0    13.398215   1.0 KP   
   514.7885    514.6451    2.408473  -2.340 3.835e+05   8.00    10.989603   2.0    13.398215   1.0 KP   
   514.7927    514.6493    2.408454  -3.040 7.651e+04   8.00    10.989622   0.0    13.398215   1.0 KP   
   530.0361    529.8887    2.339188  -2.360 3.455e+05   8.00    10.989533   1.0    13.328856   1.0 KP   
   530.0518    529.9044    2.339119  -2.140 5.733e+05   8.00    10.989603   2.0    13.328856   1.0 KP   
   530.0562    529.9088    2.339100  -2.840 1.144e+05   8.00    10.989622   0.0    13.328856   1.0 KP   
   533.0578    532.9096    2.325929  -2.080 1.952e+06   8.00    10.740949   1.0    13.067012   0.0 NBS  
   533.0581    532.9099    2.325927  -1.730 1.457e+06   8.00    10.740949   1.0    13.067010   1.0 NBS  
   533.0589    532.9107    2.325924  -1.840 6.786e+05   8.00    10.740949   1.0    13.067007   2.0 NBS  
   533.1156    532.9673    2.325676  -2.200 4.936e+05   8.00    10.741200   2.0    13.067010   1.0 NBS  
   533.1164    532.9681    2.325673  -1.610 1.152e+06   8.00    10.741200   2.0    13.067007   2.0 NBS  
   533.1173    532.9690    2.325669  -1.410 1.304e+06   8.00    10.741200   2.0    13.067003   3.0 NBS  
   533.2209    533.0726    2.325217  -2.570 1.263e+05   8.00    10.741656   3.0    13.067007   2.0 NBS  
   533.2218    533.0735    2.325213  -1.710 6.534e+05   8.00    10.741656   3.0    13.067003   3.0 NBS  
   533.2224    533.0741    2.325211  -1.120 1.977e+06   8.00    10.741656   3.0    13.067000   4.0 NBS  
   543.6689    543.5178    2.280532  -1.880 5.950e+05   8.00    10.740949   1.0    13.021613   2.0 NBS  
   543.7286    543.5775    2.280282  -1.660 9.872e+05   8.00    10.741200   2.0    13.021613   2.0 NBS  
   543.8373    543.6862    2.279826  -1.510 1.394e+06   8.00    10.741656   3.0    13.021613   2.0 NBS  
   555.6375    555.4832    2.231409  -2.110 5.590e+05   8.00    10.989533   1.0    13.221071   1.0 KP   
   555.6547    555.5004    2.231340  -1.890 9.277e+05   8.00    10.989603   2.0    13.221071   1.0 KP   
   555.6596    555.5053    2.231320  -2.590 1.851e+05   8.00    10.989622   0.0    13.221071   1.0 KP   
   604.7907    604.6233    2.050055  -1.895 7.741e+05   8.00    10.989533   1.0    13.039706   1.0 NBS  
   604.8112    604.6438    2.049986  -1.675 1.285e+06   8.00    10.989603   2.0    13.039706   1.0 NBS  
   604.8169    604.6495    2.049966  -2.365 2.623e+05   8.00    10.989622   0.0    13.039706   1.0 NBS  
   610.7955    610.6265    2.029901  -0.638 4.572e+06   8.00    14.047714   3.0    16.077732   4.0 NBS  
   615.7665    615.5961    2.013514  -1.401 6.987e+06   8.00    10.740949   1.0    12.754579   0.0 NBS  
   615.7675    615.5971    2.013511  -1.051 5.214e+06   8.00    10.740949   1.0    12.754576   1.0 NBS  
   615.7693    615.5989    2.013505  -1.161 2.428e+06   8.00    10.740949   1.0    12.754570   2.0 NBS  
   615.8441    615.6737    2.013260  -1.521 1.766e+06   8.00    10.741200   2.0    12.754576   1.0 NBS  
   615.8459    615.6755    2.013254  -0.931 4.123e+06   8.00    10.741200   2.0    12.754570   2.0 NBS  
   615.8482    615.6778    2.013247  -0.731 4.667e+06   8.00    10.741200   2.0    12.754563   3.0 NBS  
   615.9853    615.8149    2.012798  -1.891 4.519e+05   8.00    10.741656   3.0    12.754570   2.0 NBS  
   615.9876    615.8172    2.012791  -1.031 2.338e+06   8.00    10.741656   3.0    12.754563   3.0 NBS  
   615.9891    615.8187    2.012786  -0.441 7.075e+06   8.00    10.741656   3.0    12.754557   4.0 NBS  
   625.8197    625.6466    1.981169  -3.401 9.663e+03   8.00    14.099745   4.0    16.081028   3.0 NBS  
   626.0927    625.9196    1.980305  -1.681 5.067e+05   8.00    14.100609   3.0    16.081028   3.0 NBS  
   626.3183    626.1451    1.979592  -0.621 5.813e+06   8.00    14.101322   2.0    16.081028   3.0 NBS  
   626.3279    626.1547    1.979561  -0.391 6.282e+06   8.00    14.099745   4.0    16.079420   5.0 NBS  
   626.3546    626.1814    1.979477  -1.681 3.938e+05   8.00    14.099745   4.0    16.079336   4.0 NBS  
   626.6282    626.4549    1.978613  -0.501 5.955e+06   8.00    14.100609   3.0    16.079336   4.0 NBS  
   626.8624    626.6891    1.977873  -1.010 1.843e+06   8.00    14.099745   4.0    16.077732   4.0 NBS  
   627.1364    626.9630    1.977009  -2.180 1.245e+05   8.00    14.100609   3.0    16.077732   4.0 NBS  
   645.5386    645.3602    1.920651  -1.364 1.385e+06   8.00    10.740949   1.0    12.661711   2.0 NBS  
   645.6228    645.4444    1.920401  -1.144 2.297e+06   8.00    10.741200   2.0    12.661711   2.0 NBS  
   645.7761    645.5977    1.919945  -0.994 3.243e+06   8.00    10.741656   3.0    12.661711   2.0 NBS  
   645.8459    645.6675    1.919737  -3.920 3.845e+03   8.00    12.541541   2.0    14.461388   2.0 KP   
   646.1755    645.9970    1.918758  -4.840 4.618e+02   8.00    12.542520   1.0    14.461388   2.0 KP   
   665.5671    665.3834    1.862854  -0.400 5.994e+07   8.00    14.372987   1.0    16.235948   0.0 NBS  
   672.8140    672.6283    1.842789  -2.000 2.947e+05   8.00     9.146708   2.0    10.989603   2.0 GUES 
   672.8396    672.6539    1.842720  -2.000 4.911e+05   8.00     9.146708   2.0    10.989533   1.0 GUES 
   700.3830    700.1899    1.770252  -1.526 1.350e+06   8.00    10.989533   1.0    12.759887   1.0 NBS  
   700.3853    700.1922    1.770246  -1.046 2.446e+06   8.00    10.989533   1.0    12.759881   2.0 NBS  
   700.4104    700.2173    1.770183  -2.696 9.126e+04   8.00    10.989603   2.0    12.759887   1.0 NBS  
   700.4127    700.2196    1.770177  -1.526 8.099e+05   8.00    10.989603   2.0    12.759881   2.0 NBS  
   700.4161    700.2230    1.770168  -0.776 3.253e+06   8.00    10.989603   2.0    12.759873   3.0 NBS  
   700.4181    700.2250    1.770163  -1.396 1.821e+06   8.00    10.989622   0.0    12.759887   1.0 NBS  
   715.8674    715.6701    1.731961   0.259 4.726e+07   8.00    12.729327   2.0    14.461388   2.0 NBS  
   725.6153    725.4154    1.708694  -1.320 2.021e+06   8.00    10.989533   1.0    12.698325   1.0 NBS  
   725.6447    725.4448    1.708625  -1.100 3.354e+06   8.00    10.989603   2.0    12.698325   1.0 NBS  
   725.6530    725.4531    1.708605  -1.790 6.848e+05   8.00    10.989622   0.0    12.698325   1.0 NBS  
   747.3462    747.1404    1.659010  -1.540 1.148e+06   8.00    14.124111   2.0    15.783216   1.0 NBS  
   747.5299    747.3241    1.658602  -0.370 1.018e+07   8.00    14.124111   2.0    15.782808   2.0 NBS  
   747.8498    747.6439    1.657892   0.380 4.087e+07   8.00    14.124111   2.0    15.782099   3.0 NBS  
   747.9293    747.7234    1.657716  -0.370 1.695e+07   8.00    14.125405   1.0    15.783216   1.0 NBS  
   748.1134    747.9074    1.657308   0.110 3.071e+07   8.00    14.125405   1.0    15.782808   2.0 NBS  
   748.2731    748.0671    1.656954  -0.240 2.285e+07   8.00    14.126167   0.0    15.783216   1.0 NBS  
   777.4083    777.1944    1.594856   0.324 3.325e+07   8.00     9.146708   2.0    10.741656   3.0 NBS  
   777.6305    777.4166    1.594400   0.174 3.293e+07   8.00     9.146708   2.0    10.741200   2.0 NBS  
   777.7528    777.5388    1.594150  -0.046 3.306e+07   8.00     9.146708   2.0    10.740949   1.0 NBS  
   778.2881    778.0740    1.593053  -3.830 2.327e+03   8.00    12.541541   2.0    14.134686   3.0 KP   
   788.8443    788.6273    1.571735   0.236 3.691e+07   8.00    14.372987   1.0    15.944813   2.0 NBS  
   794.1703    793.9519    1.561195  -2.180 1.397e+05   8.00    12.540038   3.0    14.101322   2.0 NBS  
   794.5332    794.3147    1.560481  -0.550 4.254e+06   8.00    12.540038   3.0    14.100609   3.0 NBS  
   794.9354    794.7168    1.559692  -0.550 5.950e+06   8.00    12.541541   2.0    14.101322   2.0 NBS  
   794.9734    794.7548    1.559617   0.500 3.708e+07   8.00    12.540038   3.0    14.099745   4.0 NBS  
   795.2990    795.0803    1.558979   0.340 3.296e+07   8.00    12.541541   2.0    14.100609   3.0 NBS  
   795.4346    795.2159    1.558713   0.170 3.119e+07   8.00    12.542520   1.0    14.101322   2.0 NBS  
   798.4137    798.1942    1.552897  -0.470 1.182e+07   8.00    10.989533   1.0    12.542520   1.0 NBS  
   798.4494    798.2298    1.552828  -1.640 7.989e+05   8.00    10.989603   2.0    12.542520   1.0 NBS  
   798.4594    798.2398    1.552808  -0.340 1.594e+07   8.00    10.989622   0.0    12.542520   1.0 NBS  
   798.9174    798.6977    1.551918   0.010 2.139e+07   8.00    10.989533   1.0    12.541541   2.0 NBS  
   798.9531    798.7334    1.551849  -0.470 7.081e+06   8.00    10.989603   2.0    12.541541   2.0 NBS  
   799.7274    799.5075    1.550346   0.280 2.839e+07   8.00    10.989603   2.0    12.540038   3.0 NBS  
   822.4058    822.1798    1.507594  -0.599 4.966e+06   8.00    12.540038   3.0    14.047719   2.0 NBS  
   822.4084    822.1824    1.507590   0.311 2.883e+07   8.00    12.540038   3.0    14.047714   3.0 NBS  
   822.9915    822.7653    1.506522  -0.609 8.076e+06   8.00    12.541541   2.0    14.048149   1.0 NBS  
   823.2263    823.0001    1.506092   0.051 2.214e+07   8.00    12.541541   2.0    14.047719   2.0 NBS  
   823.2288    823.0026    1.506087  -0.599 3.540e+06   8.00    12.541541   2.0    14.047714   3.0 NBS  
   823.5266    823.3003    1.505543  -0.129 2.436e+07   8.00    12.542520   1.0    14.048149   1.0 NBS  
   823.7618    823.5354    1.505113  -0.609 4.837e+06   8.00    12.542520   1.0    14.047719   2.0 NBS  
   829.3993    829.1714    1.494882  -4.230 1.903e+03   8.00    12.541541   2.0    14.036509   1.0 KP   
   844.8568    844.6247    1.467532  -0.520 2.822e+07   8.00     9.522006   1.0    10.989622   0.0 NBS  
   844.8680    844.6359    1.467512   0.170 2.764e+07   8.00     9.522006   1.0    10.989603   2.0 NBS  
   844.9079    844.6758    1.467443  -0.050 2.776e+07   8.00     9.522006   1.0    10.989533   1.0 NBS  
   851.0920    850.8582    1.456781  -0.026 2.891e+07   8.00    14.372987   1.0    15.829852   1.0 NBS  
   882.2845    882.0423    1.405277   0.328 2.605e+07   8.00    12.729327   2.0    14.134686   3.0 NBS  
   903.7392    903.4912    1.371916  -4.770 2.774e+02   8.00    12.729327   2.0    14.101322   2.0 KP   
   904.2092    903.9611    1.371203  -3.860 1.609e+03   8.00    12.729327   2.0    14.100609   3.0 KP   
   926.3347    926.0806    1.338452  -0.270 4.174e+07   8.00    10.740949   1.0    12.079478   0.0 NBS  
   926.3389    926.0848    1.338446   0.080 3.115e+07   8.00    10.740949   1.0    12.079472   1.0 NBS  
   926.3477    926.0936    1.338433  -0.030 1.451e+07   8.00    10.740949   1.0    12.079459   2.0 NBS  
   926.5124    926.2582    1.338195  -0.390 1.055e+07   8.00    10.741200   2.0    12.079472   1.0 NBS  
   926.5212    926.2670    1.338182   0.200 2.463e+07   8.00    10.741200   2.0    12.079459   2.0 NBS  
   926.5318    926.2776    1.338167   0.400 2.788e+07   8.00    10.741200   2.0    12.079444   3.0 NBS  
   926.8369    926.5826    1.337727  -0.760 2.699e+06   8.00    10.741656   3.0    12.079459   2.0 NBS  
   926.8475    926.5932    1.337711   0.100 1.396e+07   8.00    10.741656   3.0    12.079444   3.0 NBS  
   926.8549    926.6006    1.337701   0.690 4.225e+07   8.00    10.741656   3.0    12.079433   4.0 NBS  
   940.1771    939.9192    1.318746  -4.790 4.079e+02   8.00    12.729327   2.0    14.048149   1.0 KP   
   940.4836    940.2256    1.318316  -4.110 1.171e+03   8.00    12.729327   2.0    14.047719   2.0 KP   
   940.4870    940.2290    1.318311  -4.930 1.266e+02   8.00    12.729327   2.0    14.047714   3.0 KP   
   948.5489    948.2888    1.307106  -0.069 2.108e+07   8.00    12.729327   2.0    14.036509   1.0 NBS  
   969.7320    969.4661    1.278554  -2.300 5.078e+04   8.00    11.838404   2.0    13.117031   3.0 KP   
   969.7565    969.4906    1.278521  -2.440 5.150e+04   8.00    11.838404   2.0    13.116999   2.0 KP   
   969.7719    969.5060    1.278501  -2.660 5.172e+04   8.00    11.838404   2.0    13.116978   1.0 KP   
   982.8483    982.5789    1.261491  -1.530 2.264e+05   8.00    12.079433   4.0    13.340997   4.0 KP   
   982.8483    982.5789    1.261491  -0.660 1.373e+06   8.00    12.079433   4.0    13.340997   5.0 KP   
   982.8483    982.5789    1.261491  -2.700 1.968e+04   8.00    12.079433   4.0    13.340997   3.0 KP   
   982.8559    982.5865    1.261481  -1.700 1.531e+05   8.00    12.079444   3.0    13.340998   4.0 KP   
   982.8559    982.5865    1.261481  -2.770 1.675e+04   8.00    12.079444   3.0    13.340998   3.0 KP   
   982.8559    982.5865    1.261481  -4.310 6.764e+02   8.00    12.079444   3.0    13.340998   2.0 KP   
   982.8566    982.5872    1.261480  -0.880 1.011e+06   8.00    12.079444   3.0    13.340997   4.0 KP   
   982.8566    982.5872    1.261480  -2.460 4.788e+04   8.00    12.079444   3.0    13.340997   2.0 KP   
   982.8566    982.5872    1.261480  -1.430 3.665e+05   8.00    12.079444   3.0    13.340997   3.0 KP   
   982.8678    982.5984    1.261466  -3.090 1.122e+04   8.00    12.079459   2.0    13.340998   2.0 KP   
   982.8678    982.5984    1.261466  -2.190 6.369e+04   8.00    12.079459   2.0    13.340998   3.0 KP   
   982.8685    982.5991    1.261465  -1.430 5.131e+05   8.00    12.079459   2.0    13.340997   2.0 KP   
   982.8685    982.5991    1.261465  -2.430 8.551e+04   8.00    12.079459   2.0    13.340997   1.0 KP   
   982.8685    982.5991    1.261465  -1.050 8.791e+05   8.00    12.079459   2.0    13.340997   3.0 KP   
   982.8777    982.6083    1.261453  -2.850 1.951e+04   8.00    12.079472   1.0    13.340998   2.0 KP   
   982.8784    982.6090    1.261452  -1.570 6.194e+05   8.00    12.079472   1.0    13.340997   1.0 KP   
   982.8784    982.6090    1.261452  -1.260 7.589e+05   8.00    12.079472   1.0    13.340997   2.0 KP   
   982.8831    982.6137    1.261446  -1.560 6.339e+05   8.00    12.079478   0.0    13.340997   1.0 KP   
   989.4359    989.1647    1.253092  -1.100 1.082e+06   8.00    12.087834   1.0    13.340998   2.0 KP   
   989.4366    989.1654    1.253091  -3.320 1.087e+04   8.00    12.087834   1.0    13.340997   1.0 KP   
   989.4366    989.1654    1.253091  -3.020 1.301e+04   8.00    12.087834   1.0    13.340997   2.0 KP   
   989.4427    989.1715    1.253084  -0.940 1.117e+06   8.00    12.087842   2.0    13.340998   3.0 KP   
   989.4427    989.1715    1.253084  -1.850 1.925e+05   8.00    12.087842   2.0    13.340998   2.0 KP   
   989.4434    989.1722    1.253083  -3.680 4.745e+03   8.00    12.087842   2.0    13.340997   1.0 KP   
   989.4434    989.1722    1.253083  -2.680 2.847e+04   8.00    12.087842   2.0    13.340997   2.0 KP   
   989.4434    989.1722    1.253083  -2.300 4.878e+04   8.00    12.087842   2.0    13.340997   3.0 KP   
   989.4515    989.1803    1.253072  -1.880 1.283e+05   8.00    12.087853   3.0    13.340998   3.0 KP   
   989.4515    989.1803    1.253072  -0.810 1.172e+06   8.00    12.087853   3.0    13.340998   4.0 KP   
   989.4515    989.1803    1.253072  -3.420 5.180e+03   8.00    12.087853   3.0    13.340998   2.0 KP   
   989.4522    989.1810    1.253071  -1.780 1.256e+05   8.00    12.087853   3.0    13.340997   4.0 KP   
   989.4522    989.1810    1.253071  -3.350 6.086e+03   8.00    12.087853   3.0    13.340997   2.0 KP   
   989.4522    989.1810    1.253071  -2.330 4.552e+04   8.00    12.087853   3.0    13.340997   3.0 KP   
  1032.3132   1032.0304    1.201045  -3.020 5.977e+04   8.00    11.931190   1.0    13.132304   0.0 KP   
  1032.3132   1032.0304    1.201045  -2.540 6.017e+04   8.00    11.931190   1.0    13.132304   1.0 KP   
  1032.3132   1032.0304    1.201045  -2.320 5.991e+04   8.00    11.931190   1.0    13.132304   2.0 KP   
  1037.5023   1037.2181    1.195038  -2.310 1.012e+05   8.00    12.286791   1.0    13.481897   1.0 KP   
  1037.5023   1037.2181    1.195038  -2.660 1.356e+05   8.00    12.286791   1.0    13.481897   0.0 KP   
  1037.5023   1037.2181    1.195038  -2.420 4.712e+04   8.00    12.286791   1.0    13.481897   2.0 KP   
  1037.5749   1037.2906    1.194954  -2.790 3.349e+04   8.00    12.286874   2.0    13.481897   1.0 KP   
  1037.5749   1037.2906    1.194954  -1.990 9.057e+04   8.00    12.286874   2.0    13.481897   3.0 KP   
  1037.5749   1037.2906    1.194954  -2.200 7.818e+04   8.00    12.286874   2.0    13.481897   2.0 KP   
  1037.7036   1037.4193    1.194806  -3.140 8.974e+03   8.00    12.287023   3.0    13.481897   2.0 KP   
  1037.7036   1037.4193    1.194806  -2.300 4.435e+04   8.00    12.287023   3.0    13.481897   3.0 KP   
  1037.7036   1037.4193    1.194806  -1.710 1.342e+05   8.00    12.287023   3.0    13.481897   4.0 KP   
  1042.1626   1041.8771    1.189694  -2.510 3.796e+04   8.00    12.286791   1.0    13.476553   2.0 KP   
  1042.2356   1041.9501    1.189610  -2.290 6.298e+04   8.00    12.286874   2.0    13.476553   2.0 KP   
  1042.3656   1042.0800    1.189462  -2.140 8.894e+04   8.00    12.287023   3.0    13.476553   2.0 KP   
  1066.4128   1066.1207    1.162640  -2.250 6.596e+04   8.00    12.286791   1.0    13.449498   2.0 KP   
  1066.4128   1066.1207    1.162640  -2.490 1.898e+05   8.00    12.286791   1.0    13.449498   0.0 KP   
  1066.4128   1066.1207    1.162640  -2.140 1.416e+05   8.00    12.286791   1.0    13.449498   1.0 KP   
  1066.4893   1066.1972    1.162557  -2.620 4.689e+04   8.00    12.286874   2.0    13.449498   1.0 KP   
  1066.4893   1066.1972    1.162557  -1.820 1.268e+05   8.00    12.286874   2.0    13.449498   3.0 KP   
  1066.4893   1066.1972    1.162557  -2.030 1.095e+05   8.00    12.286874   2.0    13.449498   2.0 KP   
  1066.6253   1066.3332    1.162409  -1.540 1.879e+05   8.00    12.287023   3.0    13.449498   4.0 KP   
  1066.6253   1066.3332    1.162409  -2.970 1.256e+04   8.00    12.287023   3.0    13.449498   2.0 KP   
  1066.6253   1066.3332    1.162409  -2.130 6.209e+04   8.00    12.287023   3.0    13.449498   3.0 KP   
  1067.8593   1067.5668    1.161065  -2.390 3.404e+04   8.00    12.079433   4.0    13.240565   3.0 KP   
  1067.8593   1067.5668    1.161065  -0.350 2.375e+06   8.00    12.079433   4.0    13.240565   5.0 KP   
  1067.8593   1067.5668    1.161065  -1.210 4.007e+05   8.00    12.079433   4.0    13.240565   4.0 KP   
  1067.8644   1067.5719    1.161060  -3.990 1.197e+03   8.00    12.079444   3.0    13.240570   2.0 KP   
  1067.8644   1067.5719    1.161060  -2.450 2.965e+04   8.00    12.079444   3.0    13.240570   3.0 KP   
  1067.8644   1067.5719    1.161060  -1.390 2.648e+05   8.00    12.079444   3.0    13.240570   4.0 KP   
  1067.8691   1067.5766    1.161055  -0.570 1.749e+06   8.00    12.079444   3.0    13.240565   4.0 KP   
  1067.8691   1067.5766    1.161055  -1.120 6.339e+05   8.00    12.079444   3.0    13.240565   3.0 KP   
  1067.8691   1067.5766    1.161055  -2.140 8.475e+04   8.00    12.079444   3.0    13.240565   2.0 KP   
  1067.8784   1067.5859    1.161045  -2.770 1.987e+04   8.00    12.079459   2.0    13.240570   2.0 KP   
  1067.8784   1067.5859    1.161045  -1.870 1.127e+05   8.00    12.079459   2.0    13.240570   3.0 KP   
  1067.8831   1067.5906    1.161039  -0.730 1.556e+06   8.00    12.079459   2.0    13.240565   3.0 KP   
  1067.8831   1067.5906    1.161039  -2.110 1.513e+05   8.00    12.079459   2.0    13.240565   1.0 KP   
  1067.8831   1067.5906    1.161039  -1.110 9.080e+05   8.00    12.079459   2.0    13.240565   2.0 KP   
  1067.8902   1067.5977    1.161032  -2.530 3.452e+04   8.00    12.079472   1.0    13.240570   2.0 KP   
  1067.8948   1067.6023    1.161027  -1.250 1.096e+06   8.00    12.079472   1.0    13.240565   1.0 KP   
  1067.8948   1067.6023    1.161027  -0.950 1.312e+06   8.00    12.079472   1.0    13.240565   2.0 KP   
  1067.9004   1067.6079    1.161021  -1.240 1.122e+06   8.00    12.079478   0.0    13.240565   1.0 KP   
  1073.0728   1072.7789    1.155424  -2.340 5.295e+04   8.00    12.286791   1.0    13.442281   2.0 KP   
  1073.1503   1072.8564    1.155341  -2.120 8.787e+04   8.00    12.286874   2.0    13.442281   2.0 KP   
  1073.2880   1072.9941    1.155193  -1.970 1.241e+05   8.00    12.287023   3.0    13.442281   2.0 KP   
  1075.6363   1075.3417    1.152671  -0.780 1.913e+06   8.00    12.087834   1.0    13.240570   2.0 KP   
  1075.6410   1075.3464    1.152666  -2.710 2.248e+04   8.00    12.087834   1.0    13.240565   2.0 KP   
  1075.6410   1075.3464    1.152666  -3.010 1.878e+04   8.00    12.087834   1.0    13.240565   1.0 KP   
  1075.6444   1075.3498    1.152662  -0.630 1.931e+06   8.00    12.087842   2.0    13.240570   3.0 KP   
  1075.6444   1075.3498    1.152662  -1.530 3.403e+05   8.00    12.087842   2.0    13.240570   2.0 KP   
  1075.6491   1075.3545    1.152657  -2.360 5.033e+04   8.00    12.087842   2.0    13.240565   2.0 KP   
  1075.6491   1075.3545    1.152657  -3.360 8.388e+03   8.00    12.087842   2.0    13.240565   1.0 KP   
  1075.6491   1075.3545    1.152657  -1.980 8.624e+04   8.00    12.087842   2.0    13.240565   3.0 KP   
  1075.6548   1075.3602    1.152651  -1.560 2.268e+05   8.00    12.087853   3.0    13.240570   3.0 KP   
  1075.6548   1075.3602    1.152651  -0.500 2.026e+06   8.00    12.087853   3.0    13.240570   4.0 KP   
  1075.6548   1075.3602    1.152651  -3.100 9.158e+03   8.00    12.087853   3.0    13.240570   2.0 KP   
  1075.6595   1075.3649    1.152646  -3.040 1.051e+04   8.00    12.087853   3.0    13.240565   2.0 KP   
  1075.6595   1075.3649    1.152646  -1.460 2.221e+05   8.00    12.087853   3.0    13.240565   4.0 KP   
  1075.6595   1075.3649    1.152646  -2.020 7.865e+04   8.00    12.087853   3.0    13.240565   3.0 KP   
  1104.3462   1104.0438    1.122705  -2.380 4.560e+04   8.00    12.359698   1.0    13.482467   2.0 KP   
  1104.3462   1104.0438    1.122705  -2.860 2.516e+04   8.00    12.359698   1.0    13.482467   1.0 KP   
  1104.3560   1104.0536    1.122694  -2.110 6.065e+04   8.00    12.359708   2.0    13.482467   3.0 KP   
  1104.3560   1104.0536    1.122694  -2.860 1.510e+04   8.00    12.359708   2.0    13.482467   2.0 KP   
  1104.3560   1104.0536    1.122694  -4.040 1.663e+03   8.00    12.359708   2.0    13.482467   1.0 KP   
  1104.3877   1104.0853    1.122662  -2.730 3.394e+04   8.00    12.359741   0.0    13.482467   1.0 KP   
  1108.0907   1107.7873    1.118911  -2.500 5.726e+04   8.00    12.359698   1.0    13.478673   1.0 KP   
  1108.1007   1107.7973    1.118901  -2.280 9.503e+04   8.00    12.359708   2.0    13.478673   1.0 KP   
  1108.1326   1107.8292    1.118868  -2.980 1.896e+04   8.00    12.359741   0.0    13.478673   1.0 KP   
  1109.4930   1109.1892    1.117496  -2.270 2.910e+05   8.00    12.286791   1.0    13.404351   0.0 KP   
  1109.4934   1109.1896    1.117496  -1.920 2.171e+05   8.00    12.286791   1.0    13.404351   1.0 KP   
  1109.4941   1109.1903    1.117495  -2.030 1.011e+05   8.00    12.286791   1.0    13.404350   2.0 KP   
  1109.5762   1109.2724    1.117413  -2.400 7.189e+04   8.00    12.286874   2.0    13.404351   1.0 KP   
  1109.5769   1109.2731    1.117412  -1.810 1.678e+05   8.00    12.286874   2.0    13.404350   2.0 KP   
  1109.5779   1109.2741    1.117411  -1.600 1.944e+05   8.00    12.286874   2.0    13.404349   3.0 KP   
  1109.7242   1109.4204    1.117264  -2.750 1.926e+04   8.00    12.287023   3.0    13.404350   2.0 KP   
  1109.7252   1109.4214    1.117263  -1.900 9.741e+04   8.00    12.287023   3.0    13.404349   3.0 KP   
  1109.7258   1109.4220    1.117262  -1.320 2.880e+05   8.00    12.287023   3.0    13.404349   4.0 KP   
  1120.0175   1119.7109    1.106996  -2.140 7.704e+04   8.00    12.286791   1.0    13.393850   2.0 KP   
  1120.1019   1119.7953    1.106912  -1.910 1.308e+05   8.00    12.286874   2.0    13.393850   2.0 KP   
  1120.2520   1119.9453    1.106764  -1.770 1.805e+05   8.00    12.287023   3.0    13.393850   2.0 KP   
  1128.9407   1128.6317    1.098246   0.230 1.778e+07   8.00    10.989533   1.0    12.087842   2.0 NBS  
  1128.9496   1128.6406    1.098237  -0.250 9.810e+06   8.00    10.989533   1.0    12.087834   1.0 NBS  
  1129.0005   1128.6914    1.098188   0.500 2.364e+07   8.00    10.989603   2.0    12.087853   3.0 NBS  
  1129.0120   1128.7029    1.098176  -0.250 5.885e+06   8.00    10.989603   2.0    12.087842   2.0 NBS  
  1129.0209   1128.7118    1.098168  -1.420 6.631e+05   8.00    10.989603   2.0    12.087834   1.0 NBS  
  1129.0409   1128.7318    1.098148  -0.120 1.323e+07   8.00    10.989622   0.0    12.087834   1.0 NBS  
  1129.8196   1129.5103    1.097392  -0.295 5.298e+06   8.00    10.740949   1.0    11.838404   2.0 NBS  
  1130.0776   1129.7682    1.097141  -0.075 8.789e+06   8.00    10.741200   2.0    11.838404   2.0 NBS  
  1130.5472   1130.2377    1.096685   0.075 1.240e+07   8.00    10.741656   3.0    11.838404   2.0 NBS  
  1136.9150   1136.6038    1.090543  -2.150 7.306e+04   8.00    12.359698   1.0    13.450304   2.0 KP   
  1136.9150   1136.6038    1.090543  -2.620 4.126e+04   8.00    12.359698   1.0    13.450304   1.0 KP   
  1136.9255   1136.6143    1.090533  -3.800 2.726e+03   8.00    12.359708   2.0    13.450304   1.0 KP   
  1136.9255   1136.6143    1.090533  -1.880 9.718e+04   8.00    12.359708   2.0    13.450304   3.0 KP   
  1136.9255   1136.6143    1.090533  -2.620 2.476e+04   8.00    12.359708   2.0    13.450304   2.0 KP   
  1136.9591   1136.6479    1.090500  -2.500 5.439e+04   8.00    12.359741   0.0    13.450304   1.0 KP   
  1142.1611   1141.8485    1.085534  -2.340 7.790e+04   8.00    12.359698   1.0    13.445294   1.0 KP   
  1142.1717   1141.8591    1.085524  -2.120 1.293e+05   8.00    12.359708   2.0    13.445294   1.0 KP   
  1142.2056   1141.8930    1.085491  -2.820 2.579e+04   8.00    12.359741   0.0    13.445294   1.0 KP   
  1179.1702   1178.8475    1.051463  -2.010 4.688e+05   8.00    12.286791   1.0    13.338315   0.0 KP   
  1179.1708   1178.8481    1.051463  -1.650 3.580e+05   8.00    12.286791   1.0    13.338314   1.0 KP   
  1179.1720   1178.8493    1.051462  -1.760 1.667e+05   8.00    12.286791   1.0    13.338313   2.0 KP   
  1179.2643   1178.9416    1.051380  -2.130 1.185e+05   8.00    12.286874   2.0    13.338314   1.0 KP   
  1179.2656   1178.9429    1.051378  -1.540 2.767e+05   8.00    12.286874   2.0    13.338313   2.0 KP   
  1179.2671   1178.9444    1.051377  -1.340 3.132e+05   8.00    12.286874   2.0    13.338312   3.0 KP   
  1179.4319   1179.1092    1.051230  -2.480 3.175e+04   8.00    12.287023   3.0    13.338313   2.0 KP   
  1179.4334   1179.1107    1.051229  -1.640 1.569e+05   8.00    12.287023   3.0    13.338312   3.0 KP   
  1179.4345   1179.1118    1.051228  -1.050 4.748e+05   8.00    12.287023   3.0    13.338311   4.0 KP   
  1185.8131   1185.4886    1.045573  -1.910 1.167e+05   8.00    12.359698   1.0    13.405332   2.0 KP   
  1185.8131   1185.4886    1.045573  -2.390 6.441e+04   8.00    12.359698   1.0    13.405332   1.0 KP   
  1185.8245   1185.5000    1.045563  -1.640 1.552e+05   8.00    12.359708   2.0    13.405332   3.0 KP   
  1185.8245   1185.5000    1.045563  -2.390 3.865e+04   8.00    12.359708   2.0    13.405332   2.0 KP   
  1185.8245   1185.5000    1.045563  -3.570 4.256e+03   8.00    12.359708   2.0    13.405332   1.0 KP   
  1185.8611   1185.5366    1.045531  -2.270 8.491e+04   8.00    12.359741   0.0    13.405332   1.0 KP   
  1193.9398   1193.6131    1.038456  -2.130 1.156e+05   8.00    12.359698   1.0    13.398215   1.0 KP   
  1193.9513   1193.6246    1.038446  -1.910 1.919e+05   8.00    12.359708   2.0    13.398215   1.0 KP   
  1193.9884   1193.6617    1.038414  -2.610 3.828e+04   8.00    12.359741   0.0    13.398215   1.0 KP   
  1197.1650   1196.8374    1.035659  -1.890 1.199e+05   8.00    12.286791   1.0    13.322509   2.0 KP   
  1197.2614   1196.9338    1.035575  -1.670 1.990e+05   8.00    12.286874   2.0    13.322509   2.0 KP   
  1197.4328   1197.1052    1.035427  -1.520 2.810e+05   8.00    12.287023   3.0    13.322509   2.0 KP   
  1227.0115   1226.6758    1.010467  -1.410 2.462e+05   8.00    11.838404   2.0    12.848929   3.0 KP   
  1227.0868   1226.7511    1.010405  -1.550 2.497e+05   8.00    11.838404   2.0    12.848867   2.0 KP   
  1227.1405   1226.8048    1.010361  -1.780 2.450e+05   8.00    11.838404   2.0    12.848823   1.0 KP   
  1246.7250   1246.3840    0.994489   0.100 4.911e+06   8.00    12.079433   4.0    13.073980   5.0 KP   
  1246.7250   1246.3840    0.994489  -1.940 7.039e+04   8.00    12.079433   4.0    13.073980   3.0 KP   
  1246.7250   1246.3840    0.994489  -0.760 8.286e+05   8.00    12.079433   4.0    13.073980   4.0 KP   
  1246.7261   1246.3851    0.994488  -1.990 6.273e+04   8.00    12.079444   3.0    13.073989   3.0 KP   
  1246.7261   1246.3851    0.994488  -0.930 5.602e+05   8.00    12.079444   3.0    13.073989   4.0 KP   
  1246.7261   1246.3851    0.994488  -3.540 2.475e+03   8.00    12.079444   3.0    13.073989   2.0 KP   
  1246.7384   1246.3974    0.994478  -0.670 1.311e+06   8.00    12.079444   3.0    13.073980   3.0 KP   
  1246.7384   1246.3974    0.994478  -0.120 3.617e+06   8.00    12.079444   3.0    13.073980   4.0 KP   
  1246.7384   1246.3974    0.994478  -1.690 1.752e+05   8.00    12.079444   3.0    13.073980   2.0 KP   
  1246.7452   1246.4042    0.994473  -2.320 4.108e+04   8.00    12.079459   2.0    13.073989   2.0 KP   
  1246.7452   1246.4042    0.994473  -1.420 2.331e+05   8.00    12.079459   2.0    13.073989   3.0 KP   
  1246.7575   1246.4165    0.994463  -0.660 1.878e+06   8.00    12.079459   2.0    13.073980   2.0 KP   
  1246.7575   1246.4165    0.994463  -0.280 3.217e+06   8.00    12.079459   2.0    13.073980   3.0 KP   
  1246.7575   1246.4165    0.994463  -1.660 3.129e+05   8.00    12.079459   2.0    13.073980   1.0 KP   
  1246.7612   1246.4202    0.994460  -2.080 7.138e+04   8.00    12.079472   1.0    13.073989   2.0 KP   
  1246.7735   1246.4325    0.994450  -0.500 2.714e+06   8.00    12.079472   1.0    13.073980   2.0 KP   
  1246.7735   1246.4325    0.994450  -0.800 2.267e+06   8.00    12.079472   1.0    13.073980   1.0 KP   
  1246.7811   1246.4401    0.994444  -0.790 2.320e+06   8.00    12.079478   0.0    13.073980   1.0 KP   
  1257.3325   1256.9886    0.986099  -0.330 3.947e+06   8.00    12.087834   1.0    13.073989   2.0 KP   
  1257.3435   1256.9996    0.986090  -0.170 4.075e+06   8.00    12.087842   2.0    13.073989   3.0 KP   
  1257.3435   1256.9996    0.986090  -1.080 7.019e+05   8.00    12.087842   2.0    13.073989   2.0 KP   
  1257.3449   1257.0010    0.986089  -2.260 4.637e+04   8.00    12.087834   1.0    13.073980   2.0 KP   
  1257.3449   1257.0010    0.986089  -2.560 3.873e+04   8.00    12.087834   1.0    13.073980   1.0 KP   
  1257.3560   1257.0121    0.986081  -1.530 1.779e+05   8.00    12.087842   2.0    13.073980   3.0 KP   
  1257.3560   1257.0121    0.986081  -2.910 1.730e+04   8.00    12.087842   2.0    13.073980   1.0 KP   
  1257.3560   1257.0121    0.986081  -1.910 1.038e+05   8.00    12.087842   2.0    13.073980   2.0 KP   
  1257.3577   1257.0138    0.986079  -1.100 4.788e+05   8.00    12.087853   3.0    13.073989   3.0 KP   
  1257.3577   1257.0138    0.986079  -0.040 4.275e+06   8.00    12.087853   3.0    13.073989   4.0 KP   
  1257.3577   1257.0138    0.986079  -2.650 1.889e+04   8.00    12.087853   3.0    13.073989   2.0 KP   
  1257.3702   1257.0263    0.986069  -1.010 4.581e+05   8.00    12.087853   3.0    13.073980   4.0 KP   
  1257.3702   1257.0263    0.986069  -2.590 2.169e+04   8.00    12.087853   3.0    13.073980   2.0 KP   
  1257.3702   1257.0263    0.986069  -1.570 1.622e+05   8.00    12.087853   3.0    13.073980   3.0 KP   
  1265.5330   1265.1869    0.979709  -2.140 1.006e+05   8.00    12.359698   1.0    13.339464   1.0 KP   
  1265.5330   1265.1869    0.979709  -1.670 1.781e+05   8.00    12.359698   1.0    13.339464   2.0 KP   
  1265.5459   1265.1998    0.979699  -3.320 6.644e+03   8.00    12.359708   2.0    13.339464   1.0 KP   
  1265.5459   1265.1998    0.979699  -1.390 2.424e+05   8.00    12.359708   2.0    13.339464   3.0 KP   
  1265.5459   1265.1998    0.979699  -2.140 6.034e+04   8.00    12.359708   2.0    13.339464   2.0 KP   
  1265.5876   1265.2415    0.979667  -2.020 1.326e+05   8.00    12.359741   0.0    13.339464   1.0 KP   
  1279.3849   1279.0350    0.969102  -1.890 1.750e+05   8.00    12.359698   1.0    13.328856   1.0 KP   
  1279.3982   1279.0483    0.969092  -1.670 2.904e+05   8.00    12.359708   2.0    13.328856   1.0 KP   
  1279.4407   1279.0908    0.969060  -2.370 5.794e+04   8.00    12.359741   0.0    13.328856   1.0 KP   
  1308.0098   1307.6521    0.947894  -2.140 2.824e+05   8.00    11.931190   1.0    12.879138   0.0 KP   
  1308.0481   1307.6904    0.947866  -1.660 2.843e+05   8.00    11.931190   1.0    12.879111   1.0 KP   
  1308.0584   1307.7007    0.947859  -1.440 2.831e+05   8.00    11.931190   1.0    12.879103   2.0 KP   
  1316.7489   1316.3889    0.941603  -0.315 6.209e+06   8.00    10.989533   1.0    11.931190   1.0 NBS  
  1316.8459   1316.4858    0.941533  -0.095 1.030e+07   8.00    10.989603   2.0    11.931190   1.0 NBS  
  1316.8732   1316.5131    0.941514  -0.785 2.103e+06   8.00    10.989622   0.0    11.931190   1.0 NBS  
  1341.8522   1341.4853    0.923987  -1.570 1.994e+05   8.00    12.286791   1.0    13.210831   2.0 KP   
  1341.9733   1341.6064    0.923904  -1.340 3.386e+05   8.00    12.286874   2.0    13.210831   2.0 KP   
  1342.1887   1341.8218    0.923756  -1.200 4.672e+05   8.00    12.287023   3.0    13.210831   2.0 KP   
  1439.4773   1439.0839    0.861323  -1.570 2.888e+05   8.00    12.359698   1.0    13.221071   1.0 KP   
  1439.4941   1439.1007    0.861313  -1.350 4.793e+05   8.00    12.359708   2.0    13.221071   1.0 KP   
  1439.5480   1439.1546    0.861280  -2.040 9.785e+04   8.00    12.359741   0.0    13.221071   1.0 KP   
  1687.3824   1686.9216    0.734780  -1.080 3.897e+05   8.00    12.286791   1.0    13.021613   2.0 KP   
  1687.5740   1687.1132    0.734696  -0.860 6.466e+05   8.00    12.286874   2.0    13.021613   2.0 KP   
  1687.9147   1687.4538    0.734548  -0.710 9.130e+05   8.00    12.287023   3.0    13.021613   2.0 KP   
  1733.7480   1733.2746    0.715130  -4.860 4.376e+01   8.00    12.767297   4.0    13.482467   3.0 KP   
  1733.7762   1733.3028    0.715118  -3.290 3.793e+03   8.00    12.767308   2.0    13.482467   1.0 KP   
  1733.7762   1733.3028    0.715118  -4.020 3.027e+02   8.00    12.767308   3.0    13.482467   3.0 KP   
  1733.7762   1733.3028    0.715118  -3.120 3.366e+03   8.00    12.767308   3.0    13.482467   2.0 KP   
  1733.7762   1733.3028    0.715118  -4.020 4.238e+02   8.00    12.767308   2.0    13.482467   2.0 KP   
  1733.7762   1733.3028    0.715118  -3.040 2.891e+03   8.00    12.767308   4.0    13.482467   3.0 KP   
  1735.1318   1734.6580    0.714559  -3.700 1.473e+03   8.00    12.767297   1.0    13.481897   1.0 KP   
  1735.1318   1734.6580    0.714559  -3.700 4.420e+03   8.00    12.767297   1.0    13.481897   0.0 KP   
  1735.1318   1734.6580    0.714559  -4.550 8.920e+01   8.00    12.767297   2.0    13.481897   3.0 KP   
  1735.1318   1734.6580    0.714559  -3.550 1.249e+03   8.00    12.767297   2.0    13.481897   2.0 KP   
  1735.1318   1734.6580    0.714559  -3.170 2.996e+03   8.00    12.767297   3.0    13.481897   2.0 KP   
  1735.1318   1734.6580    0.714559  -4.850 3.477e+01   8.00    12.767297   3.0    13.481897   4.0 KP   
  1735.1318   1734.6580    0.714559  -2.980 3.314e+03   8.00    12.767297   4.0    13.481897   3.0 KP   
  1735.1318   1734.6580    0.714559  -3.680 5.143e+02   8.00    12.767297   4.0    13.481897   4.0 KP   
  1735.1318   1734.6580    0.714559  -3.530 9.340e+02   8.00    12.767297   3.0    13.481897   3.0 KP   
  1735.1318   1734.6580    0.714559  -3.400 2.940e+03   8.00    12.767297   2.0    13.481897   1.0 KP   
  1735.1318   1734.6580    0.714559  -2.810 3.813e+03   8.00    12.767297   5.0    13.481897   4.0 KP   
  1735.1318   1734.6580    0.714559  -4.550 1.249e+02   8.00    12.767297   1.0    13.481897   2.0 KP   
  1735.1601   1734.6863    0.714548  -4.790 5.133e+01   8.00    12.767308   4.0    13.481897   3.0 KP   
  1802.5446   1802.0525    0.687836  -3.100 2.329e+03   8.00    12.079433   4.0    12.767308   3.0 KP   
  1802.5446   1802.0525    0.687836  -1.810 3.533e+04   8.00    12.079433   4.0    12.767308   4.0 KP   
  1802.5725   1802.0804    0.687825  -1.790 4.756e+04   8.00    12.079444   3.0    12.767308   3.0 KP   
  1802.5725   1802.0804    0.687825  -3.530 1.212e+03   8.00    12.079444   3.0    12.767308   2.0 KP   
  1802.5725   1802.0804    0.687825  -0.460 7.909e+05   8.00    12.079444   3.0    12.767308   4.0 KP   
  1802.5751   1802.0830    0.687824  -1.160 2.029e+05   8.00    12.079433   4.0    12.767297   3.0 KP   
  1802.5751   1802.0830    0.687824   0.010 2.334e+06   8.00    12.079433   4.0    12.767297   4.0 KP   
  1802.5751   1802.0830    0.687824   0.880 1.416e+07   8.00    12.079433   4.0    12.767297   5.0 KP   
  1802.6030   1802.1109    0.687813   0.130 3.956e+06   8.00    12.079444   3.0    12.767297   3.0 KP   
  1802.6030   1802.1109    0.687813  -0.910 5.051e+05   8.00    12.079444   3.0    12.767297   2.0 KP   
  1802.6030   1802.1109    0.687813   0.700 1.143e+07   8.00    12.079444   3.0    12.767297   4.0 KP   
  1802.6125   1802.1204    0.687810  -1.060 2.554e+05   8.00    12.079459   2.0    12.767308   3.0 KP   
  1802.6125   1802.1204    0.687810  -2.090 3.337e+04   8.00    12.079459   2.0    12.767308   2.0 KP   
  1802.6430   1802.1509    0.687798  -0.880 9.020e+05   8.00    12.079459   2.0    12.767297   1.0 KP   
  1802.6430   1802.1509    0.687798   0.520 9.710e+06   8.00    12.079459   2.0    12.767297   3.0 KP   
  1802.6430   1802.1509    0.687798   0.120 5.412e+06   8.00    12.079459   2.0    12.767297   2.0 KP   
  1802.6459   1802.1538    0.687797  -1.790 6.658e+04   8.00    12.079472   1.0    12.767308   2.0 KP   
  1802.6765   1802.1844    0.687785  -0.020 6.534e+06   8.00    12.079472   1.0    12.767297   1.0 KP   
  1802.6765   1802.1844    0.687785   0.290 8.004e+06   8.00    12.079472   1.0    12.767297   2.0 KP   
  1802.6925   1802.2003    0.687779  -0.010 6.686e+06   8.00    12.079478   0.0    12.767297   1.0 KP   
  1815.3924   1814.8968    0.682968  -4.700 5.769e+01   8.00    12.767297   4.0    13.450304   3.0 KP   
  1815.3924   1814.8968    0.682968  -4.900 5.096e+01   8.00    12.767297   3.0    13.450304   2.0 KP   
  1815.4233   1814.9277    0.682956  -3.130 5.001e+03   8.00    12.767308   2.0    13.450304   1.0 KP   
  1815.4233   1814.9277    0.682956  -3.860 5.587e+02   8.00    12.767308   2.0    13.450304   2.0 KP   
  1815.4233   1814.9277    0.682956  -3.870 3.900e+02   8.00    12.767308   3.0    13.450304   3.0 KP   
  1815.4233   1814.9277    0.682956  -2.960 4.438e+03   8.00    12.767308   3.0    13.450304   2.0 KP   
  1815.4233   1814.9277    0.682956  -2.880 3.811e+03   8.00    12.767308   4.0    13.450304   3.0 KP   
  1817.5371   1817.0409    0.682162  -3.490 6.534e+03   8.00    12.767297   1.0    13.449498   0.0 KP   
  1817.5371   1817.0409    0.682162  -4.640 5.139e+01   8.00    12.767297   3.0    13.449498   4.0 KP   
  1817.5371   1817.0409    0.682162  -3.460 7.779e+02   8.00    12.767297   4.0    13.449498   4.0 KP   
  1817.5371   1817.0409    0.682162  -4.330 1.349e+02   8.00    12.767297   2.0    13.449498   3.0 KP   
  1817.5371   1817.0409    0.682162  -2.760 5.013e+03   8.00    12.767297   4.0    13.449498   3.0 KP   
  1817.5371   1817.0409    0.682162  -2.590 5.767e+03   8.00    12.767297   5.0    13.449498   4.0 KP   
  1817.5371   1817.0409    0.682162  -2.960 4.428e+03   8.00    12.767297   3.0    13.449498   2.0 KP   
  1817.5371   1817.0409    0.682162  -3.330 1.889e+03   8.00    12.767297   2.0    13.449498   2.0 KP   
  1817.5371   1817.0409    0.682162  -3.190 4.345e+03   8.00    12.767297   2.0    13.449498   1.0 KP   
  1817.5371   1817.0409    0.682162  -3.320 1.381e+03   8.00    12.767297   3.0    13.449498   3.0 KP   
  1817.5371   1817.0409    0.682162  -3.490 2.178e+03   8.00    12.767297   1.0    13.449498   1.0 KP   
  1817.5371   1817.0409    0.682162  -4.330 1.889e+02   8.00    12.767297   1.0    13.449498   2.0 KP   
  1817.5681   1817.0719    0.682150  -4.890 5.202e+01   8.00    12.767308   3.0    13.449498   2.0 KP   
  1817.5681   1817.0719    0.682150  -4.580 7.587e+01   8.00    12.767308   4.0    13.449498   3.0 KP   
  1823.3987   1822.9009    0.679969  -1.080 5.562e+05   8.00    12.359698   1.0    13.039706   1.0 KP   
  1823.4257   1822.9279    0.679959  -0.860 9.231e+05   8.00    12.359708   2.0    13.039706   1.0 KP   
  1823.5121   1823.0143    0.679927  -1.560 1.842e+05   8.00    12.359741   0.0    13.039706   1.0 KP   
  1824.8292   1824.3310    0.679436   0.470 1.182e+07   8.00    12.087834   1.0    12.767308   2.0 KP   
  1824.8525   1824.3543    0.679427  -0.260 2.201e+06   8.00    12.087842   2.0    12.767308   2.0 KP   
  1824.8525   1824.3543    0.679427   0.630 1.221e+07   8.00    12.087842   2.0    12.767308   3.0 KP   
  1824.8605   1824.3623    0.679424  -2.450 1.421e+04   8.00    12.087834   1.0    12.767297   2.0 KP   
  1824.8605   1824.3623    0.679424  -1.780 1.108e+05   8.00    12.087834   1.0    12.767297   1.0 KP   
  1824.8825   1824.3843    0.679416   0.780 1.341e+07   8.00    12.087853   3.0    12.767308   4.0 KP   
  1824.8825   1824.3843    0.679416  -0.270 1.537e+06   8.00    12.087853   3.0    12.767308   3.0 KP   
  1824.8825   1824.3843    0.679416  -1.800 6.349e+04   8.00    12.087853   3.0    12.767308   2.0 KP   
  1824.8838   1824.3856    0.679416  -1.400 1.139e+05   8.00    12.087842   2.0    12.767297   3.0 KP   
  1824.8838   1824.3856    0.679416  -2.130 4.949e+04   8.00    12.087842   2.0    12.767297   1.0 KP   
  1824.8838   1824.3856    0.679416  -1.320 1.917e+05   8.00    12.087842   2.0    12.767297   2.0 KP   
  1824.9138   1824.4156    0.679404  -0.970 3.066e+05   8.00    12.087853   3.0    12.767297   3.0 KP   
  1824.9138   1824.4156    0.679404  -0.670 4.758e+05   8.00    12.087853   3.0    12.767297   4.0 KP   
  1824.9138   1824.4156    0.679404  -1.870 5.403e+04   8.00    12.087853   3.0    12.767297   2.0 KP   
  1943.3509   1942.8205    0.637998  -4.460 8.748e+01   8.00    12.767297   4.0    13.405332   3.0 KP   
  1943.3509   1942.8205    0.637998  -4.660 7.728e+01   8.00    12.767297   3.0    13.405332   2.0 KP   
  1943.3864   1942.8560    0.637987  -2.720 6.730e+03   8.00    12.767308   3.0    13.405332   2.0 KP   
  1943.3864   1942.8560    0.637987  -3.630 5.914e+02   8.00    12.767308   3.0    13.405332   3.0 KP   
  1943.3864   1942.8560    0.637987  -2.640 5.780e+03   8.00    12.767308   4.0    13.405332   3.0 KP   
  1943.3864   1942.8560    0.637987  -2.890 7.584e+03   8.00    12.767308   2.0    13.405332   1.0 KP   
  1943.3864   1942.8560    0.637987  -3.620 8.473e+02   8.00    12.767308   2.0    13.405332   2.0 KP   
  1946.3413   1945.8101    0.637018  -3.250 9.901e+03   8.00    12.767297   1.0    13.404351   0.0 KP   
  1946.3424   1945.8112    0.637018  -3.250 3.300e+03   8.00    12.767297   1.0    13.404351   1.0 KP   
  1946.3424   1945.8112    0.637018  -2.950 6.585e+03   8.00    12.767297   2.0    13.404351   1.0 KP   
  1946.3447   1945.8135    0.637017  -3.100 2.797e+03   8.00    12.767297   2.0    13.404350   2.0 KP   
  1946.3447   1945.8135    0.637017  -4.100 2.797e+02   8.00    12.767297   1.0    13.404350   2.0 KP   
  1946.3447   1945.8135    0.637017  -2.720 6.710e+03   8.00    12.767297   3.0    13.404350   2.0 KP   
  1946.3477   1945.8165    0.637016  -4.100 1.998e+02   8.00    12.767297   2.0    13.404349   3.0 KP   
  1946.3477   1945.8165    0.637016  -3.080 2.092e+03   8.00    12.767297   3.0    13.404349   3.0 KP   
  1946.3477   1945.8165    0.637016  -2.530 7.423e+03   8.00    12.767297   4.0    13.404349   3.0 KP   
  1946.3496   1945.8184    0.637015  -2.360 8.540e+03   8.00    12.767297   5.0    13.404349   4.0 KP   
  1946.3496   1945.8184    0.637015  -3.230 1.152e+03   8.00    12.767297   4.0    13.404349   4.0 KP   
  1946.3496   1945.8184    0.637015  -4.400 7.788e+01   8.00    12.767297   3.0    13.404349   4.0 KP   
  1946.3804   1945.8491    0.637005  -4.660 7.704e+01   8.00    12.767308   3.0    13.404350   2.0 KP   
  1946.3834   1945.8521    0.637004  -4.340 1.150e+02   8.00    12.767308   4.0    13.404349   3.0 KP   
  1958.5823   1958.0477    0.633037  -2.310 8.516e+04   8.00    12.848824   1.0    13.481897   0.0 KP   
  1958.5823   1958.0477    0.633037  -1.960 6.355e+04   8.00    12.848824   1.0    13.481897   1.0 KP   
  1958.5823   1958.0477    0.633037  -2.060 3.029e+04   8.00    12.848824   1.0    13.481897   2.0 KP   
  1958.7192   1958.1846    0.632992  -1.840 5.026e+04   8.00    12.848868   2.0    13.481897   2.0 KP   
  1958.7192   1958.1846    0.632992  -2.430 2.153e+04   8.00    12.848868   2.0    13.481897   1.0 KP   
  1958.7192   1958.1846    0.632992  -1.640 5.690e+04   8.00    12.848868   2.0    13.481897   3.0 KP   
  1958.9111   1958.3764    0.632930  -2.780 5.769e+03   8.00    12.848930   3.0    13.481897   2.0 KP   
  1958.9111   1958.3764    0.632930  -1.940 2.851e+04   8.00    12.848930   3.0    13.481897   3.0 KP   
  1958.9111   1958.3764    0.632930  -1.350 8.627e+04   8.00    12.848930   3.0    13.481897   4.0 KP   

Number of lines in output :  544

Parameter set used in search:

Lower wavelength limit:    200.0000 nm
Upper wavelength limit:   2000.0000 nm
Lower limit on log gf:  -5.000
Upper limit on log gf:   2.000
Lower limit on energy for lower level:        0.000 cm^-1
Upper limit on energy for lower level:  1000000.000 cm^-1
Lower limit on energy for upper level:        0.000 cm^-1
Upper limit on energy for upper level:  1000000.000 cm^-1

Element list:

O I          ( =  8.00 )

Search program by Claas Heise (heise@fz.telekom.de), Jan 17, 1996



