Number of lines in output :  844
--------------------------------------------------------------------------------------------------------
    Wl_vac      Wl_air    E_Photon   log_gf   A-Value   Elem. E_lower_lev.   J   E_upper_lev.   J   Ref.
     / nm        / nm       / eV               / 1/s   (Code)     / eV     lower     / eV     upper     
--------------------------------------------------------------------------------------------------------
   201.9625    201.8974    6.139033  -1.100 2.165e+07  15.00     2.324614   1.5     8.463999   2.5 KP   
   202.1817    202.1165    6.132379  -1.140 2.955e+07  15.00     2.321477   0.5     8.454208   1.5 KP   
   202.2851    202.2199    6.129242  -0.470 1.381e+08  15.00     2.324614   1.5     8.454208   1.5 KP   
   202.4132    202.3480    6.125364  -0.390 3.316e+08  15.00     2.321477   0.5     8.447192   0.5 KP   
   202.5169    202.4517    6.122227  -0.570 2.189e+08  15.00     2.324614   1.5     8.447192   0.5 KP   
   203.3081    203.2427    6.098401  -0.730 7.512e+07  15.00     2.321477   0.5     8.420228   1.5 KP   
   203.4128    203.3474    6.095264   0.000 4.030e+08  15.00     2.324614   1.5     8.420228   1.5 KP   
   206.3586    206.2926    6.008254  -3.710 1.527e+05  15.00     1.408682   1.5     7.417281   0.5 KP   
   206.8042    206.7382    5.995304  -4.070 3.319e+04  15.00     1.408682   1.5     7.404330   1.5 KP   
   206.8711    206.8050    5.993368  -3.910 4.794e+04  15.00     1.410617   2.5     7.404330   1.5 KP   
   207.5829    207.5167    5.972816  -4.540 7.440e+03  15.00     1.408682   1.5     7.381841   2.5 KP   
   207.6502    207.5840    5.970881  -3.570 6.939e+04  15.00     1.410617   2.5     7.381841   2.5 KP   
   213.6143    213.5469    5.804173  -1.240 2.103e+07  15.00     1.408682   1.5     7.213189   1.5 LAW  
   213.6856    213.6182    5.802238  -0.111 2.828e+08  15.00     1.410617   2.5     7.213189   1.5 LAW  
   214.9818    214.9142    5.767251  -0.357 3.172e+08  15.00     1.408682   1.5     7.176265   0.5 LAW  
   215.3616    215.2939    5.757082  -0.870 4.850e+07  15.00     2.321477   0.5     8.078889   1.5 LAW  
   215.4749    215.4072    5.754055  -0.610 5.877e+07  15.00     2.324614   1.5     8.078999   2.5 LAW  
   215.4790    215.4113    5.753945  -1.319 1.723e+07  15.00     2.324614   1.5     8.078889   1.5 LAW  
   222.3278    222.2586    5.576696  -4.620 5.395e+03  15.00     1.408682   1.5     6.985698   2.5 LAW  
   222.4050    222.3358    5.574761  -3.410 8.744e+04  15.00     1.410617   2.5     6.985698   2.5 LAW  
   223.5655    223.4961    5.545820  -3.410 1.298e+05  15.00     1.408682   1.5     6.954820   1.5 LAW  
   223.6436    223.5742    5.543884  -2.730 6.208e+05  15.00     1.410617   2.5     6.954820   1.5 LAW  
   224.3239    224.2543    5.527073  -3.220 3.993e+05  15.00     1.408682   1.5     6.936072   0.5 LAW  
   243.3228    243.2490    5.095512  -2.350 2.516e+06  15.00     2.321477   0.5     7.417281   0.5 KP   
   243.4727    243.3989    5.092375  -2.070 4.788e+06  15.00     2.324614   1.5     7.417281   0.5 KP   
   243.9429    243.8689    5.082561  -4.900 3.528e+03  15.00     2.321477   0.5     7.404330   1.5 KP   
   245.1789    245.1047    5.056937  -4.320 8.851e+03  15.00     2.324614   1.5     7.381841   2.5 KP   
   253.4748    253.3986    4.891431  -1.114 1.996e+07  15.00     2.321477   0.5     7.213189   1.5 LAW  
   253.6374    253.5612    4.888294  -0.434 9.542e+07  15.00     2.324614   1.5     7.213189   1.5 LAW  
   255.4026    255.3260    4.854509  -0.860 7.057e+07  15.00     2.321477   0.5     7.176265   0.5 LAW  
   255.5677    255.4911    4.851372  -1.231 3.000e+07  15.00     2.324614   1.5     7.176265   0.5 LAW  
   267.6092    267.5297    4.633078  -3.940 2.673e+04  15.00     2.321477   0.5     6.954820   1.5 LAW  
   267.7906    267.7110    4.629941  -3.250 1.308e+05  15.00     2.324614   1.5     6.954820   1.5 LAW  
   268.6965    268.6167    4.614330  -4.080 3.842e+04  15.00     2.321477   0.5     6.936072   0.5 LAW  
   268.8793    268.7995    4.611193  -4.060 4.018e+04  15.00     2.324614   1.5     6.936072   0.5 LAW  
   424.9748    424.8552    2.917477  -4.000 9.233e+03  15.00     6.954820   1.5     9.872465   1.5 GUES 
   428.1223    428.0019    2.896028  -2.500 2.877e+05  15.00     6.936072   0.5     9.832267   1.5 GUES 
   429.5205    429.3997    2.886601  -2.000 9.039e+05  15.00     6.985698   2.5     9.872465   1.5 GUES 
   430.6199    430.4988    2.879231  -2.300 3.005e+05  15.00     6.985698   2.5     9.865095   2.5 GUES 
   430.9119    430.7907    2.877281  -2.300 4.501e+05  15.00     6.954820   1.5     9.832267   1.5 GUES 
   431.2163    431.0950    2.875250  -2.500 5.672e+05  15.00     6.936072   0.5     9.811487   0.5 GUES 
   431.7659    431.6445    2.871589  -2.500 2.829e+05  15.00     6.936072   0.5     9.807826   1.5 GUES 
   432.0554    431.9339    2.869666  -3.500 1.412e+04  15.00     6.985698   2.5     9.855529   3.5 GUES 
   432.1644    432.0429    2.868942  -3.000 5.952e+04  15.00     6.954820   1.5     9.823927   2.5 GUES 
   434.6032    434.4811    2.852842  -3.500 2.792e+04  15.00     6.954820   1.5     9.807826   1.5 GUES 
   435.5861    435.4637    2.846405  -3.500 2.779e+04  15.00     6.985698   2.5     9.832267   1.5 GUES 
   436.8660    436.7433    2.838066  -3.000 5.825e+04  15.00     6.985698   2.5     9.823927   2.5 GUES 
   458.4324    458.3040    2.704552  -2.500 5.018e+05  15.00     7.176265   0.5     9.880972   0.5 GUES 
   461.7676    461.6383    2.685018  -2.000 7.820e+05  15.00     7.213189   1.5     9.898361   1.5 GUES 
   464.2783    464.1483    2.670498  -2.500 2.446e+05  15.00     7.176265   0.5     9.846916   1.5 GUES 
   464.3163    464.1863    2.670280  -2.000 5.156e+05  15.00     7.213189   1.5     9.883622   2.5 GUES 
   473.7457    473.6132    2.617131  -3.000 3.715e+04  15.00     7.381841   2.5     9.999122   3.5 GUES 
   474.2058    474.0732    2.614591  -3.000 4.944e+04  15.00     7.381841   2.5     9.996583   2.5 GUES 
   477.6501    477.5166    2.595738  -4.360 3.190e+03  15.00     6.936072   0.5     9.531959   1.5 KP   
   478.3197    478.1860    2.592104  -2.000 4.859e+05  15.00     7.404330   1.5     9.996583   2.5 GUES 
   478.9667    478.8328    2.588603  -2.500 4.597e+05  15.00     7.404330   1.5     9.993081   0.5 GUES 
   478.9672    478.8333    2.588600  -2.500 2.299e+05  15.00     7.404330   1.5     9.993079   1.5 GUES 
   479.1632    479.0293    2.587541  -3.000 1.453e+05  15.00     7.213189   1.5     9.800878   0.5 GUES 
   480.2415    480.1073    2.581731  -4.090 1.175e+04  15.00     6.936072   0.5     9.517952   0.5 KP   
   481.1249    480.9905    2.576991  -3.400 2.868e+04  15.00     6.954820   1.5     9.531959   1.5 KP   
   481.3749    481.2404    2.575652  -2.000 1.439e+06  15.00     7.417281   0.5     9.993081   0.5 GUES 
   481.5586    481.4241    2.574669  -1.500 1.137e+06  15.00     7.381841   2.5     9.956658   3.5 GUES 
   483.7542    483.6191    2.562984  -4.130 1.056e+04  15.00     6.954820   1.5     9.517952   0.5 KP   
   484.9582    484.8228    2.556621  -1.500 1.121e+06  15.00     7.381841   2.5     9.938609   3.5 GUES 
   484.9913    484.8558    2.556447  -2.000 4.726e+05  15.00     7.404330   1.5     9.960924   2.5 GUES 
   485.0075    484.8720    2.556361  -3.000 7.089e+04  15.00     7.404330   1.5     9.960838   1.5 GUES 
   485.8176    485.6819    2.552099  -2.600 1.183e+05  15.00     7.404330   1.5     9.956575   2.5 GUES 
   487.4770    487.3409    2.543411  -2.600 1.763e+05  15.00     7.417281   0.5     9.960838   1.5 GUES 
   489.2756    489.1390    2.534061  -3.000 4.644e+04  15.00     7.404330   1.5     9.938537   2.5 GUES 
   491.7727    491.6354    2.521194  -3.310 2.251e+04  15.00     6.954820   1.5     9.476159   2.5 KP   
   493.6785    493.5407    2.511461  -3.950 7.677e+03  15.00     7.176265   0.5     9.687870   1.5 KP   
   495.2285    495.0903    2.503601  -2.000 1.360e+06  15.00     7.176265   0.5     9.680009   0.5 GUES 
   495.2325    495.0943    2.503580  -2.000 6.799e+05  15.00     7.176265   0.5     9.679989   1.5 GUES 
   497.8699    497.7310    2.490318  -3.000 4.485e+04  15.00     6.985698   2.5     9.476159   2.5 GUES 
   497.9539    497.8150    2.489898  -1.800 1.066e+06  15.00     6.936072   0.5     9.426113   1.5 LAW  
   500.1021    499.9626    2.479203  -2.200 2.805e+05  15.00     7.213189   1.5     9.692534   2.5 GUES 
   501.7316    501.5917    2.471151  -1.490 2.143e+06  15.00     6.954820   1.5     9.426113   1.5 KP   
   502.3735    502.2334    2.467993  -2.200 4.169e+05  15.00     7.404330   1.5     9.872465   1.5 GUES 
   504.6813    504.5406    2.456708  -1.430 1.622e+06  15.00     6.954820   1.5     9.411669   2.5 KP   
   506.0042    505.8632    2.450285  -2.300 3.264e+05  15.00     7.381841   2.5     9.832267   1.5 GUES 
   506.0624    505.9213    2.450003  -2.290 6.679e+05  15.00     6.936072   0.5     9.386216   0.5 KP   
   506.3327    506.1916    2.448695  -1.600 1.634e+06  15.00     6.936072   0.5     9.384908   1.5 KP   
   508.0799    507.9383    2.440275  -1.340 2.953e+06  15.00     6.985698   2.5     9.426113   1.5 KP   
   509.9646    509.8225    2.431256  -1.610 3.148e+06  15.00     6.954820   1.5     9.386216   0.5 KP   
   510.2391    510.0969    2.429948  -2.120 4.859e+05  15.00     6.954820   1.5     9.384908   1.5 KP   
   511.1049    510.9625    2.425832  -1.090 3.459e+06  15.00     6.985698   2.5     9.411669   2.5 KP   
   511.5225    511.3800    2.423851  -2.000 6.373e+05  15.00     6.936072   0.5     9.360062   1.5 GUES 
   512.3908    512.2481    2.419744  -2.500 4.017e+05  15.00     6.936072   0.5     9.355955   0.5 GUES 
   513.3419    513.1989    2.415260  -2.500 1.334e+05  15.00     7.213189   1.5     9.628588   2.5 GUES 
   515.0898    514.9463    2.407065  -1.970 6.734e+05  15.00     6.936072   0.5     9.343275   1.5 KP   
   515.5097    515.3661    2.405104  -2.400 2.498e+05  15.00     6.954820   1.5     9.360062   1.5 GUES 
   515.6278    515.4842    2.404553  -1.430 1.553e+06  15.00     6.954820   1.5     9.359511   2.5 KP   
   516.3704    516.2266    2.401095  -0.960 3.429e+06  15.00     6.985698   2.5     9.386931   3.5 KP   
   516.7468    516.6029    2.399346  -2.000 1.249e+06  15.00     6.936072   0.5     9.335556   0.5 GUES 
   516.8058    516.6619    2.399072  -1.630 1.464e+06  15.00     6.985698   2.5     9.384908   1.5 KP   
   519.1330    518.9885    2.388317  -1.910 7.612e+05  15.00     6.954820   1.5     9.343275   1.5 KP   
   520.8162    520.6712    2.380599  -3.500 3.888e+04  15.00     6.954820   1.5     9.335556   0.5 GUES 
   522.3350    522.1896    2.373677  -1.850 5.755e+05  15.00     6.985698   2.5     9.359511   2.5 KP   
   525.9322    525.7859    2.357441  -3.000 6.028e+04  15.00     6.985698   2.5     9.343275   1.5 KP   
   525.9338    525.7875    2.357434  -3.000 1.206e+05  15.00     6.954820   1.5     9.312390   0.5 GUES 
   526.3525    526.2060    2.355559  -1.570 1.620e+06  15.00     7.176265   0.5     9.531959   1.5 KP   
   529.5010    529.3537    2.341552  -1.300 5.962e+06  15.00     7.176265   0.5     9.517952   0.5 KP   
   534.7341    534.5854    2.318637  -0.880 7.688e+06  15.00     7.213189   1.5     9.531959   1.5 KP   
   536.3328    536.1837    2.311726  -2.500 9.166e+04  15.00     7.381841   2.5     9.693700   3.5 GUES 
   536.6125    536.4633    2.310521  -1.400 1.153e+06  15.00     7.381841   2.5     9.692495   3.5 GUES 
   537.6654    537.5159    2.305996  -2.000 3.845e+05  15.00     7.381841   2.5     9.687970   2.5 GUES 
   537.9841    537.8345    2.304631  -1.610 2.829e+06  15.00     7.213189   1.5     9.517952   0.5 KP   
   539.5326    539.3826    2.298016  -2.300 2.871e+05  15.00     7.381841   2.5     9.679989   1.5 GUES 
   541.8773    541.7267    2.288072  -2.000 3.786e+05  15.00     7.404330   1.5     9.692534   2.5 GUES 
   542.9602    542.8093    2.283509  -1.800 5.976e+05  15.00     7.404330   1.5     9.687970   2.5 GUES 
   542.9839    542.8330    2.283409  -2.200 3.569e+05  15.00     7.404330   1.5     9.687870   1.5 GUES 
   544.8644    544.7130    2.275528  -1.670 1.201e+06  15.00     7.404330   1.5     9.679989   1.5 MRB  
   545.9819    545.8302    2.270871  -1.160 3.870e+06  15.00     7.176265   0.5     9.447266   1.5 KP   
   546.0143    545.8626    2.146751  -4.000 5.593e+03  15.00     7.213189   1.5     9.360062   1.5 GUES 
   546.0810    545.9293    2.270459  -2.200 3.528e+05  15.00     7.417281   0.5     9.687870   1.5 GUES 
   546.1666    546.0149    2.270103  -1.800 5.906e+05  15.00     7.381841   2.5     9.652075   2.5 GUES 
   547.9194    547.7672    2.262841  -0.790 6.005e+06  15.00     7.213189   1.5     9.476159   2.5 KP   
   547.9394    547.7872    2.262758  -1.200 1.752e+06  15.00     7.381841   2.5     9.644729   3.5 GUES 
   547.9781    547.8259    2.262598  -1.500 3.512e+06  15.00     7.417281   0.5     9.680009   0.5 GUES 
   547.9830    547.8308    2.262578  -1.500 1.756e+06  15.00     7.417281   0.5     9.679989   1.5 GUES 
   549.1233    548.9708    2.257880  -4.690 7.527e+02  15.00     6.954820   1.5     9.212830   2.5 KP   
   550.0226    549.8698    2.254188  -3.740 1.003e+04  15.00     6.954820   1.5     9.209138   1.5 KP   
   551.1152    550.9621    2.249719  -4.650 1.229e+03  15.00     7.176265   0.5     9.426113   1.5 KP   
   551.6310    551.4778    2.247615  -2.000 3.653e+05  15.00     7.404330   1.5     9.652075   2.5 GUES 
   551.6512    551.4980    2.247533  -2.230 3.227e+05  15.00     7.404330   1.5     9.651992   1.5 MRB  
   551.8531    551.6998    2.246711  -1.930 3.217e+05  15.00     7.381841   2.5     9.628681   3.5 MRB  
   551.8761    551.7228    2.246618  -2.800 5.785e+04  15.00     7.381841   2.5     9.628588   2.5 GUES 
   553.4672    553.3135    2.240159  -2.500 1.148e+05  15.00     7.404330   1.5     9.644617   2.5 GUES 
   554.8483    554.6942    2.234583  -2.693 1.098e+05  15.00     7.417281   0.5     9.651992   1.5 MRB  
   555.0057    554.8516    2.233949  -1.890 6.974e+05  15.00     7.213189   1.5     9.447266   1.5 KP   
   556.7366    556.5820    2.227004  -2.640 8.216e+04  15.00     6.985698   2.5     9.212830   2.5 KP   
   556.9113    556.7567    2.226305  -3.980 5.630e+03  15.00     7.965231   0.5    10.191664   1.5 KP   
   557.4559    557.3011    2.224130  -2.000 3.577e+05  15.00     7.404330   1.5     9.628588   2.5 GUES 
   557.6609    557.5061    2.223312  -3.780 8.899e+03  15.00     6.985698   2.5     9.209138   1.5 KP   
   560.3109    560.1554    2.212797  -4.100 4.219e+03  15.00     7.213189   1.5     9.426113   1.5 KP   
   561.3969    561.2411    2.208516  -4.480 1.752e+03  15.00     7.176265   0.5     9.384908   1.5 KP   
   563.9921    563.8356    2.198354  -4.050 3.115e+03  15.00     7.213189   1.5     9.411669   2.5 KP   
   570.5983    570.4400    2.172902  -4.230 6.032e+03  15.00     7.213189   1.5     9.386216   0.5 KP   
   570.6105    570.4522    2.172856  -2.810 7.932e+04  15.00     7.965231   0.5    10.138212   1.5 KP   
   570.9420    570.7836    2.171595  -4.730 9.525e+02  15.00     7.213189   1.5     9.384908   1.5 KP   
   572.1826    572.0239    2.166886  -4.850 7.194e+02  15.00     7.176265   0.5     9.343275   1.5 KP   
   577.6977    577.5375    2.146199  -4.050 2.969e+03  15.00     7.213189   1.5     9.359511   2.5 KP   
   578.6565    578.4961    2.142643  -4.000 9.960e+03  15.00     7.213189   1.5     9.355955   0.5 GUES 
   580.4555    580.2946    2.136002  -4.160 6.848e+03  15.00     7.176265   0.5     9.312390   0.5 KP   
   582.1011    581.9398    2.129964  -4.520 1.486e+03  15.00     7.213189   1.5     9.343275   1.5 KP   
   584.2182    584.0563    2.122245  -4.500 3.090e+03  15.00     7.213189   1.5     9.335556   0.5 GUES 
   586.0559    585.8935    2.115591  -3.540 1.400e+04  15.00     7.965231   0.5    10.080944   1.5 KP   
   590.6654    590.5018    2.099081  -3.270 5.133e+04  15.00     7.213189   1.5     9.312390   0.5 KP   
   594.1648    594.0002    2.086718  -3.180 3.121e+04  15.00     7.965231   0.5    10.052069   1.5 KP   
   594.4521    594.2874    2.085710  -4.860 6.514e+02  15.00     8.105835   0.5    10.191664   1.5 KP   
   597.1702    597.0048    2.076216  -4.030 4.364e+03  15.00     8.115329   1.5    10.191664   1.5 KP   
   599.1036    598.9377    2.069516  -2.000 1.858e+05  15.00     8.157155   3.5    10.226790   4.5 GUES 
   600.1592    599.9930    2.065876  -2.500 9.760e+04  15.00     8.115329   1.5    10.181323   2.5 GUES 
   600.6756    600.5093    2.064100  -3.800 4.883e+03  15.00     8.132068   2.5    10.196286   2.5 KP   
   600.9987    600.8323    2.062990  -2.200 1.456e+05  15.00     8.132068   2.5    10.195177   3.5 GUES 
   602.0238    601.8571    2.059478  -4.110 3.571e+03  15.00     8.132068   2.5    10.191664   1.5 KP   
   603.4807    603.3136    2.054506  -2.970 4.906e+04  15.00     7.965231   0.5    10.019855   1.5 KP   
   604.4757    604.3084    2.051124  -2.000 3.042e+05  15.00     7.213189   1.5     9.264430   2.5 GUES 
   606.5366    606.3687    2.044154  -1.800 7.184e+05  15.00     7.381841   2.5     9.426113   1.5 GUES 
   608.0656    607.8973    2.039014  -3.740 5.471e+03  15.00     8.157155   3.5    10.196286   2.5 KP   
   608.2742    608.1058    2.038315  -2.980 3.146e+04  15.00     8.115329   1.5    10.153761   2.5 KP   
   608.5235    608.3551    2.037480  -2.830 1.332e+05  15.00     7.965231   0.5    10.002828   0.5 KP   
   609.9374    609.7686    2.032757  -1.940 5.146e+05  15.00     7.176265   0.5     9.209138   1.5 MRB  
   610.0862    609.9174    2.032261  -2.150 3.172e+05  15.00     8.105835   0.5    10.138212   1.5 KP   
   610.8525    610.6835    2.029711  -2.000 2.979e+05  15.00     7.381841   2.5     9.411669   2.5 GUES 
   612.9496    612.7800    2.022767  -2.250 2.496e+05  15.00     8.115329   1.5    10.138212   1.5 KP   
   613.2832    613.1135    2.021667  -1.700 8.846e+05  15.00     7.404330   1.5     9.426113   1.5 GUES 
   613.3107    613.1410    2.021576  -3.050 2.634e+04  15.00     8.132068   2.5    10.153761   2.5 KP   
   614.6826    614.5125    2.017064  -1.880 1.164e+06  15.00     7.965231   0.5     9.982412   0.5 KP   
   616.9039    616.7332    2.009802  -1.800 3.472e+05  15.00     8.132068   2.5    10.141985   3.5 KP   
   617.2371    617.0663    2.008717  -1.800 6.937e+05  15.00     7.417281   0.5     9.426113   1.5 GUES 
   617.6961    617.5252    2.007224  -2.200 1.838e+05  15.00     7.404330   1.5     9.411669   2.5 GUES 
   617.7919    617.6210    2.006913  -1.930 5.133e+05  15.00     7.965231   0.5     9.972259   1.5 KP   
   618.0642    617.8932    2.006029  -2.910 5.370e+04  15.00     8.132068   2.5    10.138212   1.5 KP   
   619.0136    618.8424    2.002952  -1.700 8.683e+05  15.00     7.381841   2.5     9.384908   1.5 GUES 
   620.0740    619.9025    1.999526  -3.690 5.903e+03  15.00     7.213189   1.5     9.212830   2.5 KP   
   621.0168    620.8450    1.996491  -3.340 1.318e+04  15.00     8.157155   3.5    10.153761   2.5 KP   
   621.2209    621.0491    1.995835  -2.730 8.046e+04  15.00     7.213189   1.5     9.209138   1.5 KP   
   622.1972    622.0251    1.992703  -1.330 1.343e+06  15.00     8.115329   1.5    10.108146   2.5 KP   
   622.6720    622.4998    1.991184  -1.570 1.158e+06  15.00     7.965231   0.5     9.956529   1.5 KP   
   624.7012    624.5284    1.984716  -2.520 6.452e+04  15.00     8.157155   3.5    10.141985   3.5 KP   
   625.6291    625.4561    1.981772  -2.500 2.694e+05  15.00     7.404330   1.5     9.386216   0.5 GUES 
   625.7482    625.5752    1.981395  -2.260 4.681e+05  15.00     7.965231   0.5     9.946740   0.5 KP   
   626.1491    625.9760    1.980126  -2.500 6.725e+04  15.00     8.250991   2.5    10.231231   3.5 KP   
   626.3457    626.1725    1.979505  -1.800 6.737e+05  15.00     8.115329   1.5    10.094947   1.5 GUES 
   626.8635    626.6902    1.977870  -2.350 1.264e+05  15.00     8.115329   1.5    10.093312   2.5 KP   
   626.9911    626.8177    1.977467  -1.810 3.285e+05  15.00     8.132068   2.5    10.109649   3.5 KP   
   627.4679    627.2944    1.975965  -1.680 5.899e+05  15.00     8.132068   2.5    10.108146   2.5 KP   
   627.7758    627.6022    1.974996  -2.550 1.192e+05  15.00     8.105835   0.5    10.080944   1.5 KP   
   630.0099    629.8357    1.967992  -4.280 1.470e+03  15.00     8.228181   1.5    10.196286   2.5 KP   
   630.8080    630.6336    1.965502  -2.140 3.036e+05  15.00     8.115329   1.5    10.080944   1.5 KP   
   630.8220    630.6476    1.965458  -4.710 8.171e+02  15.00     8.226093   0.5    10.191664   1.5 KP   
   631.4930    631.3184    1.963370  -3.630 9.802e+03  15.00     8.228181   1.5    10.191664   1.5 KP   
   632.2140    632.0392    1.961131  -3.010 2.718e+04  15.00     8.132068   2.5    10.093312   2.5 KP   
   635.0470    634.8715    1.952382  -2.560 5.694e+04  15.00     8.157155   3.5    10.109649   3.5 KP   
   635.5362    635.3605    1.950879  -3.290 1.412e+04  15.00     8.157155   3.5    10.108146   2.5 KP   
   636.2263    636.0504    1.948763  -2.910 5.068e+04  15.00     8.132068   2.5    10.080944   1.5 KP   
   637.0894    636.9133    1.946123  -1.610 1.008e+06  15.00     8.105835   0.5    10.052069   1.5 KP   
   637.3971    637.2209    1.945184  -2.870 3.691e+04  15.00     8.250991   2.5    10.196286   2.5 KP   
   637.7444    637.5681    1.944125  -2.190 1.059e+05  15.00     8.157155   3.5    10.101391   4.5 KP   
   638.0189    637.8426    1.943288  -2.190 1.763e+05  15.00     8.115329   1.5    10.058728   2.5 KP   
   638.9153    638.7387    1.940561  -4.000 4.085e+03  15.00     8.250991   2.5    10.191664   1.5 KP   
   639.0336    638.8570    1.940202  -1.490 6.607e+05  15.00     8.132068   2.5    10.072382   3.5 KP   
   640.2124    640.0355    1.936630  -2.310 1.993e+05  15.00     8.115329   1.5    10.052069   1.5 KP   
   640.4056    640.2286    1.936046  -4.210 1.671e+03  15.00     8.157155   3.5    10.093312   2.5 KP   
   643.5623    643.3845    1.926549  -3.740 4.884e+03  15.00     8.132068   2.5    10.058728   2.5 KP   
   643.9234    643.7455    1.925469  -3.920 3.223e+03  15.00     8.228181   1.5    10.153761   2.5 KP   
   645.7941    645.6157    1.919891  -4.170 2.703e+03  15.00     8.132068   2.5    10.052069   1.5 KP   
   646.9561    646.7774    1.916443  -1.270 4.279e+06  15.00     7.965231   0.5     9.881784   0.5 KP   
   647.4041    647.2252    1.915117  -2.250 1.119e+05  15.00     8.157155   3.5    10.072382   3.5 KP   
   648.4562    648.2771    1.912009  -3.170 2.681e+04  15.00     8.226093   0.5    10.138212   1.5 KP   
   648.5178    648.3386    1.911828  -2.120 2.005e+05  15.00     8.284349   1.5    10.196286   2.5 KP   
   649.1652    648.9859    1.909921  -2.690 8.079e+04  15.00     8.228181   1.5    10.138212   1.5 KP   
   649.4180    649.2386    1.909178  -3.010 2.576e+04  15.00     8.286999   1.5    10.196286   2.5 KP   
   650.0895    649.9099    1.907206  -3.780 6.548e+03  15.00     8.284349   1.5    10.191664   1.5 KP   
   650.9941    650.8143    1.904555  -3.920 4.731e+03  15.00     8.286999   1.5    10.191664   1.5 KP   
   651.6425    651.4625    1.902660  -2.510 8.090e+04  15.00     8.250991   2.5    10.153761   2.5 KP   
   652.0526    651.8725    1.901464  -4.470 8.860e+02  15.00     8.157155   3.5    10.058728   2.5 KP   
   655.7004    655.5193    1.890885  -2.840 2.803e+04  15.00     8.250991   2.5    10.141985   3.5 KP   
   656.6344    656.4531    1.888196  -1.890 3.321e+05  15.00     8.115329   1.5    10.003633   2.5 KP   
   656.9143    656.7329    1.887391  -4.550 2.178e+03  15.00     8.115329   1.5    10.002828   0.5 KP   
   657.0113    656.8299    1.887113  -3.300 1.936e+04  15.00     8.250991   2.5    10.138212   1.5 KP   
   659.5471    659.3650    1.879857  -2.650 5.721e+04  15.00     8.228181   1.5    10.108146   2.5 KP   
   661.4115    661.2289    1.874558  -4.050 2.265e+03  15.00     8.321621   2.5    10.196286   2.5 KP   
   662.2609    662.0781    1.872154  -2.750 6.761e+04  15.00     7.965231   0.5     9.837493   1.5 KP   
   662.3111    662.1282    1.872012  -1.770 6.456e+05  15.00     8.115329   1.5     9.987448   1.5 KP   
   662.5074    662.3245    1.871457  -1.980 2.652e+05  15.00     8.132068   2.5    10.003633   2.5 KP   
   663.0465    662.8634    1.869936  -4.370 1.618e+03  15.00     8.321621   2.5    10.191664   1.5 KP   
   663.2703    663.0872    1.869305  -2.910 3.109e+04  15.00     8.284349   1.5    10.153761   2.5 KP   
   663.7050    663.5218    1.868081  -2.940 2.898e+04  15.00     8.115329   1.5     9.983516   2.5 KP   
   664.2105    664.0271    1.866659  -2.000 3.780e+05  15.00     8.228181   1.5    10.094947   1.5 GUES 
   664.2121    664.0287    1.866654  -2.700 5.028e+04  15.00     8.286999   1.5    10.153761   2.5 KP   
   664.3320    664.1486    1.866317  -3.170 2.554e+04  15.00     8.105835   0.5     9.972259   1.5 KP   
   664.7929    664.6094    1.865023  -3.440 9.133e+03  15.00     8.228181   1.5    10.093312   2.5 KP   
   666.3587    666.1747    1.860641  -2.700 7.493e+04  15.00     8.105835   0.5     9.966583   1.5 KP   
   667.1080    666.9238    1.858551  -2.000 1.873e+05  15.00     8.250991   2.5    10.109649   3.5 GUES 
   667.5582    667.3739    1.857298  -1.730 1.394e+06  15.00     7.965231   0.5     9.822636   0.5 KP   
   667.6478    667.4635    1.857049  -3.560 6.869e+03  15.00     8.250991   2.5    10.108146   2.5 KP   
   667.7286    667.5443    1.856824  -2.810 5.792e+04  15.00     8.115329   1.5     9.972259   1.5 KP   
   668.2866    668.1021    1.855273  -4.200 2.356e+03  15.00     8.132068   2.5     9.987448   1.5 KP   
   668.4772    668.2927    1.854744  -2.110 2.897e+05  15.00     8.226093   0.5    10.080944   1.5 KP   
   668.8333    668.6487    1.853757  -3.370 1.590e+04  15.00     8.284349   1.5    10.138212   1.5 KP   
   669.2308    669.0461    1.852656  -2.420 1.416e+05  15.00     8.228181   1.5    10.080944   1.5 KP   
   669.7760    669.5911    1.851148  -2.000 3.717e+05  15.00     8.115329   1.5     9.966583   1.5 GUES 
   669.7910    669.6061    1.851107  -3.580 9.777e+03  15.00     8.286999   1.5    10.138212   1.5 KP   
   669.9784    669.7935    1.850589  -2.600 9.331e+04  15.00     8.105835   0.5     9.956529   1.5 KP   
   671.5084    671.3231    1.846372  -1.310 1.207e+06  15.00     8.157155   3.5    10.003633   2.5 KP   
   671.9256    671.7402    1.845226  -1.850 5.217e+05  15.00     7.965231   0.5     9.810563   1.5 KP   
   672.2219    672.0364    1.844412  -1.470 6.252e+05  15.00     8.132068   2.5     9.976586   3.5 KP   
   673.0251    672.8394    1.842211  -2.320 1.175e+05  15.00     8.115329   1.5     9.957645   2.5 KP   
   673.4331    673.2472    1.841095  -2.010 3.593e+05  15.00     8.115329   1.5     9.956529   1.5 KP   
   673.5411    673.3552    1.840800  -2.010 7.184e+05  15.00     8.105835   0.5     9.946740   0.5 KP   
   673.8027    673.6167    1.840085  -3.960 4.027e+03  15.00     8.132068   2.5     9.972259   1.5 KP   
   675.8876    675.7011    1.834409  -1.600 9.169e+05  15.00     8.132068   2.5     9.966583   1.5 KP   
   677.0327    676.8459    1.831306  -1.890 9.373e+05  15.00     8.115329   1.5     9.946740   0.5 KP   
   677.3527    677.1658    1.830441  -2.350 1.082e+05  15.00     8.228181   1.5    10.058728   2.5 KP   
   677.4464    677.2595    1.830188  -3.090 2.953e+04  15.00     8.157155   3.5     9.987448   1.5 KP   
   678.7408    678.5535    1.826698  -2.950 2.707e+04  15.00     8.115329   1.5     9.942131   2.5 KP   
   679.0479    678.8605    1.825872  -2.650 8.096e+04  15.00     8.226093   0.5    10.052069   1.5 KP   
   679.1965    679.0091    1.825472  -1.640 5.521e+05  15.00     8.132068   2.5     9.957645   2.5 KP   
   679.6119    679.4244    1.824356  -2.600 9.069e+04  15.00     8.132068   2.5     9.956529   1.5 KP   
   679.8255    679.6379    1.823783  -2.730 6.718e+04  15.00     8.228181   1.5    10.052069   1.5 KP   
   679.8592    679.6716    1.823693  -3.690 4.911e+03  15.00     8.284349   1.5    10.108146   2.5 KP   
   680.7576    680.5698    1.821286  -3.010 1.758e+04  15.00     8.250991   2.5    10.072382   3.5 KP   
   680.8486    680.6608    1.821043  -2.660 5.247e+04  15.00     8.286999   1.5    10.108146   2.5 KP   
   681.1413    680.9534    1.820260  -2.630 4.213e+04  15.00     8.321621   2.5    10.141985   3.5 KP   
   681.4757    681.2877    1.819367  -2.000 3.591e+05  15.00     8.078889   1.5     9.898361   1.5 GUES 
   681.4907    681.3027    1.819327  -1.450 6.370e+05  15.00     8.157155   3.5     9.976586   3.5 KP   
   681.5167    681.3287    1.819257  -2.000 3.590e+05  15.00     8.078999   2.5     9.898361   1.5 GUES 
   685.0179    684.8289    1.809959  -2.880 3.123e+04  15.00     8.132068   2.5     9.942131   2.5 KP   
   685.4344    685.2453    1.808859  -3.610 5.808e+03  15.00     8.284349   1.5    10.093312   2.5 KP   
   685.8994    685.7102    1.807633  -2.820 3.576e+04  15.00     8.250991   2.5    10.058728   2.5 KP   
   686.4402    686.2508    1.806209  -3.630 5.531e+03  15.00     8.286999   1.5    10.093312   2.5 KP   
   687.0829    686.8934    1.804519  -2.000 2.355e+05  15.00     8.078999   2.5     9.883622   2.5 GUES 
   688.0514    687.8616    1.801979  -2.500 2.228e+05  15.00     8.078889   1.5     9.880972   0.5 GUES 
   688.4351    688.2452    1.800975  -4.120 2.669e+03  15.00     8.250991   2.5    10.052069   1.5 KP   
   688.6600    688.4700    1.800387  -2.560 6.456e+04  15.00     8.157155   3.5     9.957645   2.5 KP   
   690.1531    689.9627    1.796492  -3.000 3.501e+04  15.00     8.284349   1.5    10.080944   1.5 KP   
   690.4442    690.2538    1.795734  -2.500 7.374e+04  15.00     8.284349   1.5    10.080186   2.5 GUES 
   691.1728    690.9822    1.793841  -2.810 5.406e+04  15.00     8.286999   1.5    10.080944   1.5 KP   
   693.4596    693.2684    1.787926  -1.680 3.622e+05  15.00     8.321621   2.5    10.109649   3.5 KP   
   693.5749    693.3836    1.787629  -3.000 2.311e+04  15.00     8.420228   1.5    10.207959   2.5 GUES 
   694.0430    693.8516    1.786423  -3.410 8.978e+03  15.00     8.321621   2.5    10.108146   2.5 KP   
   694.6454    694.4538    1.784874  -2.870 3.108e+04  15.00     8.157155   3.5     9.942131   2.5 KP   
   697.8673    697.6749    1.776633  -4.990 7.007e+02  15.00     8.226093   0.5    10.002828   0.5 KP   
   698.1761    697.9836    1.775848  -1.240 3.937e+06  15.00     8.105835   0.5     9.881784   0.5 KP   
   698.3720    698.1794    1.775350  -1.920 2.740e+05  15.00     8.228181   1.5    10.003633   2.5 KP   
   698.6885    698.4959    1.774545  -3.770 1.160e+04  15.00     8.228181   1.5    10.002828   0.5 KP   
   698.7317    698.5390    1.774436  -1.380 9.492e+05  15.00     8.115329   1.5     9.889866   2.5 KP   
   698.7940    698.6013    1.774277  -2.540 6.566e+04  15.00     8.284349   1.5    10.058728   2.5 KP   
   699.2135    699.0207    1.773213  -2.500 7.190e+04  15.00     8.454208   1.5    10.227523   2.5 GUES 
   699.8395    699.6465    1.771627  -4.220 1.368e+03  15.00     8.286999   1.5    10.058728   2.5 KP   
   699.8543    699.6613    1.771590  -2.160 1.570e+05  15.00     8.321621   2.5    10.093312   2.5 KP   
   700.3498    700.1567    1.770336  -1.330 7.951e+05  15.00     8.132068   2.5     9.902506   3.5 KP   
   700.8511    700.6579    1.769070  -1.730 6.321e+05  15.00     8.115329   1.5     9.884500   1.5 KP   
   701.3736    701.1802    1.767752  -2.000 1.130e+05  15.00     8.497539   4.5    10.265392   5.5 GUES 
   701.4261    701.2327    1.767619  -3.430 1.259e+04  15.00     8.284349   1.5    10.052069   1.5 KP   
   701.9285    701.7350    1.766354  -1.700 1.351e+06  15.00     8.115329   1.5     9.881784   0.5 GUES 
   702.4795    702.2858    1.764969  -3.950 3.791e+03  15.00     8.286999   1.5    10.052069   1.5 KP   
   703.0026    702.8088    1.763655  -3.390 1.375e+04  15.00     8.427907   0.5    10.191664   1.5 KP   
   704.7743    704.5800    1.759222  -4.470 1.138e+03  15.00     8.321621   2.5    10.080944   1.5 KP   
   704.7967    704.6024    1.759166  -3.010 3.280e+04  15.00     8.228181   1.5     9.987448   1.5 KP   
   705.3858    705.1913    1.757697  -2.530 6.594e+04  15.00     8.132068   2.5     9.889866   2.5 KP   
   705.9797    705.7851    1.756218  -4.640 1.533e+03  15.00     8.226093   0.5     9.982412   0.5 KP   
   706.8202    706.6254    1.754130  -3.940 7.664e+03  15.00     8.228181   1.5     9.982412   0.5 KP   
   706.9649    706.7700    1.753771  -3.260 1.222e+04  15.00     8.442415   1.5    10.196286   2.5 KP   
   707.5458    707.3508    1.752331  -3.040 3.038e+04  15.00     8.132068   2.5     9.884500   1.5 KP   
   708.2208    708.0256    1.750661  -1.940 1.909e+05  15.00     8.321621   2.5    10.072382   3.5 KP   
   708.2549    708.0597    1.750576  -2.050 2.963e+05  15.00     7.965231   0.5     9.715908   1.5 KP   
   708.3940    708.1987    1.750233  -2.000 1.329e+05  15.00     8.478298   3.5    10.228631   4.5 GUES 
   708.8331    708.6377    1.749149  -3.530 9.794e+03  15.00     8.442415   1.5    10.191664   1.5 KP   
   710.0844    709.8887    1.746066  -2.020 3.158e+05  15.00     8.226093   0.5     9.972259   1.5 KP   
   710.4162    710.2204    1.745251  -2.090 1.343e+05  15.00     8.157155   3.5     9.902506   3.5 KP   
   710.9347    710.7388    1.743978  -2.680 6.893e+04  15.00     8.228181   1.5     9.972259   1.5 KP   
   712.4003    712.2040    1.740390  -2.060 2.862e+05  15.00     8.226093   0.5     9.966583   1.5 KP   
   713.2562    713.0596    1.738302  -2.560 9.028e+04  15.00     8.228181   1.5     9.966583   1.5 KP   
   713.7876    713.5909    1.737007  -2.890 2.811e+04  15.00     8.321621   2.5    10.058728   2.5 KP   
   714.0548    713.8580    1.736357  -3.450 1.160e+04  15.00     8.250991   2.5     9.987448   1.5 KP   
   714.4460    714.2491    1.735407  -2.570 8.793e+04  15.00     8.284349   1.5    10.019855   1.5 KP   
   715.5986    715.4014    1.732612  -3.540 6.261e+03  15.00     8.157155   3.5     9.889866   2.5 KP   
   715.6753    715.4781    1.732426  -1.540 6.260e+05  15.00     8.250991   2.5     9.983516   2.5 KP   
   716.0336    715.8363    1.731559  -2.140 2.356e+05  15.00     8.105835   0.5     9.837493   1.5 KP   
   716.5341    716.3366    1.730349  -3.900 4.089e+03  15.00     8.321621   2.5    10.052069   1.5 KP   
   716.5392    716.3417    1.730337  -1.980 3.401e+05  15.00     8.226093   0.5     9.956529   1.5 KP   
   716.7444    716.5469    1.729842  -0.890 2.788e+06  15.00     8.115329   1.5     9.845270   2.5 KP   
   716.9421    716.7445    1.729365  -1.430 8.035e+05  15.00     8.228181   1.5     9.957645   2.5 KP   
   717.4050    717.2073    1.728249  -2.040 2.955e+05  15.00     8.228181   1.5     9.956529   1.5 KP   
   717.7079    717.5101    1.727520  -0.810 2.006e+06  15.00     8.157155   3.5     9.884774   4.5 KP   
   717.8637    717.6659    1.727144  -0.800 2.564e+06  15.00     8.132068   2.5     9.859312   3.5 KP   
   718.5494    718.3514    1.725496  -1.280 8.475e+05  15.00     8.250991   2.5     9.976586   3.5 KP   
   719.9810    719.7826    1.722065  -1.780 5.339e+05  15.00     8.115329   1.5     9.837493   1.5 KP   
   720.3559    720.1574    1.721169  -3.680 6.714e+03  15.00     8.250991   2.5     9.972259   1.5 KP   
   720.6158    720.4172    1.720549  -2.780 1.066e+05  15.00     8.226093   0.5     9.946740   0.5 KP   
   721.1870    720.9883    1.719186  -2.800 3.387e+04  15.00     8.284349   1.5    10.003633   2.5 GUES 
   721.4915    721.2927    1.718460  -2.090 5.208e+05  15.00     8.228181   1.5     9.946740   0.5 KP   
   721.5247    721.3259    1.718381  -1.710 1.249e+06  15.00     8.284349   1.5    10.002828   0.5 KP   
   722.0137    721.8148    1.717217  -3.550 9.015e+03  15.00     8.447192   0.5    10.164508   1.5 KP   
   722.2300    722.0310    1.716703  -3.270 3.434e+04  15.00     8.105835   0.5     9.822636   0.5 KP   
   722.3006    722.1016    1.716535  -3.000 2.131e+04  15.00     8.286999   1.5    10.003633   2.5 KP   
   722.6393    722.4402    1.715731  -3.820 9.666e+03  15.00     8.286999   1.5    10.002828   0.5 KP   
   722.7393    722.5402    1.715493  -2.050 2.845e+05  15.00     8.250991   2.5     9.966583   1.5 KP   
   722.8274    722.6282    1.715284  -2.000 3.192e+05  15.00     8.447192   0.5    10.162575   1.5 GUES 
   722.8274    722.6282    1.715284  -2.000 6.383e+05  15.00     8.447192   0.5    10.162575   0.5 GUES 
   723.4315    723.2322    1.713852  -2.070 1.808e+05  15.00     8.228181   1.5     9.942131   2.5 KP   
   723.7477    723.5483    1.713103  -1.420 8.069e+05  15.00     8.132068   2.5     9.845270   2.5 KP   
   724.1403    723.9408    1.712174  -1.980 6.660e+05  15.00     7.965231   0.5     9.677504   0.5 KP   
   724.5325    724.3329    1.711248  -3.450 7.514e+03  15.00     8.442415   1.5    10.153761   2.5 KP   
   724.9735    724.7738    1.710207  -3.070 2.700e+04  15.00     8.427907   0.5    10.138212   1.5 KP   
   726.2462    726.0461    1.707209  -3.360 2.760e+04  15.00     8.115329   1.5     9.822636   0.5 KP   
   726.5241    726.3240    1.706556  -1.920 2.532e+05  15.00     8.250991   2.5     9.957645   2.5 KP   
   726.9996    726.7993    1.705440  -3.330 1.476e+04  15.00     8.250991   2.5     9.956529   1.5 KP   
   727.0288    726.8285    1.705372  -2.000 2.103e+05  15.00     8.420228   1.5    10.125697   2.5 GUES 
   727.0480    726.8477    1.705327  -2.080 2.624e+05  15.00     8.132068   2.5     9.837493   1.5 KP   
   727.3450    727.1446    1.704630  -1.260 1.732e+06  15.00     8.105835   0.5     9.810563   1.5 KP   
   728.0406    727.8400    1.703002  -2.620 7.547e+04  15.00     8.284349   1.5     9.987448   1.5 KP   
   728.4438    728.2431    1.702059  -2.250 8.836e+04  15.00     8.157155   3.5     9.859312   3.5 KP   
   729.1754    728.9745    1.700351  -4.990 3.209e+02  15.00     8.286999   1.5     9.987448   1.5 KP   
   730.1263    729.9252    1.698137  -1.570 8.419e+05  15.00     8.321621   2.5    10.019855   1.5 KP   
   730.8653    730.6640    1.696420  -1.850 2.940e+05  15.00     8.286999   1.5     9.983516   2.5 KP   
   731.1757    730.9743    1.695700  -3.370 1.331e+04  15.00     8.442415   1.5    10.138212   1.5 KP   
   731.3415    731.1401    1.695315  -3.100 4.953e+04  15.00     8.286999   1.5     9.982412   0.5 KP   
   731.4184    731.2169    1.695137  -1.940 3.579e+05  15.00     8.115329   1.5     9.810563   1.5 KP   
   732.6427    732.4409    1.692304  -1.270 1.668e+06  15.00     7.965231   0.5     9.657633   1.5 KP   
   733.1890    732.9871    1.691043  -2.100 1.643e+05  15.00     8.250991   2.5     9.942131   2.5 KP   
   734.5127    734.3104    1.687996  -2.700 2.467e+04  15.00     8.478298   3.5    10.166391   4.5 KP   
   734.5920    734.3897    1.687814  -3.900 3.890e+03  15.00     8.284349   1.5     9.972259   1.5 KP   
   735.2171    735.0146    1.686379  -1.500 6.503e+05  15.00     8.420228   1.5    10.106703   2.5 GUES 
   735.5950    735.3924    1.685512  -0.900 1.552e+06  15.00     8.478298   3.5    10.163907   4.5 KP   
   735.7473    735.5447    1.685163  -2.570 8.291e+04  15.00     8.286999   1.5     9.972259   1.5 KP   
   737.1679    736.9649    1.681916  -4.250 1.150e+03  15.00     8.321621   2.5    10.003633   2.5 KP   
   738.2339    738.0306    1.679487  -2.210 1.887e+05  15.00     8.286999   1.5     9.966583   1.5 KP   
   738.7128    738.5094    1.678398  -4.810 4.733e+02  15.00     8.132068   2.5     9.810563   1.5 KP   
   739.1032    738.8997    1.677512  -1.050 5.441e+06  15.00     7.965231   0.5     9.642839   0.5 KP   
   741.0076    740.8035    1.673201  -4.350 9.043e+02  15.00     8.284349   1.5     9.957645   2.5 KP   
   741.5021    741.2979    1.672085  -3.530 8.950e+03  15.00     8.284349   1.5     9.956529   1.5 KP   
   741.8088    741.6045    1.671394  -1.500 6.388e+05  15.00     8.454208   1.5    10.125697   2.5 GUES 
   742.1832    741.9788    1.670550  -4.060 1.758e+03  15.00     8.286999   1.5     9.957645   2.5 KP   
   742.6793    742.4748    1.669434  -3.610 7.421e+03  15.00     8.286999   1.5     9.956529   1.5 KP   
   744.1541    743.9492    1.666126  -0.500 3.174e+06  15.00     8.497539   4.5    10.163761   5.5 GUES 
   744.3300    744.1251    1.665732  -3.120 2.283e+04  15.00     8.321621   2.5     9.987448   1.5 KP   
   744.3731    744.1681    1.665636  -2.970 2.150e+04  15.00     8.442415   1.5    10.108146   2.5 KP   
   745.3309    745.1257    1.663495  -1.500 4.746e+05  15.00     8.463999   2.5    10.127590   3.5 GUES 
   746.1858    745.9804    1.661589  -1.930 2.346e+05  15.00     8.228181   1.5     9.889866   2.5 KP   
   747.0597    746.8540    1.659646  -2.550 1.684e+05  15.00     8.286999   1.5     9.946740   0.5 KP   
   747.6606    747.4548    1.658312  -3.350 1.332e+04  15.00     8.226093   0.5     9.884500   1.5 KP   
   747.9421    747.7362    1.657688  -2.510 6.141e+04  15.00     8.284349   1.5     9.942131   2.5 KP   
   748.6034    748.3973    1.656223  -2.000 2.976e+05  15.00     8.228181   1.5     9.884500   1.5 GUES 
   748.8869    748.6807    1.655596  -3.220 3.583e+04  15.00     8.226093   0.5     9.881784   0.5 KP   
   749.1398    748.9336    1.655037  -3.940 2.274e+03  15.00     8.286999   1.5     9.942131   2.5 KP   
   749.2152    749.0089    1.654871  -2.860 2.050e+04  15.00     8.321621   2.5     9.976586   3.5 KP   
   749.8327    749.6263    1.653508  -3.180 3.919e+04  15.00     8.228181   1.5     9.881784   0.5 KP   
   750.0897    749.8832    1.652941  -2.940 3.403e+04  15.00     8.427907   0.5    10.080944   1.5 KP   
   750.3354    750.1288    1.652400  -1.500 6.244e+05  15.00     8.454208   1.5    10.106703   2.5 GUES 
   750.7808    750.5741    1.651420  -0.920 1.778e+06  15.00     8.250991   2.5     9.902506   3.5 NBS  
   751.0618    750.8550    1.650802  -1.850 2.784e+05  15.00     8.442415   1.5    10.093312   2.5 KP   
   751.1586    750.9518    1.650589  -3.140 4.282e+04  15.00     8.427907   0.5    10.078591   0.5 KP   
   751.8250    751.6180    1.649126  -0.500 3.732e+06  15.00     8.478298   3.5    10.127519   4.5 GUES 
   752.6291    752.4219    1.647365  -1.500 4.655e+05  15.00     8.478298   3.5    10.125757   3.5 GUES 
   754.7917    754.5839    1.642645  -1.000 1.463e+06  15.00     8.463999   2.5    10.106738   3.5 GUES 
   756.5711    756.3629    1.638781  -2.070 1.653e+05  15.00     8.250991   2.5     9.889866   2.5 KP   
   758.4065    758.1978    1.634815  -2.780 4.811e+04  15.00     8.321621   2.5     9.956529   1.5 KP   
   759.0566    758.8477    1.633415  -4.270 1.554e+03  15.00     8.250991   2.5     9.884500   1.5 KP   
   763.4248    763.2147    1.624069  -3.880 3.772e+03  15.00     8.427907   0.5    10.052069   1.5 KP   
   765.1449    764.9343    1.620418  -2.730 3.536e+04  15.00     8.321621   2.5     9.942131   2.5 KP   
   766.7643    766.5533    1.616996  -3.150 1.339e+04  15.00     8.228181   1.5     9.845270   2.5 KP   
   767.1321    766.9210    1.616220  -3.230 1.112e+04  15.00     8.442415   1.5    10.058728   2.5 KP   
   769.4709    769.2592    1.611308  -2.040 2.569e+05  15.00     8.226093   0.5     9.837493   1.5 KP   
   770.3055    770.0935    1.609562  -3.180 1.857e+04  15.00     8.442415   1.5    10.052069   1.5 KP   
   770.4696    770.2576    1.609219  -1.600 7.056e+05  15.00     8.228181   1.5     9.837493   1.5 KP   
   770.9442    770.7321    1.608228  -1.440 5.093e+05  15.00     8.250991   2.5     9.859312   3.5 KP   
   772.2903    772.0778    1.605425  -3.110 1.447e+04  15.00     8.284349   1.5     9.889866   2.5 KP   
   773.5674    773.3546    1.602775  -4.270 9.977e+02  15.00     8.286999   1.5     9.889866   2.5 KP   
   775.8123    775.5989    1.598137  -3.980 1.934e+03  15.00     8.115329   1.5     9.713557   2.5 KP   
   776.1660    775.9525    1.597409  -3.650 6.197e+03  15.00     8.286999   1.5     9.884500   1.5 KP   
   776.6202    776.4065    1.596475  -2.700 2.758e+04  15.00     8.670112   2.5    10.266678   3.5 GUES 
   776.6314    776.4177    1.596452  -2.700 1.103e+05  15.00     8.226093   0.5     9.822636   0.5 KP   
   777.6486    777.4347    1.594363  -3.120 4.183e+04  15.00     8.228181   1.5     9.822636   0.5 KP   
   778.5628    778.3486    1.592491  -3.730 2.561e+03  15.00     8.132068   2.5     9.724651   3.5 KP   
   778.8734    778.6591    1.591856  -2.400 1.094e+05  15.00     8.427907   0.5    10.019855   1.5 KP   
   781.5469    781.3319    1.586411  -2.270 1.466e+05  15.00     8.250991   2.5     9.837493   1.5 KP   
   782.5491    782.3338    1.584379  -2.490 8.811e+04  15.00     8.226093   0.5     9.810563   1.5 KP   
   783.5819    783.3664    1.582291  -2.210 1.675e+05  15.00     8.228181   1.5     9.810563   1.5 KP   
   783.6244    783.4089    1.582205  -2.460 6.277e+04  15.00     8.115329   1.5     9.697624   2.5 KP   
   784.0241    783.8084    1.581398  -3.950 2.029e+03  15.00     8.132068   2.5     9.713557   2.5 KP   
   784.3235    784.1078    1.580795  -1.930 1.592e+05  15.00     8.321621   2.5     9.902506   3.5 KP   
   785.2977    785.0817    1.578834  -1.500 5.700e+05  15.00     8.420228   1.5     9.999152   2.5 GUES 
   786.0366    785.8204    1.577349  -1.690 5.510e+05  15.00     8.442415   1.5    10.019855   1.5 KP   
   786.5775    786.3612    1.576265  -1.500 5.682e+05  15.00     8.420228   1.5     9.996583   2.5 GUES 
   786.6092    786.3928    1.576201  -2.000 2.695e+05  15.00     8.420228   1.5     9.996520   1.5 GUES 
   787.2938    787.0773    1.574831  -2.010 5.258e+05  15.00     8.427907   0.5    10.002828   0.5 KP   
   788.3287    788.1119    1.572763  -2.000 5.366e+05  15.00     8.420228   1.5     9.993081   0.5 GUES 
   788.3299    788.1131    1.572761  -2.000 2.683e+05  15.00     8.420228   1.5     9.993079   1.5 GUES 
   789.1004    788.8834    1.571225  -4.210 3.302e+03  15.00     7.965231   0.5     9.536547   0.5 KP   
   790.6450    790.4276    1.568155  -2.930 2.089e+04  15.00     8.321621   2.5     9.889866   2.5 KP   
   791.0231    790.8056    1.567406  -3.350 5.952e+03  15.00     8.157155   3.5     9.724651   3.5 KP   
   792.0033    791.7855    1.565466  -1.490 5.735e+05  15.00     8.132068   2.5     9.697624   2.5 KP   
   793.3599    793.1417    1.562789  -2.500 8.378e+04  15.00     8.321621   2.5     9.884500   1.5 KP   
   794.3550    794.1366    1.560832  -4.670 3.767e+02  15.00     8.284349   1.5     9.845270   2.5 KP   
   794.6135    794.3950    1.560324  -2.300 2.647e+05  15.00     8.442415   1.5    10.002828   0.5 KP   
   795.0423    794.8237    1.559482  -3.010 2.578e+04  15.00     8.250991   2.5     9.810563   1.5 KP   
   795.6086    795.3898    1.558372  -2.190 1.701e+05  15.00     8.105835   0.5     9.664296   1.5 KP   
   795.7062    795.4874    1.558181  -4.180 1.160e+03  15.00     8.286999   1.5     9.845270   2.5 KP   
   797.6340    797.4147    1.554415  -1.990 5.364e+05  15.00     8.427907   0.5     9.982412   0.5 KP   
   798.3325    798.1130    1.553055  -4.320 1.252e+03  15.00     8.284349   1.5     9.837493   1.5 KP   
   799.0249    798.8052    1.551709  -2.530 7.708e+04  15.00     8.105835   0.5     9.657633   1.5 KP   
   799.6973    799.4774    1.550405  -2.780 4.327e+04  15.00     8.286999   1.5     9.837493   1.5 KP   
   800.2192    799.9992    1.549393  -1.270 9.323e+05  15.00     8.115329   1.5     9.664811   2.5 KP   
   800.2995    800.0794    1.549238  -2.000 2.604e+05  15.00     8.447192   0.5     9.996520   1.5 GUES 
   800.4851    800.2650    1.548879  -1.380 1.085e+06  15.00     8.115329   1.5     9.664296   1.5 KP   
   802.0794    801.8589    1.545800  -1.000 5.184e+06  15.00     8.447192   0.5     9.993081   0.5 GUES 
   802.0807    801.8602    1.545798  -1.000 2.592e+06  15.00     8.447192   0.5     9.993079   1.5 GUES 
   802.5236    802.3029    1.544945  -2.350 1.157e+05  15.00     8.442415   1.5     9.987448   1.5 KP   
   802.5558    802.3351    1.544883  -2.800 4.103e+04  15.00     8.105835   0.5     9.650806   1.5 KP   
   802.8776    802.6569    1.544263  -3.220 1.559e+04  15.00     8.427907   0.5     9.972259   1.5 KP   
   803.9067    803.6857    1.542286  -1.020 1.643e+06  15.00     8.454208   1.5     9.996583   2.5 KP   
   803.9435    803.7225    1.542216  -2.220 1.555e+05  15.00     8.115329   1.5     9.657633   1.5 KP   
   804.5710    804.3498    1.541013  -2.000 1.717e+05  15.00     8.442415   1.5     9.983516   2.5 GUES 
   804.7828    804.5615    1.540608  -2.400 6.833e+04  15.00     8.420228   1.5     9.960924   2.5 GUES 
   804.8274    804.6061    1.540522  -2.800 4.080e+04  15.00     8.420228   1.5     9.960838   1.5 GUES 
   804.9012    804.6799    1.540381  -0.830 2.538e+06  15.00     8.157155   3.5     9.697624   2.5 KP   
   805.1482    804.9268    1.539908  -2.290 2.638e+05  15.00     8.442415   1.5     9.982412   0.5 KP   
   805.7372    805.5157    1.538783  -2.660 5.619e+04  15.00     8.454208   1.5     9.993079   1.5 KP   
   806.0428    805.8212    1.538199  -2.860 7.086e+04  15.00     8.284349   1.5     9.822636   0.5 KP   
   806.3554    806.1337    1.537603  -2.420 4.875e+04  15.00     8.321621   2.5     9.859312   3.5 KP   
   806.7155    806.4937    1.536917  -1.490 1.658e+06  15.00     8.105835   0.5     9.642839   0.5 KP   
   806.7155    806.4937    1.536917  -2.260 2.816e+05  15.00     8.105835   0.5     9.642839   0.5 KP   
   807.0606    806.8387    1.536259  -0.500 5.397e+06  15.00     8.420228   1.5     9.956575   2.5 GUES 
   807.3470    807.1250    1.535715  -1.000 1.279e+06  15.00     8.463999   2.5     9.999802   3.5 GUES 
   807.4341    807.2121    1.535549  -3.560 1.409e+04  15.00     8.286999   1.5     9.822636   0.5 KP   
   807.5180    807.2960    1.535389  -1.560 7.043e+05  15.00     8.115329   1.5     9.650806   1.5 KP   
   807.6886    807.4666    1.535065  -2.200 1.075e+05  15.00     8.463999   2.5     9.999152   2.5 GUES 
   808.9587    808.7363    1.532655  -2.020 1.622e+05  15.00     8.132068   2.5     9.664811   2.5 KP   
   809.0426    808.8202    1.532496  -4.510 5.248e+02  15.00     8.463999   2.5     9.996583   2.5 KP   
   809.2304    809.0079    1.532140  -1.080 2.118e+06  15.00     8.132068   2.5     9.664296   1.5 KP   
   810.4914    810.2686    1.529756  -1.930 2.982e+05  15.00     8.442415   1.5     9.972259   1.5 KP   
   810.8966    810.6737    1.528992  -2.600 6.370e+04  15.00     8.463999   2.5     9.993079   1.5 KP   
   811.1394    810.9164    1.528534  -2.860 3.498e+04  15.00     8.427907   0.5     9.956529   1.5 KP   
   811.7295    811.5064    1.527423  -1.490 1.638e+06  15.00     8.115329   1.5     9.642839   0.5 KP   
   812.4190    812.1957    1.526127  -4.310 1.237e+03  15.00     8.284349   1.5     9.810563   1.5 KP   
   812.7649    812.5415    1.525477  -3.100 2.005e+04  15.00     8.132068   2.5     9.657633   1.5 KP   
   813.7869    813.5632    1.523562  -2.590 4.315e+04  15.00     8.321621   2.5     9.845270   2.5 KP   
   813.8324    813.6087    1.523476  -3.890 3.243e+03  15.00     8.286999   1.5     9.810563   1.5 KP   
   814.0966    813.8728    1.522982  -1.220 1.011e+06  15.00     8.115329   1.5     9.638398   2.5 KP   
   814.9343    814.7103    1.521416  -1.800 1.990e+05  15.00     8.478298   3.5     9.999802   3.5 GUES 
   815.0180    814.7940    1.521260  -1.000 1.004e+06  15.00     8.478298   3.5     9.999645   4.5 GUES 
   815.2984    815.0743    1.520737  -1.600 3.151e+05  15.00     8.478298   3.5     9.999122   3.5 GUES 
   816.4185    816.1941    1.518651  -2.060 2.179e+05  15.00     8.132068   2.5     9.650806   1.5 KP   
   816.6490    816.4245    1.518222  -0.500 5.271e+06  15.00     8.420228   1.5     9.938537   2.5 GUES 
   817.4150    817.1903    1.516799  -0.400 3.974e+06  15.00     8.478298   3.5     9.995184   4.5 GUES 
   817.9618    817.7370    1.515785  -3.930 2.928e+03  15.00     8.321621   2.5     9.837493   1.5 KP   
   818.3082    818.0833    1.515143  -4.080 1.381e+03  15.00     8.442415   1.5     9.957645   2.5 KP   
   818.9114    818.6863    1.514028  -1.570 6.693e+05  15.00     8.442415   1.5     9.956529   1.5 KP   
   819.1649    818.9398    1.513559  -1.500 7.858e+05  15.00     8.447192   0.5     9.960838   1.5 GUES 
   822.4195    822.1935    1.507569  -3.360 7.174e+03  15.00     8.157155   3.5     9.664811   2.5 KP   
   822.9326    822.7064    1.506629  -1.940 1.885e+05  15.00     8.454208   1.5     9.960924   2.5 KP   
   822.9793    822.7531    1.506544  -2.000 2.462e+05  15.00     8.454208   1.5     9.960838   1.5 GUES 
   823.1364    822.9102    1.506256  -3.320 1.178e+04  15.00     6.936072   0.5     8.442415   1.5 KP   
   823.1435    822.9173    1.506243  -0.810 2.541e+06  15.00     8.132068   2.5     9.638398   2.5 KP   
   824.2403    824.0138    1.504239  -3.010 4.797e+04  15.00     8.442415   1.5     9.946740   0.5 KP   
   825.3144    825.0876    1.502281   0.000 1.632e+07  15.00     8.454208   1.5     9.956575   2.5 GUES 
   825.4579    825.2311    1.502020  -0.500 3.096e+06  15.00     8.497539   4.5     9.999645   4.5 GUES 
   825.7456    825.5187    1.501497  -2.000 1.223e+05  15.00     8.497539   4.5     9.999122   3.5 GUES 
   826.2736    826.0465    1.500537  -2.500 3.862e+04  15.00     8.728060   2.5    10.228683   3.5 GUES 
   826.3305    826.1034    1.500434  -2.000 9.768e+04  15.00     8.764973   3.5    10.265493   4.5 GUES 
   826.5332    826.3061    1.500066  -2.000 2.441e+05  15.00     8.664356   0.5    10.164508   1.5 GUES 
   826.7733    826.5461    1.499630  -3.360 7.099e+03  15.00     8.442415   1.5     9.942131   2.5 KP   
   826.7754    826.5482    1.499627  -2.000 1.626e+05  15.00     8.666374   1.5    10.166087   2.5 GUES 
   826.9144    826.6872    1.499374  -2.500 3.856e+04  15.00     8.728060   2.5    10.227520   3.5 GUES 
   827.6170    827.3896    1.498102  -3.000 1.623e+04  15.00     8.666374   1.5    10.164562   2.5 GUES 
   827.6465    827.4191    1.498048  -2.500 7.698e+04  15.00     8.666374   1.5    10.164508   1.5 GUES 
   827.9169    827.6894    1.497559  -2.000 9.731e+04  15.00     8.497539   4.5     9.995184   4.5 GUES 
   828.0334    827.8059    1.497348   0.500 2.564e+07  15.00     8.497539   4.5     9.994973   5.5 GUES 
   828.3152    828.0876    1.496839  -2.890 2.087e+04  15.00     8.463999   2.5     9.960924   2.5 KP   
   828.6153    828.3876    1.496297  -2.500 3.840e+04  15.00     8.670112   2.5    10.166495   3.5 GUES 
   828.8536    828.6258    1.495867  -1.500 3.838e+05  15.00     8.670112   2.5    10.166064   3.5 GUES 
   828.9620    828.7342    1.495671  -0.500 3.837e+06  15.00     8.463999   2.5     9.959756   3.5 GUES 
   829.6871    829.4591    1.494364  -2.000 1.615e+05  15.00     8.670112   2.5    10.164562   2.5 GUES 
   830.6822    830.4539    1.492574  -0.500 3.821e+06  15.00     8.463999   2.5     9.956658   3.5 GUES 
   830.7284    830.5001    1.492491  -1.500 5.094e+05  15.00     8.463999   2.5     9.956575   2.5 GUES 
   831.1411    830.9127    1.491750  -3.020 4.610e+04  15.00     6.936072   0.5     8.427907   0.5 KP   
   832.2679    832.0392    1.489730  -2.000 2.407e+05  15.00     8.226093   0.5     9.715908   1.5 GUES 
   832.5104    832.2816    1.489296  -1.000 9.624e+05  15.00     8.677009   3.5    10.166391   4.5 GUES 
   832.6926    832.4638    1.488970  -1.500 3.802e+05  15.00     8.677009   3.5    10.166064   3.5 GUES 
   832.7559    832.5271    1.488857  -3.080 2.000e+04  15.00     8.321621   2.5     9.810563   1.5 KP   
   833.4363    833.2073    1.487642  -2.500 7.591e+04  15.00     8.228181   1.5     9.715908   1.5 GUES 
   833.5104    833.2814    1.487509  -2.340 1.097e+05  15.00     6.954820   1.5     8.442415   1.5 KP   
   833.9008    833.6717    1.486813  -2.500 3.033e+04  15.00     8.677009   3.5    10.163907   4.5 GUES 
   834.7554    834.5260    1.485291  -4.250 8.971e+02  15.00     8.228181   1.5     9.713557   2.5 KP   
   835.3441    835.1146    1.484244   0.000 1.593e+07  15.00     8.454208   1.5     9.938537   2.5 GUES 
   836.3038    836.0740    1.482541  -3.420 6.043e+03  15.00     8.478298   3.5     9.960924   2.5 KP   
   836.9631    836.7331    1.481373  -2.000 1.190e+05  15.00     8.478298   3.5     9.959756   3.5 GUES 
   837.0164    836.7864    1.481279   0.300 1.900e+07  15.00     8.478298   3.5     9.959662   4.5 GUES 
   837.0845    836.8545    1.481158  -1.700 3.165e+05  15.00     8.157155   3.5     9.638398   2.5 KP   
   838.7166    838.4862    1.478276  -2.610 2.909e+04  15.00     8.478298   3.5     9.956658   3.5 KP   
   838.8457    838.6152    1.478048  -2.600 5.953e+04  15.00     8.420228   1.5     9.898361   1.5 GUES 
   840.8499    840.6189    1.474525  -0.600 2.962e+06  15.00     8.463999   2.5     9.938609   3.5 GUES 
   840.8909    840.6599    1.474453  -2.000 1.572e+05  15.00     8.463999   2.5     9.938537   2.5 GUES 
   841.3920    841.1608    1.473575  -3.210 7.262e+03  15.00     8.250991   2.5     9.724651   3.5 KP   
   841.7192    841.4880    1.473002  -3.040 4.293e+04  15.00     6.954820   1.5     8.427907   0.5 KP   
   843.8065    843.5747    1.469359  -1.450 5.540e+05  15.00     8.228181   1.5     9.697624   2.5 KP   
   846.9913    846.7586    1.463834  -2.000 2.324e+05  15.00     8.664356   0.5    10.128274   1.5 GUES 
   847.2943    847.0616    1.463310  -2.500 4.897e+04  15.00     8.420228   1.5     9.883622   2.5 GUES 
   848.1216    847.8886    1.461883  -2.000 1.545e+05  15.00     8.666374   1.5    10.128341   2.5 GUES 
   851.2509    851.0171    1.456509  -1.800 3.647e+05  15.00     8.427907   0.5     9.884500   1.5 KP   
   853.3146    853.0802    1.452986  -4.200 1.445e+03  15.00     8.078889   1.5     9.531959   1.5 KP   
   853.3789    853.1445    1.452877  -1.000 2.290e+06  15.00     8.078999   2.5     9.531959   1.5 GUES 
   853.9798    853.7452    1.451855  -2.500 7.231e+04  15.00     7.965231   0.5     9.417169   1.5 GUES 
   854.8205    854.5857    1.450427  -1.500 2.887e+05  15.00     8.677009   3.5    10.127519   4.5 GUES 
   856.6269    856.3916    1.447368  -3.310 7.420e+03  15.00     8.442415   1.5     9.889866   2.5 KP   
   857.1112    856.8758    1.446550  -1.070 1.288e+06  15.00     8.250991   2.5     9.697624   2.5 KP   
   859.8146    859.5785    1.442002  -1.420 8.575e+05  15.00     8.442415   1.5     9.884500   1.5 KP   
   861.6205    861.3839    1.438980  -2.000 4.492e+05  15.00     8.078889   1.5     9.517952   0.5 KP   
   862.1350    861.8982    1.438121  -1.470 7.602e+05  15.00     8.226093   0.5     9.664296   1.5 KP   
   863.0795    862.8425    1.436547  -2.340 6.821e+04  15.00     8.228181   1.5     9.664811   2.5 KP   
   863.0818    862.8448    1.436543  -2.000 1.119e+05  15.00     8.670112   2.5    10.106738   3.5 GUES 
   863.3888    863.1517    1.436033  -1.960 2.453e+05  15.00     8.228181   1.5     9.664296   1.5 KP   
   863.9959    863.7586    1.435023  -1.290 2.291e+06  15.00     7.965231   0.5     9.400337   0.5 KP   
   866.1361    865.8983    1.431477  -1.950 2.494e+05  15.00     8.284349   1.5     9.715908   1.5 KP   
   866.1479    865.9101    1.431458  -1.620 5.332e+05  15.00     8.226093   0.5     9.657633   1.5 KP   
   866.6492    866.4112    1.430630  -3.700 8.859e+03  15.00     8.105835   0.5     9.536547   0.5 KP   
   867.4134    867.1752    1.429370  -2.180 1.464e+05  15.00     8.228181   1.5     9.657633   1.5 KP   
   867.5608    867.3226    1.429127  -0.330 6.908e+06  15.00     8.284349   1.5     9.713557   2.5 KP   
   867.7428    867.5045    1.428827  -2.000 2.215e+05  15.00     8.286999   1.5     9.715908   1.5 GUES 
   870.2984    870.0594    1.424631  -1.550 6.205e+05  15.00     8.226093   0.5     9.650806   1.5 KP   
   871.5760    871.3367    1.422543  -1.580 5.774e+05  15.00     8.228181   1.5     9.650806   1.5 KP   
   872.4385    872.1990    1.421137  -3.700 8.742e+03  15.00     8.115329   1.5     9.536547   0.5 KP   
   874.3935    874.1534    1.417959  -0.830 3.226e+06  15.00     7.965231   0.5     9.383272   1.5 KP   
   875.1922    874.9519    1.416665  -2.220 2.624e+05  15.00     8.226093   0.5     9.642839   0.5 KP   
   875.1922    874.9519    1.416665  -1.650 9.747e+05  15.00     8.226093   0.5     9.642839   0.5 KP   
   876.4842    876.2436    1.414577  -1.520 1.311e+06  15.00     8.228181   1.5     9.642839   0.5 KP   
   876.4842    876.2436    1.414577  -2.750 7.720e+04  15.00     8.228181   1.5     9.642839   0.5 KP   
   877.0040    876.7632    1.413739  -3.130 1.071e+04  15.00     8.250991   2.5     9.664811   2.5 KP   
   877.3233    877.0824    1.413224  -1.430 8.049e+05  15.00     8.250991   2.5     9.664296   1.5 KP   
   877.3416    877.1007    1.413195  -1.400 5.750e+05  15.00     8.284349   1.5     9.697624   2.5 GUES 
   878.9901    878.7488    1.410544  -1.380 5.998e+05  15.00     8.286999   1.5     9.697624   2.5 KP   
   879.2447    879.0033    1.410136  -0.710 2.804e+06  15.00     8.228181   1.5     9.638398   2.5 KP   
   879.6384    879.3969    1.409505  -3.890 2.776e+03  15.00     8.427907   0.5     9.837493   1.5 KP   
   881.4792    881.2372    1.406561  -3.650 4.804e+03  15.00     8.250991   2.5     9.657633   1.5 KP   
   883.7482    883.5056    1.402950  -0.140 7.734e+06  15.00     8.321621   2.5     9.724651   3.5 KP   
   883.8588    883.6162    1.402774  -2.650 3.186e+04  15.00     8.442415   1.5     9.845270   2.5 KP   
   885.7783    885.5351    1.399734  -2.860 2.934e+04  15.00     8.250991   2.5     9.650806   1.5 KP   
   885.9586    885.7154    1.399450  -2.500 3.359e+04  15.00     8.728060   2.5    10.127590   3.5 GUES 
   886.3358    886.0925    1.398854  -2.000 8.490e+04  15.00     8.764973   3.5    10.163907   4.5 GUES 
   887.3916    887.1480    1.397190  -4.120 1.071e+03  15.00     8.078889   1.5     9.476159   2.5 KP   
   887.4612    887.2176    1.397080  -1.500 4.464e+05  15.00     8.078999   2.5     9.476159   2.5 GUES 
   888.7859    888.5419    1.394998  -2.560 5.814e+04  15.00     8.442415   1.5     9.837493   1.5 KP   
   889.0083    888.7643    1.394649  -1.840 6.099e+05  15.00     8.427907   0.5     9.822636   0.5 KP   
   889.2897    889.0456    1.394208  -0.960 2.312e+06  15.00     8.321621   2.5     9.715908   1.5 KP   
   890.0124    889.7681    1.393075  -1.160 2.913e+06  15.00     8.284349   1.5     9.677504   0.5 KP   
   890.7916    890.5471    1.391857  -1.350 6.258e+05  15.00     8.321621   2.5     9.713557   2.5 KP   
   891.8893    891.6445    1.390144  -0.400 8.345e+06  15.00     8.105835   0.5     9.496058   1.5 GUES 
   893.4208    893.1756    1.387761  -0.400 1.663e+07  15.00     8.105835   0.5     9.493675   0.5 GUES 
   893.7000    893.4547    1.387327  -1.110 1.080e+06  15.00     8.250991   2.5     9.638398   2.5 KP   
   894.6325    894.3869    1.385881  -0.400 5.529e+06  15.00     8.115329   1.5     9.501290   2.5 KP   
   896.7710    896.5249    1.382576  -2.310 1.016e+05  15.00     8.427907   0.5     9.810563   1.5 KP   
   898.0220    897.7755    1.380650  -0.400 8.232e+06  15.00     8.115329   1.5     9.496058   1.5 GUES 
   898.1959    897.9494    1.380383  -0.420 5.239e+06  15.00     8.284349   1.5     9.664811   2.5 KP   
   898.3529    898.1063    1.380142  -2.150 2.926e+05  15.00     8.442415   1.5     9.822636   0.5 KP   
   898.9338    898.6871    1.379250  -0.800 1.635e+06  15.00     8.132068   2.5     9.511397   3.5 KP   
   899.5746    899.3277    1.378267  -0.400 1.641e+07  15.00     8.115329   1.5     9.493675   0.5 GUES 
   900.2600    900.0129    1.377218  -1.570 5.538e+05  15.00     8.286999   1.5     9.664296   1.5 KP   
   902.8906    902.6428    1.373206  -2.880 2.696e+04  15.00     8.284349   1.5     9.657633   1.5 KP   
   904.6367    904.3884    1.370555  -2.410 7.927e+04  15.00     8.286999   1.5     9.657633   1.5 KP   
   905.5699    905.3214    1.369143  -1.020 1.295e+06  15.00     8.132068   2.5     9.501290   2.5 KP   
   906.1290    905.8803    1.368298  -1.000 2.031e+06  15.00     8.078889   1.5     9.447266   1.5 GUES 
   906.2011    905.9524    1.368189  -1.500 6.421e+05  15.00     8.463999   2.5     9.832267   1.5 GUES 
   906.2015    905.9528    1.368188  -1.500 6.421e+05  15.00     8.078999   2.5     9.447266   1.5 GUES 
   906.2803    906.0316    1.368069  -2.030 1.895e+05  15.00     8.442415   1.5     9.810563   1.5 KP   
   907.1739    906.9250    1.366722  -2.090 1.098e+05  15.00     6.954820   1.5     8.321621   2.5 KP   
   907.4016    907.1526    1.366379  -2.510 6.258e+04  15.00     8.284349   1.5     9.650806   1.5 KP   
   909.0430    908.7935    1.363912  -1.000 2.018e+06  15.00     8.132068   2.5     9.496058   1.5 GUES 
   909.1651    908.9156    1.363729  -3.440 7.325e+03  15.00     8.286999   1.5     9.650806   1.5 KP   
   912.7228    912.4724    1.358413  -2.000 4.003e+05  15.00     8.284349   1.5     9.642839   0.5 KP   
   913.0596    912.8091    1.357912  -1.300 5.012e+05  15.00     8.497539   4.5     9.855529   3.5 GUES 
   914.5071    914.2562    1.355762  -4.170 2.696e+03  15.00     8.286999   1.5     9.642839   0.5 KP   
   915.5861    915.3349    1.354165  -0.660 2.176e+06  15.00     8.157155   3.5     9.511397   3.5 KP   
   915.7167    915.4654    1.353972  -1.880 1.748e+05  15.00     8.284349   1.5     9.638398   2.5 KP   
   917.5126    917.2609    1.351321  -4.980 1.383e+02  15.00     8.286999   1.5     9.638398   2.5 KP   
   917.8331    917.5813    1.350850  -0.570 5.328e+06  15.00     6.936072   0.5     8.286999   1.5 KP   
   919.6375    919.3852    1.348199  -2.630 4.622e+04  15.00     6.936072   0.5     8.284349   1.5 KP   
   922.4714    922.2183    1.344057  -2.600 3.281e+04  15.00     8.157155   3.5     9.501290   2.5 KP   
   928.1419    927.8873    1.335846  -2.000 1.290e+05  15.00     6.985698   2.5     8.321621   2.5 GUES 
   928.1422    927.8876    1.335845   0.000 1.290e+07  15.00     8.828640   1.5    10.164562   2.5 GUES 
   930.3303    930.0751    1.332703  -2.000 1.284e+05  15.00     8.078889   1.5     9.411669   2.5 GUES 
   930.3318    930.0766    1.332701  -1.000 1.284e+06  15.00     8.666374   1.5     9.999152   2.5 GUES 
   930.7501    930.4948    1.332102  -0.270 1.034e+07  15.00     6.954820   1.5     8.286999   1.5 KP   
   932.6057    932.3499    1.329452  -3.050 1.709e+04  15.00     6.954820   1.5     8.284349   1.5 KP   
   932.9692    932.7133    1.328934  -0.500 3.029e+06  15.00     8.670112   2.5     9.999122   3.5 GUES 
   934.7553    934.4989    1.326395  -1.000 1.272e+06  15.00     8.670112   2.5     9.996583   2.5 GUES 
   937.4651    937.2080    1.322560  -0.500 2.400e+06  15.00     8.677009   3.5     9.999645   4.5 GUES 
   937.8361    937.5789    1.322037  -1.000 9.479e+05  15.00     8.677009   3.5     9.999122   3.5 GUES 
   943.7643    943.5055    1.313733  -1.420 4.745e+05  15.00     8.115329   1.5     9.429137   2.5 KP   
   944.4458    944.1868    1.312785  -0.240 5.379e+06  15.00     8.132068   2.5     9.444929   3.5 KP   
   945.5447    945.2854    1.311259  -1.000 1.865e+06  15.00     8.105835   0.5     9.417169   1.5 GUES 
   948.4436    948.1835    1.307252  -2.000 3.707e+05  15.00     8.078889   1.5     9.386216   0.5 GUES 
   949.3936    949.1332    1.305944  -2.000 1.850e+05  15.00     8.078889   1.5     9.384908   1.5 GUES 
   949.4732    949.2128    1.305834  -1.500 5.849e+05  15.00     8.078999   2.5     9.384908   1.5 GUES 
   949.6175    949.3571    1.305635   0.090 9.100e+06  15.00     8.157155   3.5     9.462865   4.5 KP   
   952.4404    952.1792    1.301766  -1.500 5.813e+05  15.00     8.115329   1.5     9.417169   1.5 GUES 
   952.8354    952.5741    1.301226  -0.100 1.459e+07  15.00     6.985698   2.5     8.286999   1.5 KP   
   954.7801    954.5183    1.298576  -1.000 1.829e+06  15.00     6.985698   2.5     8.284349   1.5 GUES 
   955.9443    955.6822    1.296994  -1.410 4.733e+05  15.00     8.132068   2.5     9.429137   2.5 KP   
   956.3771    956.1148    1.296408  -1.000 1.823e+06  15.00     8.664356   0.5     9.960838   1.5 GUES 
   956.6067    956.3444    1.296096  -0.150 8.600e+06  15.00     6.954820   1.5     8.250991   2.5 KP   
   957.8046    957.5419    1.294475  -1.000 1.212e+06  15.00     8.666374   1.5     9.960924   2.5 GUES 
   957.8679    957.6052    1.294390  -1.500 5.747e+05  15.00     8.666374   1.5     9.960838   1.5 GUES 
   959.6136    959.3505    1.292035  -0.180 1.196e+07  15.00     6.936072   0.5     8.228181   1.5 KP   
   961.1672    960.9036    1.289947  -0.880 4.759e+06  15.00     6.936072   0.5     8.226093   0.5 KP   
   962.8443    962.5803    1.287700  -1.880 1.186e+05  15.00     8.157155   3.5     9.444929   3.5 KP   
   963.1077    962.8436    1.287348  -0.710 2.337e+06  15.00     8.115329   1.5     9.402750   2.5 KP   
   964.1584    963.8940    1.285945  -0.630 2.103e+06  15.00     8.132068   2.5     9.418087   3.5 KP   
   964.8468    964.5822    1.285027  -2.500 5.664e+04  15.00     8.132068   2.5     9.417169   1.5 GUES 
   966.6886    966.4235    1.282579  -1.000 7.138e+05  15.00     8.677009   3.5     9.959662   4.5 GUES 
   967.8049    967.5395    1.281100  -1.000 1.780e+06  15.00     8.078889   1.5     9.360062   1.5 GUES 
   967.8876    967.6222    1.280990   0.000 1.780e+07  15.00     8.078999   2.5     9.360062   1.5 GUES 
   968.3042    968.0387    1.280439  -1.500 3.749e+05  15.00     8.078999   2.5     9.359511   2.5 GUES 
   970.9179    970.6517    1.276992  -1.000 3.538e+06  15.00     8.078889   1.5     9.355955   0.5 GUES 
   973.7425    973.4755    1.273288  -0.680 3.674e+06  15.00     6.954820   1.5     8.228181   1.5 KP   
   973.9357    973.6687    1.273035  -1.930 1.377e+05  15.00     8.228181   1.5     9.501290   2.5 KP   
   974.5497    974.2825    1.272233  -1.500 3.701e+05  15.00     8.420228   1.5     9.692534   2.5 GUES 
   975.3422    975.0748    1.271199  -0.190 2.264e+07  15.00     6.954820   1.5     8.226093   0.5 KP   
   976.3459    976.0782    1.269893  -1.500 5.532e+05  15.00     8.226093   0.5     9.496058   1.5 GUES 
   977.4763    977.2083    1.268424  -1.000 8.726e+05  15.00     8.670112   2.5     9.938609   3.5 GUES 
   977.9542    977.6861    1.267804  -1.500 5.514e+05  15.00     8.228181   1.5     9.496058   1.5 GUES 
   978.0580    977.7899    1.267670  -1.500 3.675e+05  15.00     8.420228   1.5     9.687970   2.5 GUES 
   978.1351    977.8669    1.267570  -2.000 1.743e+05  15.00     8.420228   1.5     9.687870   1.5 GUES 
   978.1815    977.9133    1.267510  -1.500 1.102e+06  15.00     8.226093   0.5     9.493675   0.5 GUES 
   979.2879    979.0194    1.266078  -0.560 4.789e+06  15.00     7.176265   0.5     8.442415   1.5 KP   
   979.7958    979.5272    1.265421  -2.000 3.474e+05  15.00     8.228181   1.5     9.493675   0.5 GUES 
   979.9514    979.6828    1.265220   0.220 1.921e+07  15.00     6.985698   2.5     8.250991   2.5 KP   
   983.7507    983.4810    1.260334  -0.450 3.057e+06  15.00     8.250991   2.5     9.511397   3.5 KP   
   990.6386    990.3671    1.251571  -0.260 1.868e+07  15.00     7.176265   0.5     8.427907   0.5 KP   
   991.7037    991.4319    1.250227  -2.360 4.934e+04  15.00     8.250991   2.5     9.501290   2.5 KP   
   997.9416    997.6681    1.242412  -0.150 1.185e+07  15.00     6.985698   2.5     8.228181   1.5 KP   
   999.3938    999.1199    1.240606  -2.000 1.670e+05  15.00     8.447192   0.5     9.687870   1.5 GUES 
  1005.7829   1005.5073    1.232726  -1.500 5.213e+05  15.00     8.447192   0.5     9.679989   1.5 GUES 
  1006.5583   1006.2824    1.231776  -1.500 3.470e+05  15.00     8.420228   1.5     9.652075   2.5 GUES 
  1008.7041   1008.4277    1.229156   0.130 2.211e+07  15.00     7.213189   1.5     8.442415   1.5 KP   
  1012.6886   1012.4111    1.224320  -1.000 1.084e+06  15.00     8.420228   1.5     9.644617   2.5 GUES 
  1020.1775   1019.8980    1.215332  -1.500 2.533e+05  15.00     8.478298   3.5     9.693700   3.5 GUES 
  1020.3476   1020.0680    1.215129  -1.500 2.026e+05  15.00     8.478298   3.5     9.693497   4.5 GUES 
  1020.7513   1020.4716    1.214649  -0.570 8.615e+06  15.00     7.213189   1.5     8.427907   0.5 KP   
  1021.1113   1020.8315    1.214221  -1.500 3.372e+05  15.00     8.286999   1.5     9.501290   2.5 GUES 
  1021.1899   1020.9101    1.214127  -1.500 2.528e+05  15.00     8.478298   3.5     9.692495   3.5 GUES 
  1025.5293   1025.2483    1.208990  -1.500 5.014e+05  15.00     8.286999   1.5     9.496058   1.5 GUES 
  1026.1227   1025.8415    1.208291  -1.000 1.056e+06  15.00     8.420228   1.5     9.628588   2.5 GUES 
  1028.2221   1027.9404    1.205823  -1.000 6.309e+05  15.00     8.478298   3.5     9.684191   4.5 GUES 
  1029.1551   1028.8731    1.204730  -1.000 1.574e+06  15.00     8.447192   0.5     9.651992   1.5 GUES 
  1036.7635   1036.4795    1.195889  -1.000 6.205e+05  15.00     8.497539   4.5     9.693497   4.5 GUES 
  1041.5958   1041.3104    1.190341  -1.000 1.025e+06  15.00     8.454208   1.5     9.644617   2.5 GUES 
  1042.1497   1041.8642    1.189708  -0.690 1.567e+06  15.00     8.321621   2.5     9.511397   3.5 KP   
  1043.5516   1043.2657    1.188110   0.000 7.656e+06  15.00     8.078999   2.5     9.267177   3.5 GUES 
  1045.0476   1044.7613    1.186409  -0.500 2.414e+06  15.00     8.463999   2.5     9.650477   3.5 GUES 
  1045.1242   1044.8379    1.186323  -0.500 1.609e+06  15.00     8.497539   4.5     9.683930   5.5 GUES 
  1045.8735   1045.5870    1.185473   0.000 1.016e+07  15.00     8.078889   1.5     9.264430   2.5 GUES 
  1045.9701   1045.6836    1.185363  -1.000 1.016e+06  15.00     8.078999   2.5     9.264430   2.5 GUES 
  1050.1343   1049.8466    1.180663  -1.000 7.560e+05  15.00     8.463999   2.5     9.644729   3.5 GUES 
  1050.2338   1049.9461    1.180551  -1.500 3.187e+05  15.00     8.463999   2.5     9.644617   2.5 GUES 
  1051.4468   1051.1588    1.179189  -0.210 9.300e+06  15.00     6.936072   0.5     8.115329   1.5 KP   
  1053.2409   1052.9524    1.177180   0.200 1.588e+07  15.00     6.954820   1.5     8.132068   2.5 KP   
  1055.8130   1055.5238    1.174312  -1.000 9.972e+05  15.00     8.454208   1.5     9.628588   2.5 GUES 
  1057.8839   1057.5941    1.172014  -1.000 5.960e+05  15.00     8.478298   3.5     9.650379   4.5 GUES 
  1058.4476   1058.1577    1.171390   0.480 2.247e+07  15.00     6.985698   2.5     8.157155   3.5 KP   
  1059.9806   1059.6903    1.169695  -0.210 1.830e+07  15.00     6.936072   0.5     8.105835   0.5 KP   
  1064.6040   1064.3124    1.164616  -2.650 1.647e+04  15.00     8.463999   2.5     9.628681   3.5 KP   
  1068.4332   1068.1406    1.160442  -0.100 1.160e+07  15.00     6.954820   1.5     8.115329   1.5 KP   
  1077.2461   1076.9511    1.150948  -0.910 3.536e+06  15.00     6.954820   1.5     8.105835   0.5 KP   
  1081.6103   1081.3141    1.146304  -0.170 6.424e+06  15.00     6.985698   2.5     8.132068   2.5 KP   
  1083.1045   1082.8079    1.144723  -0.170 6.407e+06  15.00     8.284349   1.5     9.429137   2.5 KP   
  1085.6182   1085.3209    1.142072  -4.770 1.602e+02  15.00     8.286999   1.5     9.429137   2.5 KP   
  1093.4661   1093.1667    1.133875  -0.830 1.375e+06  15.00     8.078889   1.5     9.212830   2.5 KP   
  1093.5718   1093.2724    1.133766   0.310 1.898e+07  15.00     8.078999   2.5     9.212830   2.5 KP   
  1097.0377   1096.7373    1.130184   0.120 1.827e+07  15.00     8.078889   1.5     9.209138   1.5 KP   
  1097.1441   1096.8437    1.130074  -0.830 2.049e+06  15.00     8.078999   2.5     9.209138   1.5 KP   
  1097.6384   1097.3378    1.129566  -1.130 1.026e+06  15.00     6.985698   2.5     8.115329   1.5 KP   
  1108.6586   1108.3551    1.118337  -1.500 2.860e+05  15.00     8.284349   1.5     9.402750   2.5 GUES 
  1109.8515   1109.5476    1.117135  -1.500 4.281e+05  15.00     7.965231   0.5     9.082431   1.5 GUES 
  1111.2924   1110.9881    1.115687  -1.500 2.847e+05  15.00     8.286999   1.5     9.402750   2.5 GUES 
  1116.3114   1116.0058    1.110671  -0.200 8.443e+06  15.00     7.176265   0.5     8.286999   1.5 GUES 
  1118.6302   1118.3240    1.108368   0.380 2.131e+07  15.00     7.213189   1.5     8.321621   2.5 GUES 
  1118.9816   1118.6753    1.108020   0.120 1.756e+07  15.00     7.176265   0.5     8.284349   1.5 GUES 
  1130.8380   1130.5284    1.096403  -1.000 6.520e+05  15.00     8.321621   2.5     9.418087   3.5 GUES 
  1148.8691   1148.5546    1.079196  -1.500 7.990e+05  15.00     7.965231   0.5     9.044489   0.5 GUES 
  1154.6968   1154.3808    1.073749  -2.000 1.251e+05  15.00     7.213189   1.5     8.286999   1.5 GUES 
  1157.5541   1157.2373    1.071098  -1.500 3.935e+05  15.00     7.213189   1.5     8.284349   1.5 GUES 
  1208.3164   1207.9858    1.026101  -1.500 2.408e+05  15.00     8.666374   1.5     9.692534   2.5 GUES 
  1211.3527   1211.0213    1.023529  -1.500 1.797e+05  15.00     8.670112   2.5     9.693700   3.5 GUES 
  1211.4398   1211.1084    1.023455  -1.500 3.593e+05  15.00     8.664356   0.5     9.687870   1.5 GUES 
  1212.7339   1212.4021    1.022363  -1.500 2.390e+05  15.00     8.670112   2.5     9.692534   2.5 GUES 
  1212.7802   1212.4484    1.022324  -1.000 5.669e+05  15.00     8.670112   2.5     9.692495   3.5 GUES 
  1213.7144   1213.3823    1.021537  -2.000 7.546e+04  15.00     8.666374   1.5     9.687970   2.5 GUES 
  1213.8330   1213.5009    1.021437  -1.500 3.579e+05  15.00     8.666374   1.5     9.687870   1.5 GUES 
  1218.1715   1217.8382    1.017800  -1.500 2.369e+05  15.00     8.670112   2.5     9.687970   2.5 GUES 
  1219.5702   1219.2366    1.016632  -2.000 5.606e+04  15.00     8.677009   3.5     9.693700   3.5 GUES 
  1219.8131   1219.4794    1.016430  -0.500 1.418e+06  15.00     8.677009   3.5     9.693497   4.5 GUES 
  1221.0171   1220.6831    1.015427  -1.000 5.592e+05  15.00     8.677009   3.5     9.692495   3.5 GUES 
  1227.1497   1226.8140    1.010353  -2.800 3.510e+04  15.00     6.954820   1.5     7.965231   0.5 GUES 
  1255.4482   1255.1048    0.987579  -1.000 1.058e+06  15.00     8.664356   0.5     9.651992   1.5 GUES 
  1257.9133   1257.5692    0.985644  -1.000 7.025e+05  15.00     8.666374   1.5     9.652075   2.5 GUES 
  1273.8484   1273.5000    0.973314  -1.000 4.110e+05  15.00     8.677009   3.5     9.650379   4.5 GUES 
  1275.0795   1274.7308    0.972374  -1.000 2.051e+06  15.00     8.427907   0.5     9.400337   0.5 GUES 
  1293.5168   1293.1631    0.958514  -1.000 4.983e+05  15.00     8.670112   2.5     9.628681   3.5 GUES 
  1335.3720   1335.0069    0.928471  -1.000 3.740e+05  15.00     8.764973   3.5     9.693497   4.5 GUES 
  1344.2139   1343.8464    0.922364   0.000 4.614e+06  15.00     8.728060   2.5     9.650477   3.5 GUES 
  1348.8918   1348.5230    0.919165   0.000 3.666e+06  15.00     8.764973   3.5     9.684191   4.5 GUES 
  1352.6415   1352.2717    0.916617  -0.500 1.441e+06  15.00     8.728060   2.5     9.644729   3.5 GUES 
  1369.8445   1369.4700    0.905106  -1.500 2.810e+05  15.00     7.381841   2.5     8.286999   1.5 GUES 
  1373.8676   1373.4920    0.902456  -1.500 2.794e+05  15.00     7.381841   2.5     8.284349   1.5 GUES 
  1376.7441   1376.3678    0.900570  -0.500 1.391e+06  15.00     8.728060   2.5     9.628681   3.5 GUES 
  1384.6440   1384.2655    0.895432  -0.500 1.834e+06  15.00     8.132068   2.5     9.027552   2.5 GUES 
  1394.1270   1393.7459    0.889341  -1.000 4.290e+05  15.00     8.497539   4.5     9.386931   3.5 GUES 
  1400.4032   1400.0204    0.885355  -1.000 3.401e+05  15.00     8.764973   3.5     9.650379   4.5 GUES 
  1404.0458   1403.6620    0.883058   0.000 8.459e+06  15.00     8.115329   1.5     8.998438   1.5 GUES 
  1404.7455   1404.3616    0.882618  -1.500 2.672e+05  15.00     7.404330   1.5     8.286999   1.5 GUES 
  1406.8514   1406.4669    0.881297  -1.500 5.328e+05  15.00     8.454208   1.5     9.335556   0.5 GUES 
  1407.0661   1406.6815    0.881163  -1.500 1.776e+05  15.00     8.478298   3.5     9.359511   2.5 GUES 
  1408.9766   1408.5915    0.879968  -1.500 2.656e+05  15.00     7.404330   1.5     8.284349   1.5 GUES 
  1410.1665   1409.7811    0.879226  -1.500 2.652e+05  15.00     8.463999   2.5     9.343275   1.5 GUES 
  1419.7122   1419.3242    0.873314  -1.000 8.273e+05  15.00     8.115329   1.5     8.988693   1.5 GUES 
  1424.5525   1424.1632    0.870347   0.500 1.732e+07  15.00     8.157155   3.5     9.027552   2.5 GUES 
  1425.6637   1425.2741    0.869668  -1.500 2.594e+05  15.00     7.417281   0.5     8.286999   1.5 GUES 
  1426.2369   1425.8471    0.869319  -1.000 4.099e+05  15.00     8.824331   2.5     9.693700   3.5 GUES 
  1426.5958   1426.2059    0.869100  -1.500 1.727e+05  15.00     7.381841   2.5     8.250991   2.5 GUES 
  1427.6651   1427.2749    0.868449   0.000 1.636e+07  15.00     8.105835   0.5     8.974334   0.5 GUES 
  1430.0219   1429.6311    0.867018  -1.500 2.579e+05  15.00     7.417281   0.5     8.284349   1.5 GUES 
  1431.1741   1430.7830    0.866320   0.000 8.141e+06  15.00     8.132068   2.5     8.998438   1.5 GUES 
  1435.2749   1434.8827    0.863845  -1.500 1.706e+05  15.00     8.828640   1.5     9.692534   2.5 GUES 
  1442.8975   1442.5032    0.859281  -1.500 1.689e+05  15.00     8.828640   1.5     9.687970   2.5 GUES 
  1443.4441   1443.0496    0.858956  -0.500 5.062e+06  15.00     8.115329   1.5     8.974334   0.5 GUES 
  1447.4553   1447.0598    0.856575  -0.500 2.517e+06  15.00     8.132068   2.5     8.988693   1.5 GUES 
  1464.4887   1464.0885    0.846613  -1.500 1.639e+05  15.00     7.404330   1.5     8.250991   2.5 GUES 
  1465.0441   1464.6438    0.846292  -1.500 2.457e+05  15.00     7.381841   2.5     8.228181   1.5 GUES 
  1470.3251   1469.9233    0.843252  -1.500 1.626e+05  15.00     8.132068   2.5     8.975369   2.5 GUES 
  1500.8561   1500.4460    0.826098  -2.000 3.701e+04  15.00     8.824331   2.5     9.650477   3.5 GUES 
  1505.7969   1505.3855    0.823388  -2.000 4.903e+04  15.00     8.828640   1.5     9.652075   2.5 GUES 
  1508.8607   1508.4485    0.821716  -1.500 4.632e+05  15.00     7.404330   1.5     8.226093   0.5 GUES 
  1515.4059   1514.9919    0.818167  -1.500 1.531e+05  15.00     8.157155   3.5     8.975369   2.5 GUES 
  1525.1077   1524.6910    0.812962   0.000 4.779e+06  15.00     9.267177   3.5    10.080186   2.5 GUES 
  1551.1280   1550.7043    0.799324  -1.500 1.461e+05  15.00     8.228181   1.5     9.027552   2.5 GUES 
  1571.5815   1571.1522    0.788921  -0.720 2.573e+06  15.00     7.176265   0.5     7.965231   0.5 GUES 
  1593.7903   1593.3550    0.777928  -1.500 4.152e+05  15.00     8.226093   0.5     9.004066   0.5 GUES 
  1596.6891   1596.2530    0.776516   0.000 4.360e+06  15.00     8.250991   2.5     9.027552   2.5 GUES 
  1598.0805   1597.6440    0.775840  -1.500 4.130e+05  15.00     8.228181   1.5     9.004066   0.5 GUES 
  1599.2564   1598.8196    0.775269  -1.500 1.031e+05  15.00     7.381841   2.5     8.157155   3.5 GUES 
  1609.7570   1609.3173    0.770212  -1.000 6.435e+05  15.00     8.228181   1.5     8.998438   1.5 GUES 
  1625.9190   1625.4749    0.762556   0.000 6.308e+06  15.00     8.226093   0.5     8.988693   1.5 GUES 
  1629.7432   1629.2981    0.760767   0.000 6.278e+06  15.00     8.321621   2.5     9.082431   1.5 GUES 
  1630.3841   1629.9388    0.760468  -1.000 6.273e+05  15.00     8.228181   1.5     8.988693   1.5 GUES 
  1631.1798   1630.7343    0.760097  -1.000 1.253e+06  15.00     8.284349   1.5     9.044489   0.5 GUES 
  1636.8876   1636.4405    0.757446  -1.000 1.245e+06  15.00     8.286999   1.5     9.044489   0.5 GUES 
  1647.0139   1646.5641    0.752789  -1.500 1.296e+05  15.00     8.284349   1.5     9.037181   2.5 GUES 
  1648.7435   1648.2932    0.752000  -0.400 4.884e+06  15.00     7.213189   1.5     7.965231   0.5 GUES 
  1652.7339   1652.2825    0.750184  -2.000 4.070e+04  15.00     7.381841   2.5     8.132068   2.5 GUES 
  1657.1211   1656.6685    0.748198  -1.500 3.840e+05  15.00     8.226093   0.5     8.974334   0.5 GUES 
  1659.4577   1659.0045    0.747144   0.500 1.277e+07  15.00     8.228181   1.5     8.975369   2.5 GUES 
  1661.7595   1661.3057    0.746109   0.000 1.208e+07  15.00     8.228181   1.5     8.974334   0.5 GUES 
  1668.3539   1667.8983    0.743160  -1.000 3.994e+05  15.00     8.284349   1.5     9.027552   2.5 GUES 
  1674.3253   1673.8681    0.740510   0.000 3.965e+06  15.00     8.286999   1.5     9.027552   2.5 GUES 
  1680.7957   1680.3367    0.737659   0.500 1.867e+07  15.00     8.250991   2.5     8.988693   1.5 GUES 
  1686.7568   1686.2962    0.735052  -1.500 1.853e+05  15.00     8.284349   1.5     9.019443   1.5 GUES 
  1687.7538   1687.2929    0.734618  -1.500 1.234e+05  15.00     8.677009   3.5     9.411669   2.5 GUES 
  1692.8609   1692.3986    0.732402  -1.500 1.840e+05  15.00     8.286999   1.5     9.019443   1.5 GUES 
  1703.8072   1703.3419    0.727696  -2.400 1.525e+04  15.00     7.404330   1.5     8.132068   2.5 GUES 
  1711.7121   1711.2447    0.724336   0.500 1.200e+07  15.00     8.250991   2.5     8.975369   2.5 GUES 
  1722.4974   1722.0271    0.719800  -1.500 3.555e+05  15.00     8.666374   1.5     9.386216   0.5 GUES 
  1722.7959   1722.3255    0.719676  -0.500 3.553e+06  15.00     8.284349   1.5     9.004066   0.5 GUES 
  1724.0197   1723.5489    0.719165  -1.500 1.774e+05  15.00     8.728060   2.5     9.447266   1.5 GUES 
  1725.6330   1725.1618    0.718493  -2.000 5.600e+04  15.00     8.666374   1.5     9.384908   1.5 GUES 
  1729.0200   1728.5479    0.717085  -1.500 8.819e+04  15.00     8.975369   2.5     9.692495   3.5 GUES 
  1729.1642   1728.6920    0.717025   0.000 1.115e+07  15.00     8.286999   1.5     9.004066   0.5 GUES 
  1732.8034   1732.3303    0.715519  -1.000 3.702e+05  15.00     8.321621   2.5     9.037181   2.5 GUES 
  1734.6568   1734.1832    0.714755  -1.500 1.752e+05  15.00     8.670112   2.5     9.384908   1.5 GUES 
  1736.3737   1735.8996    0.714048  -0.500 1.749e+06  15.00     8.284349   1.5     8.998438   1.5 GUES 
  1739.9986   1739.5235    0.712561  -1.500 1.161e+05  15.00     8.975369   2.5     9.687970   2.5 GUES 
  1742.8429   1742.3670    0.711398   0.000 5.490e+06  15.00     8.286999   1.5     8.998438   1.5 GUES 
  1743.4602   1742.9842    0.711146  -1.000 3.657e+05  15.00     8.764973   3.5     9.476159   2.5 GUES 
  1743.9212   1743.4450    0.710958  -2.500 1.734e+04  15.00     7.404330   1.5     8.115329   1.5 GUES 
  1746.5650   1746.0881    0.709882  -1.500 8.643e+04  15.00     8.677009   3.5     9.386931   3.5 GUES 
  1756.4404   1755.9608    0.705890  -1.500 1.139e+05  15.00     8.321621   2.5     9.027552   2.5 GUES 
  1760.3975   1759.9169    0.704304  -1.000 5.381e+05  15.00     8.284349   1.5     8.988693   1.5 GUES 
  1767.0474   1766.5649    0.701653  -1.000 5.340e+05  15.00     8.286999   1.5     8.988693   1.5 GUES 
  1773.1527   1772.6686    0.699237  -1.500 1.118e+05  15.00     8.988693   1.5     9.687970   2.5 GUES 
  1793.6242   1793.1345    0.691257  -1.500 1.639e+05  15.00     8.988693   1.5     9.679989   1.5 GUES 
  1794.3412   1793.8513    0.690980  -1.500 1.092e+05  15.00     8.284349   1.5     8.975369   2.5 GUES 
  1798.2125   1797.7216    0.689493  -1.500 1.087e+05  15.00     8.998438   1.5     9.687970   2.5 GUES 
  1801.2504   1800.7586    0.688330   0.000 3.426e+06  15.00     8.286999   1.5     8.975369   2.5 GUES 
  1813.2747   1812.7797    0.683765  -1.500 1.604e+05  15.00     9.004066   0.5     9.687870   1.5 GUES 
  1816.7344   1816.2384    0.682463  -1.500 1.065e+05  15.00     8.677009   3.5     9.359511   2.5 GUES 
  1832.2958   1831.7956    0.676667  -1.500 1.047e+05  15.00     8.975369   2.5     9.652075   2.5 GUES 
  1834.3623   1833.8615    0.675905  -1.000 9.911e+05  15.00     9.004066   0.5     9.680009   0.5 GUES 
  1834.4036   1833.9028    0.675890  -1.500 1.567e+05  15.00     9.004066   0.5     9.679994   1.5 GUES 
  1842.1373   1841.6344    0.673052  -1.500 1.036e+05  15.00     9.019443   1.5     9.692534   2.5 GUES 
  1852.4021   1851.8964    0.669323  -0.500 7.684e+05  15.00     8.975369   2.5     9.644729   3.5 GUES 
  1854.7129   1854.2066    0.668489  -1.000 3.232e+05  15.00     9.019443   1.5     9.687970   2.5 GUES 
  1869.0977   1868.5875    0.663344  -1.500 1.006e+05  15.00     8.988693   1.5     9.652075   2.5 GUES 
  1888.6376   1888.1221    0.656481  -0.500 7.392e+05  15.00     9.037181   2.5     9.693700   3.5 GUES 
  1892.1100   1891.5935    0.655276  -1.500 7.364e+04  15.00     9.037181   2.5     9.692495   3.5 GUES 
  1894.3936   1893.8765    0.654486  -1.500 1.469e+05  15.00     8.427907   0.5     9.082431   1.5 GUES 
  1896.9641   1896.4463    0.653599  -1.000 3.089e+05  15.00     8.998438   1.5     9.652075   2.5 GUES 
  1897.9049   1897.3868    0.653275  -1.000 2.315e+05  15.00     8.975369   2.5     9.628681   3.5 GUES 
  1905.2653   1904.7452    0.650752  -1.500 9.684e+04  15.00     9.037181   2.5     9.687970   2.5 GUES 
  1913.6826   1913.1602    0.647889  -1.500 1.440e+05  15.00     9.004066   0.5     9.651992   1.5 GUES 
  1937.3350   1936.8062    0.639979  -1.000 4.443e+05  15.00     8.442415   1.5     9.082431   1.5 GUES 
  1959.9492   1959.4143    0.632595  -1.500 9.151e+04  15.00     9.019443   1.5     9.652075   2.5 GUES 

Number of lines in output :  844

Parameter set used in search:

Lower wavelength limit:    200.0000 nm
Upper wavelength limit:   2000.0000 nm
Lower limit on log gf:  -5.000
Upper limit on log gf:   2.000
Lower limit on energy for lower level:        0.000 cm^-1
Upper limit on energy for lower level:  1000000.000 cm^-1
Lower limit on energy for upper level:        0.000 cm^-1
Upper limit on energy for upper level:  1000000.000 cm^-1

Element list:

P I          ( = 15.00 )

Search program by Claas Heise (heise@fz.telekom.de), Jan 17, 1996



