Number of lines in output :  402
--------------------------------------------------------------------------------------------------------
    Wl_vac      Wl_air    E_Photon   log_gf   A-Value   Elem. E_lower_lev.   J   E_upper_lev.   J   Ref.
     / nm        / nm        / eV              / 1/s   (Code)     / eV     lower     / eV     upper     
--------------------------------------------------------------------------------------------------------
   208.3997    208.3334    5.949405  -3.960 5.613e+04  16.00     2.750149   0.0     8.699896   1.0 KP   
   216.9564    216.8884    5.714762  -3.980 4.946e+04  16.00     1.145519   2.0     6.860609   1.0 NBS  
   219.1234    219.0549    5.658249  -3.040 4.223e+05  16.00     2.750149   0.0     8.408723   1.0 NBS  
   301.6514    301.5635    4.110224  -4.310 1.197e+04  16.00     2.750149   0.0     6.860609   1.0 NBS  
   368.1644    368.0596    3.367665  -2.540 2.027e+05  16.00     6.524940   2.0     9.892799   3.0 KP   
   396.3095    396.1974    3.128501  -2.110 4.709e+05  16.00     6.524940   2.0     9.653620   3.0 KP   
   396.3599    396.2478    3.128102  -2.280 4.456e+05  16.00     6.524940   2.0     9.653222   2.0 KP   
   396.3991    396.2870    3.127793  -2.500 4.474e+05  16.00     6.524940   2.0     9.652913   1.0 KP   
   403.3388    403.2249    3.073977  -2.370 1.749e+06  16.00     6.860609   1.0     9.934763   0.0 KP   
   403.3983    403.2843    3.073525  -1.900 1.720e+06  16.00     6.860609   1.0     9.934310   1.0 KP   
   403.5168    403.4028    3.072622  -1.690 1.673e+06  16.00     6.860609   1.0     9.933407   2.0 KP   
   415.1582    415.0412    2.986462  -3.601 9.698e+04  16.00     6.860609   1.0     9.847242   0.0 FOS  
   415.3775    415.2604    2.984886  -3.131 9.531e+04  16.00     6.860609   1.0     9.845666   1.0 FOS  
   415.8870    415.7698    2.981229  -2.910 9.489e+04  16.00     6.860609   1.0     9.842009   2.0 FOS  
   442.8162    442.6919    2.799930  -2.000 1.134e+06  16.00     6.860609   1.0     9.660700   1.0 KP   
   443.0386    442.9142    2.798525  -1.900 4.278e+06  16.00     6.860609   1.0     9.659294   0.0 KP   
   443.2679    443.1435    2.797077  -1.900 8.547e+05  16.00     6.860609   1.0     9.657846   2.0 KP   
   469.5427    469.4113    2.640558  -1.770 7.340e+05  16.00     6.524940   2.0     9.165649   3.0 NBS  
   469.6757    469.5443    2.639810  -1.920 7.270e+05  16.00     6.524940   2.0     9.164901   2.0 NBS  
   469.7566    469.6252    2.639355  -2.140 7.299e+05  16.00     6.524940   2.0     9.164446   1.0 NBS  
   527.9597    527.8128    2.348388  -2.500 7.567e+05  16.00     6.860609   1.0     9.209132   0.0 NBS  
   528.0169    527.8700    2.348134  -2.100 6.334e+05  16.00     6.860609   1.0     9.208878   1.0 NBS  
   528.0462    527.8993    2.348004  -1.900 6.023e+05  16.00     6.860609   1.0     9.208747   2.0 NBS  
   549.9723    549.8195    2.254394  -1.460 1.529e+06  16.00     7.866840   1.0    10.121364   2.0 LW   
   550.3090    550.1562    2.253015  -1.260 1.729e+06  16.00     7.868214   2.0    10.121358   3.0 LW   
   550.8535    550.7005    2.250788  -1.110 1.896e+06  16.00     7.870434   3.0    10.121352   4.0 LW   
   560.6828    560.5272    2.211329  -2.310 2.078e+05  16.00     7.866840   1.0    10.078296   2.0 KP   
   561.0313    560.8756    2.209956  -2.080 3.525e+05  16.00     7.868214   2.0    10.078296   2.0 KP   
   561.5956    561.4397    2.207735  -1.940 4.856e+05  16.00     7.870434   3.0    10.078296   2.0 KP   
   569.8547    569.6966    2.175738  -1.260 2.257e+06  16.00     7.866840   1.0    10.042703   2.0 LW   
   570.2162    570.0580    2.174358  -1.040 2.673e+06  16.00     7.868214   2.0    10.042697   3.0 LW   
   570.8007    570.6424    2.172132  -0.950 2.552e+06  16.00     7.870434   3.0    10.042691   4.0 LW   
   588.1338    587.9708    2.108116  -2.050 3.437e+05  16.00     7.866840   1.0     9.975077   2.0 KP   
   588.5172    588.3541    2.106743  -1.830 5.697e+05  16.00     7.868214   2.0     9.975077   2.0 KP   
   589.1381    588.9749    2.104523  -1.690 7.847e+05  16.00     7.870434   3.0     9.975077   2.0 KP   
   596.2862    596.1211    2.079294  -1.200 1.691e+06  16.00     8.046197   2.0    10.125611   3.0 GUES 
   604.3561    604.1888    2.051529  -1.700 3.644e+06  16.00     7.866840   1.0     9.918487   0.0 LW   
   604.3580    604.1907    2.051523  -1.350 2.719e+06  16.00     7.866840   1.0     9.918481   1.0 LW   
   604.3616    604.1943    2.051511  -1.450 1.296e+06  16.00     7.866840   1.0     9.918469   2.0 LW   
   604.7628    604.5954    2.050150  -1.820 9.201e+05  16.00     7.868214   2.0     9.918481   1.0 LW   
   604.7665    604.5991    2.050137  -1.240 2.099e+06  16.00     7.868214   2.0     9.918469   2.0 LW   
   604.7701    604.6027    2.050125  -1.030 2.431e+06  16.00     7.868214   2.0     9.918456   3.0 LW   
   605.4259    605.2583    2.047905  -1.330 1.216e+06  16.00     7.870434   3.0     9.918456   3.0 LW   
   605.4350    605.2674    2.047874  -0.740 3.679e+06  16.00     7.870434   3.0     9.918425   4.0 LW   
   608.3522    608.1838    2.038054  -2.290 3.081e+05  16.00     8.045749   1.0    10.083919   1.0 KP   
   608.4419    608.2735    2.037753  -2.770 1.020e+05  16.00     8.046049   0.0    10.083919   1.0 KP   
   608.4861    608.3177    2.037605  -2.070 5.111e+05  16.00     8.046197   2.0    10.083919   1.0 KP   
   617.4529    617.2821    2.008014  -1.400 2.322e+06  16.00     8.045749   1.0    10.053878   1.0 KP   
   617.5292    617.3584    2.007766  -1.370 1.492e+06  16.00     8.045749   1.0    10.053631   2.0 KP   
   617.5453    617.3745    2.007714  -1.400 2.321e+06  16.00     8.046049   0.0    10.053878   1.0 KP   
   617.5910    617.4201    2.007566  -3.020 5.567e+04  16.00     8.046197   2.0    10.053878   1.0 KP   
   617.6672    617.4963    2.007318  -1.400 1.392e+06  16.00     8.046197   2.0    10.053631   2.0 KP   
   617.7554    617.5845    2.007031  -1.090 2.030e+06  16.00     8.046197   2.0    10.053344   3.0 KP   
   639.6931    639.5163    1.938202  -2.040 4.955e+05  16.00     8.045749   1.0     9.984062   1.0 KP   
   639.7922    639.6154    1.937902  -2.520 1.640e+05  16.00     8.046049   0.0     9.984062   1.0 KP   
   639.8412    639.6644    1.937753  -1.820 8.220e+05  16.00     8.046197   2.0     9.984062   1.0 KP   
   640.5380    640.3610    1.935645  -1.730 6.054e+05  16.00     7.866840   1.0     9.802596   2.0 KP   
   640.9928    640.8157    1.934272  -1.510 1.003e+06  16.00     7.868214   2.0     9.802596   2.0 KP   
   641.7295    641.5522    1.932051  -1.360 1.414e+06  16.00     7.870434   3.0     9.802596   2.0 KP   
   653.7386    653.5580    1.896560  -1.300 2.607e+06  16.00     8.045749   1.0     9.942418   1.0 KP   
   653.8142    653.6336    1.896341  -1.200 1.969e+06  16.00     8.045749   1.0     9.942198   2.0 KP   
   653.8420    653.6614    1.896260  -1.300 2.607e+06  16.00     8.046049   0.0     9.942418   1.0 KP   
   653.8932    653.7126    1.896112  -2.850 7.345e+04  16.00     8.046197   2.0     9.942418   1.0 KP   
   653.9688    653.7882    1.895892  -1.300 1.563e+06  16.00     8.046197   2.0     9.942198   2.0 KP   
   654.0402    653.8596    1.895685  -0.930 2.617e+06  16.00     8.046197   2.0     9.941991   3.0 KP   
   674.5301    674.3440    1.838101  -1.270 7.873e+06  16.00     7.866840   1.0     9.705046   0.0 NBS  
   674.5393    674.3531    1.838076  -0.920 5.875e+06  16.00     7.866840   1.0     9.705022   1.0 NBS  
   674.5502    674.3640    1.838046  -1.030 2.736e+06  16.00     7.866840   1.0     9.704992   2.0 NBS  
   675.0436    674.8573    1.836703  -1.390 1.988e+06  16.00     7.868214   2.0     9.705022   1.0 NBS  
   675.0545    674.8682    1.836673  -0.800 4.640e+06  16.00     7.868214   2.0     9.704992   2.0 NBS  
   675.0700    674.8837    1.836631  -0.600 5.252e+06  16.00     7.868214   2.0     9.704950   3.0 NBS  
   675.8716    675.6851    1.834452  -1.760 5.075e+05  16.00     7.870434   3.0     9.704992   2.0 NBS  
   675.8872    675.7007    1.834410  -0.900 2.626e+06  16.00     7.870434   3.0     9.704950   3.0 NBS  
   675.9036    675.7171    1.834366  -0.310 7.945e+06  16.00     7.870434   3.0     9.704905   4.0 NBS  
   699.4775    699.2846    1.772544  -1.710 8.860e+05  16.00     8.045749   1.0     9.818394   1.0 KP   
   699.5960    699.4031    1.772243  -2.190 2.933e+05  16.00     8.046049   0.0     9.818394   1.0 KP   
   699.6545    699.4616    1.772095  -1.490 1.470e+06  16.00     8.046197   2.0     9.818394   1.0 KP   
   716.4060    716.2086    1.730659  -2.890 2.392e+04  16.00     8.416322   4.0    10.147080   3.0 KP   
   716.4060    716.2086    1.730659  -0.850 1.669e+06  16.00     8.416322   4.0    10.147080   5.0 KP   
   716.4060    716.2086    1.730659  -1.710 2.816e+05  16.00     8.416322   4.0    10.147080   4.0 KP   
   716.7410    716.5435    1.729850  -1.740 7.876e+05  16.00     8.417131   0.0    10.147080   1.0 KP   
   716.8117    716.6142    1.729679  -1.740 7.874e+05  16.00     8.417301   1.0    10.147080   1.0 KP   
   716.8117    716.6142    1.729679  -1.440 9.426e+05  16.00     8.417301   1.0    10.147080   2.0 KP   
   716.9306    716.7330    1.729393  -1.210 1.143e+06  16.00     8.417588   2.0    10.147080   3.0 KP   
   716.9306    716.7330    1.729393  -1.590 6.671e+05  16.00     8.417588   2.0    10.147080   2.0 KP   
   716.9306    716.7330    1.729393  -2.590 1.112e+05  16.00     8.417588   2.0    10.147080   1.0 KP   
   717.0420    716.8444    1.729124  -1.560 5.104e+05  16.00     8.417857   3.0    10.147080   3.0 KP   
   717.0420    716.8444    1.729124  -1.010 1.409e+06  16.00     8.417857   3.0    10.147080   4.0 KP   
   717.0420    716.8444    1.729124  -2.590 6.669e+04  16.00     8.417857   3.0    10.147080   2.0 KP   
   724.4505    724.2509    1.711441  -1.300 2.123e+06  16.00     8.045749   1.0     9.757288   1.0 KP   
   724.5114    724.3118    1.711297  -1.030 2.372e+06  16.00     8.045749   1.0     9.757144   2.0 KP   
   724.5776    724.3780    1.711141  -1.380 1.765e+06  16.00     8.046049   0.0     9.757288   1.0 KP   
   724.6404    724.4408    1.710993  -2.680 8.846e+04  16.00     8.046197   2.0     9.757288   1.0 KP   
   724.6788    724.4791    1.710902  -0.760 3.153e+06  16.00     8.046197   2.0     9.757198   3.0 KP   
   724.7014    724.5017    1.710849  -1.500 8.032e+05  16.00     8.046197   2.0     9.757144   2.0 KP   
   728.0625    727.8619    1.702951  -3.640 5.765e+03  16.00     7.866840   1.0     9.569888   2.0 KP   
   728.6501    728.4494    1.701577  -3.420 9.553e+03  16.00     7.868214   2.0     9.569888   2.0 KP   
   729.6022    729.4012    1.699357  -3.270 1.346e+04  16.00     7.870434   3.0     9.569888   2.0 KP   
   744.5298    744.3248    1.665285  -1.500 4.228e+05  16.00     8.416322   4.0    10.081702   4.0 KP   
   744.5298    744.3248    1.665285  -0.640 2.506e+06  16.00     8.416322   4.0    10.081702   5.0 KP   
   744.5298    744.3248    1.665285  -2.680 3.591e+04  16.00     8.416322   4.0    10.081702   3.0 KP   
   744.8916    744.6865    1.664476  -1.530 1.183e+06  16.00     8.417131   0.0    10.081702   1.0 KP   
   744.9680    744.7629    1.664306  -1.230 1.415e+06  16.00     8.417301   1.0    10.081702   2.0 KP   
   744.9680    744.7629    1.664306  -1.530 1.182e+06  16.00     8.417301   1.0    10.081702   1.0 KP   
   745.0964    744.8912    1.664019  -1.000 1.716e+06  16.00     8.417588   2.0    10.081702   3.0 KP   
   745.0964    744.8912    1.664019  -2.380 1.669e+05  16.00     8.417588   2.0    10.081702   1.0 KP   
   745.0964    744.8912    1.664019  -1.380 1.002e+06  16.00     8.417588   2.0    10.081702   2.0 KP   
   745.2168    745.0116    1.663750  -2.380 1.001e+05  16.00     8.417857   3.0    10.081702   2.0 KP   
   745.2168    745.0116    1.663750  -0.800 2.115e+06  16.00     8.417857   3.0    10.081702   4.0 KP   
   745.2168    745.0116    1.663750  -1.360 7.490e+05  16.00     8.417857   3.0    10.081702   3.0 KP   
   746.4104    746.2049    1.661089  -3.700 7.962e+03  16.00     8.045749   1.0     9.706934   1.0 KP   
   746.5453    746.3398    1.660789  -4.180 2.636e+03  16.00     8.046049   0.0     9.706934   1.0 KP   
   746.6120    746.4064    1.660641  -3.480 1.321e+04  16.00     8.046197   2.0     9.706934   1.0 KP   
   747.0645    746.8588    1.659635  -0.800 2.706e+06  16.00     7.868214   2.0     9.527944   3.0 GUES 
   748.0654    747.8594    1.657415  -1.200 1.074e+06  16.00     7.870434   3.0     9.527944   3.0 GUES 
   768.1734    767.9620    1.614029  -1.250 1.271e+06  16.00     7.866840   1.0     9.480962   2.0 KP   
   768.8276    768.6160    1.612656  -1.030 2.106e+06  16.00     7.868214   2.0     9.480962   2.0 KP   
   769.8876    769.6758    1.610436  -0.890 2.899e+06  16.00     7.870434   3.0     9.480962   2.0 KP   
   792.5943    792.3763    1.564299  -1.250 6.634e+05  16.00     8.416322   4.0     9.980710   4.0 KP   
   792.5943    792.3763    1.564299  -2.430 5.635e+04  16.00     8.416322   4.0     9.980710   3.0 KP   
   792.5943    792.3763    1.564299  -0.390 3.932e+06  16.00     8.416322   4.0     9.980710   5.0 KP   
   793.0043    792.7862    1.563490  -1.280 1.855e+06  16.00     8.417131   0.0     9.980710   1.0 KP   
   793.0909    792.8728    1.563319  -1.280 1.855e+06  16.00     8.417301   1.0     9.980710   1.0 KP   
   793.0909    792.8728    1.563319  -0.980 2.221e+06  16.00     8.417301   1.0     9.980710   2.0 KP   
   793.2363    793.0182    1.563033  -0.750 2.693e+06  16.00     8.417588   2.0     9.980710   3.0 KP   
   793.2363    793.0182    1.563033  -2.130 2.619e+05  16.00     8.417588   2.0     9.980710   1.0 KP   
   793.2363    793.0182    1.563033  -1.130 1.572e+06  16.00     8.417588   2.0     9.980710   2.0 KP   
   793.3729    793.1547    1.562764  -0.550 3.318e+06  16.00     8.417857   3.0     9.980710   4.0 KP   
   793.3729    793.1547    1.562764  -1.100 1.202e+06  16.00     8.417857   3.0     9.980710   3.0 KP   
   793.3729    793.1547    1.562764  -2.130 1.571e+05  16.00     8.417857   3.0     9.980710   2.0 KP   
   815.5825    815.3583    1.520207  -4.000 3.342e+03  16.00     8.045749   1.0     9.566043   1.0 KP   
   815.7436    815.5194    1.519907  -4.480 1.106e+03  16.00     8.046049   0.0     9.566043   1.0 KP   
   815.8231    815.5989    1.519759  -3.780 5.544e+03  16.00     8.046197   2.0     9.566043   1.0 KP   
   839.7867    839.5560    1.476392  -1.980 1.415e+05  16.00     8.416322   4.0     9.892799   3.0 KP   
   840.5075    840.2766    1.475126  -3.410 5.247e+03  16.00     8.417588   2.0     9.892799   3.0 KP   
   840.6609    840.4299    1.474857  -2.560 3.714e+04  16.00     8.417857   3.0     9.892799   3.0 KP   
   845.1881    844.9559    1.466957  -1.230 1.833e+06  16.00     8.045749   1.0     9.512790   1.0 KP   
   845.3611    845.1289    1.466657  -1.710 6.066e+05  16.00     8.046049   0.0     9.512790   1.0 KP   
   845.4466    845.2144    1.466508  -1.010 3.040e+06  16.00     8.046197   2.0     9.512790   1.0 KP   
   856.7408    856.5055    1.447176  -1.230 1.070e+06  16.00     8.699896   1.0    10.147154   2.0 KP   
   856.8536    856.6183    1.446985  -1.060 1.130e+06  16.00     8.700086   2.0    10.147154   3.0 KP   
   856.8536    856.6183    1.446985  -1.970 1.947e+05  16.00     8.700086   2.0    10.147154   2.0 KP   
   857.4247    857.1892    1.446021  -1.970 1.389e+05  16.00     8.701050   3.0    10.147154   3.0 KP   
   857.4247    857.1892    1.446021  -3.510 5.607e+03  16.00     8.701050   3.0    10.147154   2.0 KP   
   857.4247    857.1892    1.446021  -0.900 1.269e+06  16.00     8.701050   3.0    10.147154   4.0 KP   
   861.9457    861.7090    1.438437  -0.410 3.493e+07  16.00     8.408723   1.0     9.847242   0.0 KP   
   862.8911    862.6541    1.436861  -0.540 8.612e+06  16.00     8.408723   1.0     9.845666   1.0 KP   
   863.5495    863.3124    1.435765  -0.060 2.597e+07  16.00     8.409819   2.0     9.845666   1.0 KP   
   865.0932    864.8556    1.433203  -1.720 3.396e+05  16.00     8.408723   1.0     9.842009   2.0 KP   
   865.7550    865.5173    1.432108  -0.540 5.133e+06  16.00     8.409819   2.0     9.842009   2.0 KP   
   867.0821    866.8440    1.429916   0.210 2.878e+07  16.00     8.412011   3.0     9.842009   2.0 KP   
   867.2564    867.0183    1.429628  -0.880 1.169e+07  16.00     7.866840   1.0     9.296551   0.0 NBS  
   867.2971    867.0589    1.429561  -0.530 8.723e+06  16.00     7.866840   1.0     9.296484   1.0 NBS  
   867.3663    867.1281    1.429447  -0.640 4.062e+06  16.00     7.866840   1.0     9.296369   2.0 NBS  
   868.1311    867.8927    1.428188  -1.000 2.950e+06  16.00     7.868214   2.0     9.296484   1.0 NBS  
   868.2004    867.9620    1.428074  -0.410 6.885e+06  16.00     7.868214   2.0     9.296369   2.0 NBS  
   868.2795    868.0411    1.427944  -0.210 7.793e+06  16.00     7.868214   2.0     9.296239   3.0 NBS  
   869.5525    869.3137    1.425854  -1.370 7.526e+05  16.00     7.870434   3.0     9.296369   2.0 NBS  
   869.6319    869.3931    1.425723  -0.510 3.894e+06  16.00     7.870434   3.0     9.296239   3.0 NBS  
   869.7014    869.4626    1.425609   0.080 1.178e+07  16.00     7.870434   3.0     9.296125   4.0 NBS  
   887.6860    887.4423    1.396726  -2.100 9.605e+04  16.00     8.416322   4.0     9.813128   3.0 KP   
   887.6860    887.4423    1.396726  -0.050 6.858e+06  16.00     8.416322   4.0     9.813128   5.0 KP   
   887.6860    887.4423    1.396726  -0.920 1.131e+06  16.00     8.416322   4.0     9.813128   4.0 KP   
   888.2003    887.9565    1.395918  -0.950 3.162e+06  16.00     8.417131   0.0     9.813128   1.0 KP   
   888.3089    888.0651    1.395747  -0.950 3.161e+06  16.00     8.417301   1.0     9.813128   1.0 KP   
   888.3089    888.0651    1.395747  -0.650 3.785e+06  16.00     8.417301   1.0     9.813128   2.0 KP   
   888.4914    888.2475    1.395460  -0.410 4.696e+06  16.00     8.417588   2.0     9.813128   3.0 KP   
   888.4914    888.2475    1.395460  -1.800 4.464e+05  16.00     8.417588   2.0     9.813128   1.0 KP   
   888.4914    888.2475    1.395460  -0.800 2.678e+06  16.00     8.417588   2.0     9.813128   2.0 KP   
   888.6626    888.4187    1.395191  -1.800 2.677e+05  16.00     8.417857   3.0     9.813128   2.0 KP   
   888.6626    888.4187    1.395191  -0.770 2.049e+06  16.00     8.417857   3.0     9.813128   3.0 KP   
   888.6626    888.4187    1.395191  -0.220 5.655e+06  16.00     8.417857   3.0     9.813128   4.0 KP   
   897.2536    897.0073    1.381833  -1.000 1.657e+06  16.00     8.699896   1.0    10.081808   2.0 KP   
   897.3773    897.1310    1.381642  -0.830 1.750e+06  16.00     8.700086   2.0    10.081808   3.0 KP   
   897.3773    897.1310    1.381642  -1.740 3.014e+05  16.00     8.700086   2.0    10.081808   2.0 KP   
   898.0037    897.7572    1.380679  -0.670 1.965e+06  16.00     8.701050   3.0    10.081808   4.0 KP   
   898.0037    897.7572    1.380679  -1.740 2.150e+05  16.00     8.701050   3.0    10.081808   3.0 KP   
   898.0037    897.7572    1.380679  -3.280 8.682e+03  16.00     8.701050   3.0    10.081808   2.0 KP   
   903.8365    903.5885    1.371768  -0.680 2.437e+06  16.00     8.046197   2.0     9.418045   3.0 KP   
   903.8825    903.6344    1.371699  -0.960 1.790e+06  16.00     8.045749   1.0     9.417526   2.0 KP   
   903.9151    903.6670    1.371649  -1.430 1.011e+06  16.00     8.045749   1.0     9.417477   1.0 KP   
   904.1130    903.8649    1.371349  -1.310 1.332e+06  16.00     8.046049   0.0     9.417477   1.0 KP   
   904.1781    903.9300    1.371250  -1.430 6.062e+05  16.00     8.046197   2.0     9.417526   2.0 KP   
   904.2108    903.9627    1.371201  -2.610 6.675e+04  16.00     8.046197   2.0     9.417477   1.0 KP   
   921.5391    921.2863    1.345417   0.420 2.951e+07  16.00     6.524940   2.0     7.870434   3.0 NBS  
   923.0625    922.8093    1.343197   0.260 2.849e+07  16.00     6.524940   2.0     7.868214   2.0 NBS  
   924.0073    923.7538    1.341823   0.040 2.855e+07  16.00     6.524940   2.0     7.866840   1.0 NBS  
   924.6644    924.4107    1.340870  -4.150 7.890e+02  16.00     8.409819   2.0     9.750765   3.0 KP   
   941.5857    941.3274    1.316773   0.520 2.768e+07  16.00     8.412011   3.0     9.728859   4.0 KP   
   942.4350    942.1765    1.315586   0.360 2.458e+07  16.00     8.409819   2.0     9.725480   3.0 KP   
   943.9556    943.6967    1.313467   0.190 2.319e+07  16.00     8.408723   1.0     9.722265   2.0 KP   
   944.0078    943.7489    1.313394  -0.540 3.084e+06  16.00     8.412011   3.0     9.725480   3.0 KP   
   944.7436    944.4845    1.312371  -0.550 4.212e+06  16.00     8.409819   2.0     9.722265   2.0 KP   
   946.3242    946.0647    1.310179  -2.090 1.211e+05  16.00     8.412011   3.0     9.722265   2.0 KP   
   963.5775    963.3133    1.286720  -0.550 2.892e+06  16.00     8.409819   2.0     9.696613   3.0 KP   
   965.2218    964.9571    1.284528   0.350 2.290e+07  16.00     8.412011   3.0     9.696613   3.0 KP   
   967.4937    967.2284    1.281512  -0.090 1.931e+07  16.00     8.408723   1.0     9.690308   1.0 KP   
   967.5185    967.2532    1.281479  -0.570 3.836e+06  16.00     8.408723   1.0     9.690275   2.0 KP   
   967.9791    967.7137    1.280869  -0.710 2.776e+06  16.00     8.699896   1.0     9.980838   2.0 KP   
   968.1230    967.8576    1.280678  -0.540 2.932e+06  16.00     8.700086   2.0     9.980838   3.0 KP   
   968.1230    967.8576    1.280678  -1.440 5.168e+05  16.00     8.700086   2.0     9.980838   2.0 KP   
   968.3216    968.0561    1.280416  -0.570 6.382e+06  16.00     8.409819   2.0     9.690308   1.0 KP   
   968.3464    968.0809    1.280383   0.100 1.791e+07  16.00     8.409819   2.0     9.690275   2.0 KP   
   968.8521    968.5865    1.279715  -1.440 3.686e+05  16.00     8.701050   3.0     9.980838   3.0 KP   
   968.8521    968.5865    1.279715  -0.380 3.291e+06  16.00     8.701050   3.0     9.980838   4.0 KP   
   968.8521    968.5865    1.279715  -2.990 1.454e+04  16.00     8.701050   3.0     9.980838   2.0 KP   
   969.4307    969.1649    1.278951  -0.600 2.547e+06  16.00     8.417588   2.0     9.696613   3.0 GUES 
   969.6346    969.3687    1.278682  -0.100 8.050e+06  16.00     8.417857   3.0     9.696613   3.0 GUES 
   970.0070    969.7410    1.278191  -0.550 3.996e+06  16.00     8.412011   3.0     9.690275   2.0 KP   
   974.0132    973.7462    1.272934  -0.600 5.887e+06  16.00     8.417301   1.0     9.690308   1.0 GUES 
   974.0383    973.7713    1.272901  -0.800 2.228e+06  16.00     8.417301   1.0     9.690275   2.0 GUES 
   974.2326    973.9655    1.272647  -0.600 5.884e+06  16.00     8.417588   2.0     9.690308   1.0 GUES 
   974.2578    973.9907    1.272614  -0.300 7.044e+06  16.00     8.417588   2.0     9.690275   2.0 GUES 
   974.4637    974.1965    1.272345  -0.500 4.442e+06  16.00     8.417857   3.0     9.690275   2.0 GUES 
   983.5342    983.2646    1.260611  -4.600 5.773e+02  16.00     8.584983   2.0     9.845666   1.0 KP   
   991.2419    990.9702    1.250809  -1.000 2.263e+06  16.00     8.409819   2.0     9.660700   1.0 GUES 
   991.4874    991.2156    1.250499  -1.000 6.785e+06  16.00     8.408723   1.0     9.659294   0.0 GUES 
   993.5080    993.2357    1.247956  -1.000 1.351e+06  16.00     8.409819   2.0     9.657846   2.0 GUES 
   995.2561    994.9833    1.245764  -1.000 1.347e+06  16.00     8.412011   3.0     9.657846   2.0 GUES 
   996.1593    995.8863    1.244635  -1.000 2.241e+06  16.00     8.408723   1.0     9.653429   1.0 GUES 
   996.5729    996.2997    1.244118  -1.000 2.239e+06  16.00     8.408723   1.0     9.652913   1.0 GUES 
   997.0370    996.7637    1.243539  -4.550 6.304e+02  16.00     8.409819   2.0     9.653429   1.0 KP   
   997.4370    997.1636    1.243040  -1.200 1.410e+06  16.00     8.417588   2.0     9.660700   1.0 GUES 
   998.3354    998.0618    1.241922  -1.300 3.354e+06  16.00     8.417301   1.0     9.659294   0.0 GUES 
   999.9484    999.6743    1.239918  -1.200 8.418e+05  16.00     8.417857   3.0     9.657846   2.0 GUES 
  1002.1234   1001.8487    1.237227  -1.470 3.215e+05  16.00     8.416322   4.0     9.653620   3.0 KP   
  1003.1500   1002.8751    1.235961  -2.910 1.165e+04  16.00     8.417588   2.0     9.653620   3.0 KP   
  1003.2406   1002.9656    1.235850  -2.550 3.735e+04  16.00     8.417301   1.0     9.653222   2.0 KP   
  1003.3050   1003.0300    1.235770  -1.300 1.107e+06  16.00     8.417588   2.0     9.653429   1.0 GUES 
  1003.3530   1003.0780    1.235711  -2.420 8.396e+04  16.00     8.417131   0.0     9.652913   1.0 KP   
  1003.3683   1003.0933    1.235692  -2.060 8.243e+04  16.00     8.417857   3.0     9.653620   3.0 KP   
  1003.4733   1003.1983    1.235563  -1.960 1.453e+05  16.00     8.417588   2.0     9.653222   2.0 KP   
  1003.4916   1003.2166    1.235540  -2.070 1.879e+05  16.00     8.417301   1.0     9.652913   1.0 KP   
  1003.6918   1003.4167    1.235294  -1.760 2.301e+05  16.00     8.417857   3.0     9.653222   2.0 KP   
  1003.7245   1003.4494    1.235254  -2.180 1.458e+05  16.00     8.417588   2.0     9.652913   1.0 KP   
  1004.0965   1003.8213    1.234796  -2.400 2.634e+05  16.00     8.699896   1.0     9.934763   0.0 KP   
  1004.4647   1004.1894    1.234343  -2.520 6.655e+04  16.00     8.699896   1.0     9.934310   1.0 KP   
  1004.6197   1004.3444    1.234153  -2.050 1.963e+05  16.00     8.700086   2.0     9.934310   1.0 KP   
  1005.1997   1004.9242    1.233441  -3.690 2.696e+03  16.00     8.699896   1.0     9.933407   2.0 KP   
  1005.3550   1005.0795    1.233250  -2.510 4.079e+04  16.00     8.700086   2.0     9.933407   2.0 KP   
  1006.1412   1005.8655    1.232287  -1.770 2.238e+05  16.00     8.701050   3.0     9.933407   2.0 KP   
  1045.8314   1045.5449    1.185520   0.260 2.219e+07  16.00     6.860609   1.0     8.046197   2.0 NBS  
  1045.9622   1045.6757    1.185372  -0.430 2.265e+07  16.00     6.860609   1.0     8.046049   0.0 NBS  
  1046.2272   1045.9406    1.185072   0.040 2.227e+07  16.00     6.860609   1.0     8.045749   1.0 NBS  
  1063.5993   1063.3080    1.165716   0.400 2.116e+07  16.00     8.584983   2.0     9.750765   3.0 KP   
  1087.1794   1086.8817    1.140432  -4.180 5.326e+02  16.00     8.584983   2.0     9.725480   3.0 KP   
  1095.8226   1095.5225    1.131437  -1.000 5.555e+06  16.00     7.866840   1.0     8.998342   0.0 GUES 
  1101.0027   1100.7012    1.126114  -1.870 1.060e+05  16.00     8.766620   2.0     9.892799   3.0 KP   
  1113.6488   1113.3439    1.113326  -0.310 5.268e+06  16.00     8.699896   1.0     9.813286   2.0 KP   
  1113.8394   1113.5345    1.113136  -1.040 9.806e+05  16.00     8.700086   2.0     9.813286   2.0 KP   
  1113.8394   1113.5345    1.113136  -0.140 5.564e+06  16.00     8.700086   2.0     9.813286   3.0 KP   
  1114.8046   1114.4994    1.112172  -1.040 6.992e+05  16.00     8.701050   3.0     9.813286   3.0 KP   
  1114.8046   1114.4994    1.112172  -2.590 2.759e+04  16.00     8.701050   3.0     9.813286   2.0 KP   
  1114.8046   1114.4994    1.112172   0.020 6.244e+06  16.00     8.701050   3.0     9.813286   4.0 KP   
  1119.0360   1118.7296    1.107967  -0.500 5.615e+06  16.00     7.866840   1.0     8.974870   1.0 GUES 
  1120.4248   1120.1181    1.106593  -1.300 8.876e+05  16.00     7.868214   2.0     8.974870   1.0 GUES 
  1121.7742   1121.4671    1.105262  -0.300 8.855e+06  16.00     8.584983   2.0     9.690308   1.0 GUES 
  1121.8075   1121.5004    1.105229  -4.450 3.761e+02  16.00     8.584983   2.0     9.690275   2.0 KP   
  1134.8290   1134.5184    1.092547  -0.500 1.820e+06  16.00     8.412011   3.0     9.504621   4.0 GUES 
  1139.3209   1139.0090    1.088240  -1.610 1.802e+05  16.00     8.416322   4.0     9.504624   3.0 KP   
  1139.3241   1139.0122    1.088237   0.430 1.257e+07  16.00     8.416322   4.0     9.504621   5.0 KP   
  1139.3244   1139.0125    1.088237  -0.430 2.121e+06  16.00     8.416322   4.0     9.504621   4.0 KP   
  1139.9309   1139.6189    1.087657  -1.860 7.085e+05  16.00     8.847043   1.0     9.934763   0.0 KP   
  1140.1613   1139.8492    1.087438  -0.460 5.930e+06  16.00     8.417131   0.0     9.504631   1.0 KP   
  1140.3403   1140.0282    1.087267  -0.460 5.928e+06  16.00     8.417301   1.0     9.504631   1.0 KP   
  1140.3450   1140.0329    1.087263  -0.160 7.097e+06  16.00     8.417301   1.0     9.504626   2.0 KP   
  1140.4055   1140.0933    1.087205  -1.390 6.964e+05  16.00     8.847043   1.0     9.934310   1.0 KP   
  1140.6410   1140.3288    1.086980  -1.310 8.370e+05  16.00     8.417588   2.0     9.504631   1.0 KP   
  1140.6457   1140.3335    1.086976  -0.310 5.022e+06  16.00     8.417588   2.0     9.504626   2.0 KP   
  1140.6479   1140.3357    1.086974   0.070 8.604e+06  16.00     8.417588   2.0     9.504624   3.0 KP   
  1140.9280   1140.6157    1.086707  -1.310 5.019e+05  16.00     8.417857   3.0     9.504626   2.0 KP   
  1140.9302   1140.6179    1.086705  -0.290 3.754e+06  16.00     8.417857   3.0     9.504624   3.0 KP   
  1140.9337   1140.6214    1.086702   0.270 1.060e+07  16.00     8.417857   3.0     9.504621   4.0 KP   
  1141.3530   1141.0406    1.086302  -1.180 6.766e+05  16.00     8.847043   1.0     9.933407   2.0 KP   
  1152.6505   1152.3350    1.075655  -1.000 1.673e+06  16.00     8.584983   2.0     9.660700   1.0 GUES 
  1160.4940   1160.1764    1.068385   0.000 1.651e+07  16.00     8.584983   2.0     9.653429   1.0 KP   
  1161.0554   1160.7376    1.067868  -1.000 1.649e+06  16.00     8.584983   2.0     9.652913   1.0 GUES 
  1165.8504   1165.5313    1.063476  -1.000 9.815e+05  16.00     7.866840   1.0     8.930378   2.0 GUES 
  1167.3579   1167.0384    1.062103  -1.000 9.789e+05  16.00     7.868214   2.0     8.930378   2.0 GUES 
  1169.8035   1169.4834    1.059883  -1.500 3.083e+05  16.00     7.870434   3.0     8.930378   2.0 GUES 
  1245.4523   1245.1116    0.995505   0.000 6.143e+06  16.00     8.701050   3.0     9.696613   3.0 GUES 
  1251.9283   1251.5859    0.990356   0.000 1.419e+07  16.00     8.699896   1.0     9.690308   1.0 GUES 
  1251.9698   1251.6274    0.990323   0.000 8.511e+06  16.00     8.699896   1.0     9.690275   2.0 GUES 
  1252.1692   1251.8267    0.990165   0.000 1.418e+07  16.00     8.700086   2.0     9.690308   1.0 GUES 
  1252.2108   1251.8683    0.990132   0.000 8.507e+06  16.00     8.700086   2.0     9.690275   2.0 GUES 
  1290.5082   1290.1553    0.960749  -1.930 1.568e+05  16.00     8.699896   1.0     9.660700   1.0 KP   
  1290.7643   1290.4113    0.960558  -1.460 4.627e+05  16.00     8.700086   2.0     9.660700   1.0 KP   
  1292.3987   1292.0453    0.959344  -1.810 6.185e+05  16.00     8.699896   1.0     9.659294   0.0 KP   
  1294.3519   1293.9980    0.957896  -3.110 6.181e+03  16.00     8.699896   1.0     9.657846   2.0 KP   
  1294.6095   1294.2555    0.957705  -1.940 9.139e+04  16.00     8.700086   2.0     9.657846   2.0 KP   
  1295.9136   1295.5592    0.956742  -1.190 5.129e+05  16.00     8.701050   3.0     9.657846   2.0 KP   
  1356.8151   1356.4442    0.913798  -1.870 9.775e+04  16.00     9.164446   1.0    10.078296   2.0 KP   
  1357.4909   1357.1198    0.913343  -1.640 1.658e+05  16.00     9.164901   2.0    10.078296   2.0 KP   
  1358.6035   1358.2321    0.912595  -1.500 2.285e+05  16.00     9.165649   3.0    10.078296   2.0 KP   
  1378.0321   1377.6554    0.899728  -0.260 3.860e+06  16.00     7.866840   1.0     8.766620   2.0 KP   
  1380.1389   1379.7616    0.898355  -0.040 6.387e+06  16.00     7.868214   2.0     8.766620   2.0 KP   
  1383.5586   1383.1804    0.896134   0.110 8.978e+06  16.00     7.870434   3.0     8.766620   2.0 KP   
  1397.8866   1397.5045    0.886949  -1.150 3.452e+05  16.00     8.766620   2.0     9.653620   3.0 KP   
  1398.5145   1398.1323    0.886551  -1.310 3.341e+05  16.00     8.766620   2.0     9.653222   2.0 KP   
  1399.0025   1398.6201    0.886242  -1.530 3.352e+05  16.00     8.766620   2.0     9.652913   1.0 KP   
  1401.6338   1401.2507    0.884578  -1.300 3.403e+05  16.00     8.045749   1.0     8.930378   2.0 GUES 
  1402.3450   1401.9617    0.884129  -0.700 1.353e+06  16.00     8.046197   2.0     8.930378   2.0 GUES 
  1416.7792   1416.3920    0.875122  -1.630 2.597e+05  16.00     9.208747   2.0    10.083919   1.0 KP   
  1416.9906   1416.6033    0.874991  -1.850 1.564e+05  16.00     9.208878   1.0    10.083919   1.0 KP   
  1417.4025   1417.0151    0.874737  -2.330 5.176e+04  16.00     9.209132   0.0    10.083919   1.0 KP   
  1457.0994   1456.7012    0.850906  -1.760 6.066e+04  16.00     9.296125   4.0    10.147080   4.0 KP   
  1457.0994   1456.7012    0.850906  -2.940 5.153e+03  16.00     9.296125   4.0    10.147080   3.0 KP   
  1457.0994   1456.7012    0.850906  -0.900 3.595e+05  16.00     9.296125   4.0    10.147080   5.0 KP   
  1457.2947   1456.8965    0.850792  -2.640 1.439e+04  16.00     9.296239   3.0    10.147080   2.0 KP   
  1457.2947   1456.8965    0.850792  -1.620 1.076e+05  16.00     9.296239   3.0    10.147080   3.0 KP   
  1457.2947   1456.8965    0.850792  -1.060 3.039e+05  16.00     9.296239   3.0    10.147080   4.0 KP   
  1457.5177   1457.1194    0.850662  -1.260 2.465e+05  16.00     9.296369   2.0    10.147080   3.0 KP   
  1457.5177   1457.1194    0.850662  -1.640 1.439e+05  16.00     9.296369   2.0    10.147080   2.0 KP   
  1457.5177   1457.1194    0.850662  -2.640 2.398e+04  16.00     9.296369   2.0    10.147080   1.0 KP   
  1457.7132   1457.3149    0.850548  -1.490 2.031e+05  16.00     9.296484   1.0    10.147080   2.0 KP   
  1457.7132   1457.3149    0.850548  -1.790 1.697e+05  16.00     9.296484   1.0    10.147080   1.0 KP   
  1457.8280   1457.4296    0.850481  -1.790 1.697e+05  16.00     9.296551   0.0    10.147080   1.0 KP   
  1523.8922   1523.4759    0.813610  -2.010 9.356e+04  16.00     8.847043   1.0     9.660700   1.0 KP   
  1526.5290   1526.1120    0.812205  -2.550 8.067e+04  16.00     8.847043   1.0     9.659294   0.0 KP   
  1529.2547   1528.8369    0.810757  -1.930 6.702e+04  16.00     8.847043   1.0     9.657846   2.0 KP   
  1529.5804   1529.1625    0.810585  -1.540 1.644e+05  16.00     9.164446   1.0     9.975077   2.0 KP   
  1530.4392   1530.0211    0.810130  -1.320 2.726e+05  16.00     9.164901   2.0     9.975077   2.0 KP   
  1531.8536   1531.4351    0.809382  -1.180 3.756e+05  16.00     9.165649   3.0     9.975077   2.0 KP   
  1540.6540   1540.2331    0.804758   0.350 1.258e+07  16.00     8.699896   1.0     9.504700   2.0 KP   
  1540.8000   1540.3791    0.804682   0.520 1.329e+07  16.00     8.700086   2.0     9.504815   3.0 KP   
  1541.0189   1540.5979    0.804568  -0.380 2.342e+06  16.00     8.700086   2.0     9.504700   2.0 KP   
  1542.6475   1542.2261    0.803719  -0.380 1.669e+06  16.00     8.701050   3.0     9.504815   3.0 KP   
  1542.6490   1542.2276    0.803718   0.680 1.491e+07  16.00     8.701050   3.0     9.504814   4.0 KP   
  1542.8670   1542.4455    0.803604  -1.920 6.738e+04  16.00     8.701050   3.0     9.504700   2.0 KP   
  1547.4043   1546.9816    0.801248  -0.220 5.595e+06  16.00     8.045749   1.0     8.847043   1.0 KP   
  1547.9845   1547.5616    0.800948  -0.700 1.851e+06  16.00     8.046049   0.0     8.847043   1.0 KP   
  1548.2712   1547.8482    0.800799   0.000 9.275e+06  16.00     8.046197   2.0     8.847043   1.0 KP   
  1578.3625   1577.9314    0.785532  -1.570 8.007e+04  16.00     9.296125   4.0    10.081702   4.0 KP   
  1578.3625   1577.9314    0.785532  -0.700 4.856e+05  16.00     9.296125   4.0    10.081702   5.0 KP   
  1578.3625   1577.9314    0.785532  -2.740 6.960e+03  16.00     9.296125   4.0    10.081702   3.0 KP   
  1578.5918   1578.1606    0.785418  -2.440 1.944e+04  16.00     9.296239   3.0    10.081702   2.0 KP   
  1578.5918   1578.1606    0.785418  -1.420 1.454e+05  16.00     9.296239   3.0    10.081702   3.0 KP   
  1578.5918   1578.1606    0.785418  -0.870 4.012e+05  16.00     9.296239   3.0    10.081702   4.0 KP   
  1578.8535   1578.4222    0.785288  -1.440 1.943e+05  16.00     9.296369   2.0    10.081702   2.0 KP   
  1578.8535   1578.4222    0.785288  -2.440 3.238e+04  16.00     9.296369   2.0    10.081702   1.0 KP   
  1578.8535   1578.4222    0.785288  -1.060 3.329e+05  16.00     9.296369   2.0    10.081702   3.0 KP   
  1579.0828   1578.6515    0.785174  -1.290 2.744e+05  16.00     9.296484   1.0    10.081702   2.0 KP   
  1579.0828   1578.6515    0.785174  -1.600 2.240e+05  16.00     9.296484   1.0    10.081702   1.0 KP   
  1579.2175   1578.7861    0.785107  -1.600 2.239e+05  16.00     9.296551   0.0    10.081702   1.0 KP   
  1599.2546   1598.8178    0.775270  -1.300 4.357e+05  16.00     9.208747   2.0     9.984062   1.0 KP   
  1599.5240   1599.0871    0.775140  -1.530 2.565e+05  16.00     9.208878   1.0     9.984062   1.0 KP   
  1600.0489   1599.6119    0.774885  -2.000 8.684e+04  16.00     9.209132   0.0     9.984062   1.0 KP   
  1647.1373   1646.6875    0.752733  -0.370 1.165e+06  16.00     9.165649   3.0     9.918425   4.0 KP   
  1654.7179   1654.2660    0.749284  -0.530 1.027e+06  16.00     8.416322   4.0     9.165649   3.0 KP   
  1657.5189   1657.0662    0.748018  -1.960 3.803e+04  16.00     8.417588   2.0     9.165649   3.0 KP   
  1658.1149   1657.6621    0.747749  -1.120 2.629e+05  16.00     8.417857   3.0     9.165649   3.0 KP   
  1658.5417   1658.0888    0.747557  -1.600 1.218e+05  16.00     8.417301   1.0     9.164901   2.0 KP   
  1659.1724   1658.7193    0.747273  -1.480 2.674e+05  16.00     8.417131   0.0     9.164446   1.0 KP   
  1659.1780   1658.7249    0.747270  -1.010 4.736e+05  16.00     8.417588   2.0     9.164901   2.0 KP   
  1659.5516   1659.0984    0.747102  -1.130 5.984e+05  16.00     8.417301   1.0     9.164446   1.0 KP   
  1659.7753   1659.3220    0.747001  -0.810 7.500e+05  16.00     8.417857   3.0     9.164901   2.0 KP   
  1660.1886   1659.7352    0.746815  -1.240 4.642e+05  16.00     8.417588   2.0     9.164446   1.0 KP   
  1690.0305   1689.5690    0.733628  -2.680 1.626e+04  16.00     9.208747   2.0     9.942418   1.0 KP   
  1690.3313   1689.8697    0.733498  -1.510 2.405e+05  16.00     9.208878   1.0     9.942418   1.0 KP   
  1690.5361   1690.0745    0.733409  -1.510 1.442e+05  16.00     9.208747   2.0     9.942198   2.0 KP   
  1690.8372   1690.3755    0.733278  -1.030 4.355e+05  16.00     9.208878   1.0     9.942198   2.0 KP   
  1690.9175   1690.4558    0.733244  -1.380 3.242e+05  16.00     9.209132   0.0     9.942418   1.0 KP   
  1691.0136   1690.5518    0.733202  -0.760 5.791e+05  16.00     9.208747   2.0     9.941991   3.0 KP   
  1699.2786   1698.8146    0.729636  -0.970 4.950e+05  16.00     9.417477   1.0    10.147154   2.0 KP   
  1699.3942   1698.9301    0.729586  -0.800 5.229e+05  16.00     9.417526   2.0    10.147154   3.0 KP   
  1699.3942   1698.9301    0.729586  -1.700 9.217e+04  16.00     9.417526   2.0    10.147154   2.0 KP   
  1700.6022   1700.1378    0.729068  -0.640 5.871e+05  16.00     9.418045   3.0    10.147154   4.0 KP   
  1700.6022   1700.1378    0.729068  -3.250 2.594e+03  16.00     9.418045   3.0    10.147154   2.0 KP   
  1700.6022   1700.1378    0.729068  -1.710 6.424e+04  16.00     9.418045   3.0    10.147154   3.0 KP   
  1811.2071   1810.7126    0.684546  -0.470 6.263e+05  16.00     9.296125   4.0     9.980710   5.0 KP   
  1811.2071   1810.7126    0.684546  -1.330 1.057e+05  16.00     9.296125   4.0     9.980710   4.0 KP   
  1811.2071   1810.7126    0.684546  -2.510 8.976e+03  16.00     9.296125   4.0     9.980710   3.0 KP   
  1811.5089   1811.0143    0.684432  -1.190 1.875e+05  16.00     9.296239   3.0     9.980710   3.0 KP   
  1811.5089   1811.0143    0.684432  -0.630 5.294e+05  16.00     9.296239   3.0     9.980710   4.0 KP   
  1811.5089   1811.0143    0.684432  -2.210 2.507e+04  16.00     9.296239   3.0     9.980710   2.0 KP   
  1811.8535   1811.3589    0.684302  -2.210 4.176e+04  16.00     9.296369   2.0     9.980710   1.0 KP   
  1811.8535   1811.3589    0.684302  -1.210 2.506e+05  16.00     9.296369   2.0     9.980710   2.0 KP   
  1811.8535   1811.3589    0.684302  -0.830 4.293e+05  16.00     9.296369   2.0     9.980710   3.0 KP   
  1812.1555   1811.6608    0.684188  -1.060 3.538e+05  16.00     9.296484   1.0     9.980710   2.0 KP   
  1812.1555   1811.6608    0.684188  -1.360 2.955e+05  16.00     9.296484   1.0     9.980710   1.0 KP   
  1812.3329   1811.8381    0.684121  -1.360 2.955e+05  16.00     9.296551   0.0     9.980710   1.0 KP   
  1866.4273   1865.9178    0.664293  -0.720 7.297e+05  16.00     9.417477   1.0    10.081808   2.0 KP   
  1866.5666   1866.0571    0.664243  -1.450 1.359e+05  16.00     9.417526   2.0    10.081808   2.0 KP   
  1866.5666   1866.0571    0.664243  -0.550 7.708e+05  16.00     9.417526   2.0    10.081808   3.0 KP   
  1868.0241   1867.5142    0.663725  -0.390 8.652e+05  16.00     9.418045   3.0    10.081808   4.0 KP   
  1868.0241   1867.5142    0.663725  -1.450 9.689e+04  16.00     9.418045   3.0    10.081808   3.0 KP   
  1868.0241   1867.5142    0.663725  -3.000 3.823e+03  16.00     9.418045   3.0    10.081808   2.0 KP   
  1893.4423   1892.9255    0.654815   0.450 7.491e+06  16.00     8.046197   2.0     8.701050   3.0 KP   
  1894.9332   1894.4159    0.654300   0.180 5.623e+06  16.00     8.045749   1.0     8.700086   2.0 KP   
  1895.4852   1894.9678    0.654109  -0.290 3.174e+06  16.00     8.045749   1.0     8.699896   1.0 KP   
  1896.2332   1895.7156    0.653851  -0.290 1.903e+06  16.00     8.046197   2.0     8.700086   2.0 KP   
  1896.3558   1895.8382    0.653809  -0.170 4.180e+06  16.00     8.046049   0.0     8.699896   1.0 KP   
  1896.7861   1896.2683    0.653661  -1.470 2.094e+05  16.00     8.046197   2.0     8.699896   1.0 KP   
  1942.9997   1942.4694    0.638114  -1.060 3.078e+05  16.00     9.164446   1.0     9.802596   2.0 KP   
  1944.3859   1943.8552    0.637659  -0.840 5.100e+05  16.00     9.164901   2.0     9.802596   2.0 KP   
  1946.6694   1946.1381    0.636911  -0.690 7.187e+05  16.00     9.165649   3.0     9.802596   2.0 KP   
  1995.0037   1994.4592    0.621480  -2.180 3.691e+04  16.00     9.504700   2.0    10.126216   1.0 KP   
  1995.9275   1995.3828    0.621192  -2.920 4.026e+03  16.00     9.504700   2.0    10.125928   2.0 KP   
  1996.2948   1995.7500    0.621078  -2.010 3.271e+04  16.00     9.504815   3.0    10.125928   2.0 KP   
  1996.9479   1996.4029    0.620875  -4.460 8.285e+01  16.00     9.504700   2.0    10.125611   3.0 KP   
  1997.3132   1996.7681    0.620761  -1.850 3.374e+04  16.00     9.504814   4.0    10.125611   3.0 KP   
  1997.3156   1996.7705    0.620760  -2.920 2.872e+03  16.00     9.504815   3.0    10.125611   3.0 KP   

Number of lines in output :  402

Parameter set used in search:

Lower wavelength limit:    200.0000 nm
Upper wavelength limit:   2000.0000 nm
Lower limit on log gf:  -5.000
Upper limit on log gf:   3.516
Lower limit on energy for lower level:        0.000 cm^-1
Upper limit on energy for lower level:   200000.000 cm^-1
Lower limit on energy for upper level:        0.000 cm^-1
Upper limit on energy for upper level:  1000000.000 cm^-1

Element list:

S I          ( = 16.00 )

Search program by Claas Heise (heise@fz.telekom.de), Jan 17, 1996
recompiled with great help from Tobias Ernst by Gerrit Kuehn, Nov 23, 2000
ported to FreeBSD by Gerrit Kuehn, Aug 30, 2002




