Number of lines in output :  559
--------------------------------------------------------------------------------------------------------
    Wl_vac      Wl_air    E_Photon   log_gf   A-Value   Elem. E_lower_lev.   J   E_upper_lev.   J   Ref.
     / nm        / nm       / eV               / 1/s   (Code)     / eV     lower     / eV     upper     
--------------------------------------------------------------------------------------------------------
   201.5575    201.4924    6.151370  -0.120 6.227e+08  14.01     9.505933   0.5    15.657657   0.5 KP   
   201.7306    201.6655    6.146088   0.190 6.346e+08  14.01     9.505933   0.5    15.652374   1.5 KP   
   204.8893    204.8236    6.051339  -1.780 4.395e+06  14.01     9.837384   1.5    15.889070   2.5 KP   
   204.9587    204.8930    6.049291  -1.630 4.653e+06  14.01     9.839432   2.5    15.889070   3.5 KP   
   204.9587    204.8930    6.049291  -2.930 3.109e+05  14.01     9.839432   2.5    15.889070   2.5 KP   
   205.8634    205.7975    6.022704  -2.400 1.566e+06  14.01     6.857948   1.5    12.880998   1.5 GUES 
   205.9305    205.8646    6.020742  -1.000 3.932e+07  14.01     6.859911   2.5    12.880998   1.5 GUES 
   205.9674    205.9015    6.019665  -1.000 7.861e+07  14.01     6.857948   1.5    12.877959   0.5 GUES 
   206.2865    206.2206    6.010349  -3.440 1.423e+05  14.01     8.121571   0.5    14.132265   1.5 KP   
   206.3490    206.2830    6.008534  -3.740 1.425e+05  14.01     8.121571   0.5    14.130450   0.5 KP   
   206.5570    206.4910    6.002482  -2.010 2.546e+06  14.01    13.487750   1.5    19.490577   2.5 KP   
   206.5779    206.5119    6.001875  -1.060 3.403e+07  14.01    13.487750   1.5    19.489969   1.5 KP   
   206.7358    206.6698    5.997287  -0.870 3.509e+07  14.01    13.492945   2.5    19.490577   2.5 KP   
   206.7568    206.6908    5.996680  -2.010 3.812e+06  14.01    13.492945   2.5    19.489969   1.5 KP   
   207.2676    207.2015    5.981902  -0.432 9.570e+07  14.01     6.857948   1.5    12.840193   2.5 BBCB 
   207.3356    207.2695    5.979939  -1.572 6.928e+06  14.01     6.859911   2.5    12.840193   2.5 BBCB 
   207.3361    207.2700    5.979923  -0.272 1.037e+08  14.01     6.859911   2.5    12.840177   3.5 BBCB 
   208.2249    208.1586    5.954401  -1.630 6.010e+06  14.01     9.837384   1.5    15.792126   2.5 KP   
   208.2965    208.2302    5.952353  -2.770 4.351e+05  14.01     9.839432   2.5    15.792126   2.5 KP   
   208.2965    208.2302    5.952353  -1.470 6.511e+06  14.01     9.839432   2.5    15.792126   3.5 KP   
   208.5495    208.4831    5.945133  -4.620 9.197e+03  14.01     9.505933   0.5    15.451407   1.5 KP   
   209.7630    209.6964    5.910738  -4.030 2.358e+04  14.01    10.415903   1.5    16.326981   2.5 KP   
   209.7670    209.7004    5.910628  -4.370 3.233e+04  14.01     9.505933   0.5    15.416900   0.5 KP   
   209.8198    209.7532    5.909140  -4.370 1.616e+04  14.01     9.505933   0.5    15.415412   1.5 KP   
   211.8334    211.7664    5.852968  -4.420 2.826e+04  14.01     9.837384   1.5    15.690688   0.5 KP   
   211.9956    211.9286    5.848490  -4.500 1.173e+04  14.01     9.839432   2.5    15.688258   1.5 KP   
   212.9185    212.8513    5.823140  -1.450 8.701e+06  14.01     9.837384   1.5    15.660858   2.5 KP   
   212.9934    212.9262    5.821092  -1.290 9.425e+06  14.01     9.839432   2.5    15.660858   3.5 KP   
   212.9934    212.9262    5.821092  -2.600 6.155e+05  14.01     9.839432   2.5    15.660858   2.5 KP   
   213.4686    213.4013    5.808135  -0.400 7.284e+07  14.01    13.492945   2.5    19.301414   3.5 GUES 
   213.7072    213.6398    5.801651   0.050 2.731e+08  14.01    13.487750   1.5    19.289733   2.5 KP   
   213.7241    213.6567    5.801192   0.200 2.893e+08  14.01    13.492945   2.5    19.294470   3.5 KP   
   213.8987    213.8313    5.796456  -1.100 1.930e+07  14.01    13.492945   2.5    19.289733   2.5 KP   
   218.8835    218.8151    5.664448  -4.760 1.210e+04  14.01     9.837384   1.5    15.502157   0.5 KP   
   218.9206    218.8521    5.663491  -4.680 7.269e+03  14.01     9.839432   2.5    15.503249   1.5 KP   
   219.8593    219.7906    5.639309  -1.240 1.323e+07  14.01     9.837384   1.5    15.477017   2.5 KP   
   219.9392    219.8705    5.637261  -2.390 9.362e+05  14.01     9.839432   2.5    15.477017   2.5 KP   
   219.9395    219.8708    5.637253  -1.090 1.401e+07  14.01     9.839432   2.5    15.477009   3.5 KP   
   222.5940    222.5248    5.570026  -0.570 9.058e+07  14.01     9.505933   0.5    15.076279   1.5 KP   
   223.3201    223.2507    5.551916  -0.850 9.446e+07  14.01     9.505933   0.5    15.058167   0.5 KP   
   228.3097    228.2392    5.430583  -4.800 5.070e+03  14.01     9.837384   1.5    15.268279   1.5 KP   
   228.3958    228.3253    5.428535  -3.850 4.515e+04  14.01     9.839432   2.5    15.268279   1.5 KP   
   228.5237    228.4532    5.425495  -4.480 2.115e+04  14.01     9.837384   1.5    15.263190   0.5 KP   
   230.8569    230.7859    5.370661  -0.990 2.134e+07  14.01     9.837384   1.5    15.208353   2.5 KP   
   230.9236    230.8526    5.369110  -1.770 5.310e+06  14.01    10.067122   0.5    15.436541   1.5 KP   
   230.9450    230.8740    5.368613  -2.130 1.545e+06  14.01     9.839432   2.5    15.208353   2.5 KP   
   230.9456    230.8746    5.368598  -0.830 2.312e+07  14.01     9.839432   2.5    15.208338   3.5 KP   
   231.2439    231.1728    5.361673  -2.470 1.057e+06  14.01    10.074559   1.5    15.436541   1.5 KP   
   231.2439    231.1728    5.361673  -1.520 6.278e+06  14.01    10.074559   1.5    15.436541   2.5 KP   
   231.3842    231.3131    5.358423  -2.780 1.034e+06  14.01    14.168089   1.5    19.526820   0.5 KP   
   231.5059    231.4347    5.355608  -3.180 2.056e+05  14.01    14.168089   1.5    19.524005   1.5 KP   
   231.7736    231.7024    5.349421  -4.310 1.014e+04  14.01    14.168089   1.5    19.517818   2.5 KP   
   231.8359    231.7647    5.347982  -2.580 8.160e+05  14.01    14.175716   2.5    19.524005   1.5 KP   
   232.0974    232.0261    5.341957  -2.280 3.249e+06  14.01    10.067122   0.5    15.409386   0.5 KP   
   232.1045    232.0332    5.341795  -3.050 1.839e+05  14.01    14.175716   2.5    19.517818   2.5 KP   
   232.4210    232.3496    5.334521  -1.980 6.465e+06  14.01    10.074559   1.5    15.409386   0.5 KP   
   232.5764    232.5050    5.330955  -2.380 8.567e+05  14.01    14.186557   3.5    19.517818   2.5 KP   
   232.6471    232.5757    5.329334  -4.440 5.593e+03  14.01    14.175716   2.5    19.505356   3.5 KP   
   233.1213    233.0498    5.318494  -3.140 1.111e+05  14.01    14.186557   3.5    19.505356   3.5 KP   
   233.5123    233.4407    5.309588  -4.740 1.113e+04  14.01     0.000000   0.5     5.309893   0.5 NBS  
   233.5321    233.4605    5.309140  -4.670 4.358e+03  14.01     0.035616   1.5     5.345060   2.5 NBS  
   233.7455    233.6739    5.304291  -2.190 9.853e+05  14.01    14.200761   4.5    19.505356   3.5 KP   
   234.4920    234.4202    5.287406  -4.880 3.998e+03  14.01     0.035616   1.5     5.323325   1.5 NBS  
   234.6952    234.6233    5.282829  -1.800 4.798e+06  14.01     9.505933   0.5    14.789065   1.5 GUES 
   235.0252    234.9533    5.275409  -0.400 4.807e+07  14.01    14.186557   3.5    19.462269   4.5 GUES 
   235.0891    235.0172    5.273975  -4.950 6.771e+03  14.01     0.035616   1.5     5.309893   0.5 NBS  
   235.3836    235.3116    5.267379   0.190 2.331e+08  14.01    14.175716   2.5    19.443397   3.5 KP   
   235.4212    235.3492    5.266536  -0.870 8.117e+07  14.01    10.390818   0.5    15.657657   0.5 KP   
   235.6576    235.5855    5.261254  -1.270 1.613e+07  14.01    10.390818   0.5    15.652374   1.5 KP   
   235.7025    235.6304    5.260251   0.420 2.632e+08  14.01    14.200761   4.5    19.461314   5.5 KP   
   235.7909    235.7188    5.258280   0.080 2.404e+08  14.01    14.168089   1.5    19.426671   2.5 KP   
   235.8690    235.7969    5.256539   0.320 2.505e+08  14.01    14.186557   3.5    19.443397   4.5 KP   
   235.8690    235.7969    5.256539  -0.610 3.679e+07  14.01    14.186557   3.5    19.443397   3.5 KP   
   236.0949    236.0227    5.251509  -0.400 5.955e+07  14.01    14.175716   2.5    19.427526   3.5 GUES 
   236.1334    236.0612    5.250653  -0.720 3.799e+07  14.01    14.175716   2.5    19.426671   2.5 KP   
   236.5081    236.4358    5.242335  -2.270 8.005e+05  14.01    14.200761   4.5    19.443397   3.5 KP   
   236.5081    236.4358    5.242335  -0.720 2.272e+07  14.01    14.200761   4.5    19.443397   4.5 KP   
   236.5479    236.4756    5.241452  -1.200 3.761e+07  14.01    10.415903   1.5    15.657657   0.5 KP   
   236.5833    236.5110    5.240669  -1.200 9.399e+06  14.01    14.186557   3.5    19.427526   3.5 GUES 
   236.6219    236.5496    5.239813  -2.150 1.406e+06  14.01    14.186557   3.5    19.426671   2.5 KP   
   236.6769    236.6046    5.238594  -1.000 2.977e+07  14.01     9.837384   1.5    15.076279   1.5 GUES 
   236.7695    236.6972    5.236546  -1.000 2.975e+07  14.01     9.839432   2.5    15.076279   1.5 GUES 
   236.7865    236.7142    5.236170  -0.510 9.191e+07  14.01    10.415903   1.5    15.652374   1.5 KP   
   237.4980    237.4255    5.220484  -1.000 5.913e+07  14.01     9.837384   1.5    15.058167   0.5 GUES 
   241.7335    241.6601    5.129012  -1.610 4.670e+06  14.01    14.168089   1.5    19.297396   2.5 KP   
   241.7944    241.7209    5.127723  -1.010 2.787e+07  14.01    14.168089   1.5    19.296107   1.5 KP   
   241.9038    241.8303    5.125403  -1.490 4.611e+06  14.01    14.175716   2.5    19.301414   3.5 KP   
   242.0935    242.0200    5.121386  -0.900 2.388e+07  14.01    14.175716   2.5    19.297396   2.5 KP   
   242.1545    242.0810    5.120097  -1.610 6.980e+06  14.01    14.175716   2.5    19.296107   1.5 KP   
   242.2456    242.1720    5.118171  -1.590 2.922e+06  14.01    14.186557   3.5    19.305022   4.5 KP   
   242.4165    242.3429    5.114563  -0.730 2.642e+07  14.01    14.186557   3.5    19.301414   3.5 KP   
   242.6070    242.5334    5.110546  -1.480 6.254e+06  14.01    14.186557   3.5    19.297396   2.5 KP   
   242.9197    242.8460    5.103967  -0.550 3.186e+07  14.01    14.200761   4.5    19.305022   4.5 KP   
   243.0916    243.0178    5.100359  -1.590 3.627e+06  14.01    14.200761   4.5    19.301414   3.5 KP   
   244.0683    243.9943    5.079949  -1.490 9.058e+06  14.01    10.067122   0.5    15.147363   1.5 KP   
   244.4258    244.3517    5.072520  -1.240 1.071e+07  14.01    10.074559   1.5    15.147370   2.5 KP   
   244.4262    244.3521    5.072512  -2.190 1.802e+06  14.01    10.074559   1.5    15.147363   1.5 KP   
   246.1658    246.0913    5.036665  -2.040 5.019e+06  14.01    10.067122   0.5    15.104077   0.5 KP   
   246.5297    246.4552    5.029229  -1.740 9.985e+06  14.01    10.074559   1.5    15.104077   0.5 KP   
   250.1699    250.0945    4.956050  -0.670 3.798e+07  14.01     9.837384   1.5    14.793719   2.5 NBS  
   250.2733    250.1979    4.954002  -1.810 2.749e+06  14.01     9.839432   2.5    14.793719   2.5 NBS  
   250.2742    250.1988    4.953983  -0.510 4.113e+07  14.01     9.839432   2.5    14.793700   3.5 NBS  
   250.4049    250.3295    4.951397  -3.490 8.606e+04  14.01     9.837384   1.5    14.789065   1.5 KP   
   250.5086    250.4331    4.949349  -2.540 7.663e+05  14.01     9.839432   2.5    14.789065   1.5 KP   
   250.5844    250.5089    4.947852  -2.760 9.230e+05  14.01     9.837384   1.5    14.785520   0.5 KP   
   254.2154    254.1391    4.877181  -0.900 3.248e+07  14.01    10.390818   0.5    15.268279   1.5 GUES 
   254.4809    254.4045    4.872092  -0.700 1.028e+08  14.01    10.390818   0.5    15.263190   0.5 GUES 
   255.5296    255.4530    4.852097  -0.200 1.611e+08  14.01    10.415903   1.5    15.268279   1.5 GUES 
   255.7979    255.7212    4.847009  -1.200 3.216e+07  14.01    10.415903   1.5    15.263190   0.5 GUES 
   260.5199    260.4421    4.759154  -2.730 4.575e+05  14.01     8.121571   0.5    12.880998   1.5 KP   
   260.6864    260.6085    4.756115  -3.030 4.580e+05  14.01     8.121571   0.5    12.877959   0.5 KP   
   262.1685    262.0903    4.729227  -4.180 1.603e+04  14.01     5.345060   2.5    10.074559   1.5 NBS  
   264.6326    264.5538    4.685192  -1.240 1.370e+07  14.01    10.390818   0.5    15.076279   1.5 KP   
   265.6595    265.5805    4.667081  -0.970 5.063e+07  14.01    10.390818   0.5    15.058167   0.5 KP   
   266.0570    265.9779    4.660108  -0.560 6.488e+07  14.01    10.415903   1.5    15.076279   1.5 KP   
   267.0950    267.0156    4.641998  -1.270 2.511e+07  14.01    10.415903   1.5    15.058167   0.5 KP   
   267.8702    267.7906    4.628565  -1.130 1.723e+07  14.01    10.067122   0.5    14.695953   1.5 KP   
   268.3008    268.2211    4.621137  -0.880 2.036e+07  14.01    10.074559   1.5    14.695962   2.5 KP   
   268.3013    268.2216    4.621128  -1.830 3.426e+06  14.01    10.074559   1.5    14.695953   1.5 KP   
   272.3055    272.2249    4.553174  -1.750 7.998e+06  14.01    10.067122   0.5    14.620558   0.5 NBS  
   272.7509    272.6702    4.545738  -1.450 1.591e+07  14.01    10.074559   1.5    14.620558   0.5 NBS  
   281.9136    281.8306    4.397994  -1.800 3.325e+06  14.01    10.390818   0.5    14.789065   1.5 GUES 
   282.1410    282.0580    4.394449  -1.800 6.640e+06  14.01    10.390818   0.5    14.785520   0.5 GUES 
   283.5307    283.4473    4.372911  -1.600 5.210e+06  14.01    10.415903   1.5    14.789065   1.5 GUES 
   283.7607    283.6773    4.369366  -2.000 4.142e+06  14.01    10.415903   1.5    14.785520   0.5 GUES 
   285.2289    285.1451    4.346875  -3.000 1.025e+05  14.01     9.839432   2.5    14.186557   3.5 GUES 
   285.8069    285.7230    4.338083  -3.400 5.418e+04  14.01     9.837384   1.5    14.175716   2.5 GUES 
   285.9420    285.8580    4.336035  -3.400 5.413e+04  14.01     9.839432   2.5    14.175716   2.5 GUES 
   288.6984    288.6138    4.294635  -3.380 8.340e+04  14.01     9.837384   1.5    14.132265   1.5 KP   
   288.8205    288.7358    4.292820  -2.680 8.353e+05  14.01     9.837384   1.5    14.130450   0.5 KP   
   288.8362    288.7515    4.292587  -2.430 7.426e+05  14.01     9.839432   2.5    14.132265   1.5 KP   
   290.5134    290.4283    4.267804  -0.300 6.601e+07  14.01     9.837384   1.5    14.105433   2.5 NBS  
   290.6529    290.5678    4.265756  -1.440 4.778e+06  14.01     9.839432   2.5    14.105433   2.5 NBS  
   290.6543    290.5692    4.265735  -0.140 7.150e+07  14.01     9.839432   2.5    14.105412   3.5 NBS  
   301.5818    301.4940    4.111171  -1.270 1.969e+07  14.01    15.415412   1.5    19.526820   0.5 KP   
   301.6910    301.6031    4.109683  -1.270 1.968e+07  14.01    15.416900   0.5    19.526820   0.5 KP   
   301.7119    301.6240    4.109398  -1.130 1.358e+07  14.01    15.414371   2.5    19.524005   1.5 KP   
   301.7884    301.7005    4.108357  -1.070 1.558e+07  14.01    15.415412   1.5    19.524005   1.5 KP   
   301.8977    301.8098    4.106869  -1.270 9.825e+06  14.01    15.416900   0.5    19.524005   1.5 KP   
   302.1669    302.0789    4.103211  -0.730 2.267e+07  14.01    15.414371   2.5    19.517818   2.5 KP   
   302.2436    302.1556    4.102170  -1.120 9.231e+06  14.01    15.415412   1.5    19.517818   2.5 KP   
   303.0872    302.9990    4.090751  -1.200 5.727e+06  14.01    15.414371   2.5    19.505356   3.5 KP   
   303.3824    303.2941    4.086771  -1.200 7.621e+06  14.01    15.430812   3.5    19.517818   2.5 KP   
   304.0095    303.9211    4.078340  -1.230 1.062e+07  14.01    15.445431   2.5    19.524005   1.5 KP   
   304.2454    304.1569    4.075178  -1.010 3.521e+07  14.01    15.451407   1.5    19.526820   0.5 KP   
   304.3102    304.2217    4.074310  -0.410 3.503e+07  14.01    15.430812   3.5    19.505356   3.5 KP   
   304.4558    304.3672    4.072364  -0.200 1.135e+08  14.01    15.451407   1.5    19.524005   1.5 KP   
   304.4613    304.3727    4.072289  -0.310 1.762e+08  14.01    15.454296   0.5    19.526820   0.5 KP   
   304.4715    304.3829    4.072153  -0.270 6.440e+07  14.01    15.445431   2.5    19.517818   2.5 KP   
   304.6718    304.5832    4.069475  -0.310 8.798e+07  14.01    15.454296   0.5    19.524005   1.5 KP   
   304.9190    304.8303    4.066177   0.100 1.505e+08  14.01    15.451407   1.5    19.517818   2.5 KP   
   305.4060    305.3172    4.059692   0.390 2.194e+08  14.01    15.445431   2.5    19.505356   3.5 KP   
   311.3970    311.3067    3.981588  -4.120 1.304e+04  14.01     9.505933   0.5    13.487750   1.5 KP   
   312.6082    312.5176    3.966160  -2.000 8.532e+05  14.01    15.477009   3.5    19.443397   3.5 GUES 
   312.9655    312.8748    3.961632  -1.800 1.799e+06  14.01    13.492945   2.5    17.454805   2.5 GUES 
   313.9327    313.8418    3.949427  -1.600 2.833e+06  14.01    15.477017   2.5    19.426671   2.5 GUES 
   315.0082    314.9170    3.935944  -0.800 1.065e+07  14.01    16.387141   3.5    20.323311   4.5 GUES 
   317.1323    317.0406    3.909581  -2.000 3.316e+06  14.01    15.058167   0.5    18.967973   0.5 GUES 
   318.6082    318.5161    3.891470  -1.000 3.285e+07  14.01    15.076279   1.5    18.967973   0.5 GUES 
   318.9894    318.8972    3.886820   0.430 2.205e+08  14.01    15.414371   2.5    19.301414   3.5 KP   
   319.3195    319.2272    3.882802  -0.240 6.274e+07  14.01    15.414371   2.5    19.297396   2.5 KP   
   319.4051    319.3128    3.881761   0.250 1.938e+08  14.01    15.415412   1.5    19.297396   2.5 KP   
   319.4255    319.3332    3.881513  -1.500 5.168e+06  14.01    15.414371   2.5    19.296107   1.5 KP   
   319.5112    319.4189    3.880472  -0.350 7.296e+07  14.01    15.415412   1.5    19.296107   1.5 KP   
   319.5603    319.4679    3.879876  -0.400 3.250e+07  14.01    15.414371   2.5    19.294470   3.5 GUES 
   319.6339    319.5415    3.878984   0.040 1.790e+08  14.01    15.416900   0.5    19.296107   1.5 KP   
   320.0461    319.9536    3.873987   0.600 2.592e+08  14.01    15.430812   3.5    19.305022   4.5 KP   
   320.3445    320.2519    3.870379  -0.340 3.714e+07  14.01    15.430812   3.5    19.301414   3.5 KP   
   320.4798    320.3872    3.868745  -0.620 3.895e+07  14.01    10.067122   0.5    13.936089   1.5 NBS  
   320.6772    320.5846    3.866362  -1.640 2.476e+06  14.01    15.430812   3.5    19.297396   2.5 KP   
   320.9201    320.8274    3.863436  -1.300 4.057e+06  14.01    15.430812   3.5    19.294470   3.5 GUES 
   321.0953    321.0026    3.861328  -0.360 4.707e+07  14.01    10.074559   1.5    13.936109   2.5 NBS  
   321.0969    321.0042    3.861308  -1.320 7.741e+06  14.01    10.074559   1.5    13.936089   1.5 NBS  
   321.5590    321.4661    3.855761   0.000 8.063e+07  14.01    15.445431   2.5    19.301414   3.5 GUES 
   321.8942    321.8013    3.851744  -0.500 3.393e+07  14.01    15.445431   2.5    19.297396   2.5 GUES 
   322.1390    322.0460    3.848818  -0.600 2.018e+07  14.01    15.445431   2.5    19.294470   3.5 GUES 
   322.3945    322.3014    3.845768  -0.300 5.360e+07  14.01    15.451407   1.5    19.297396   2.5 GUES 
   322.5026    322.4095    3.844479  -1.600 4.027e+06  14.01    15.451407   1.5    19.296107   1.5 GUES 
   323.0485    322.9553    3.837982   0.320 2.226e+08  14.01    15.652374   1.5    19.490577   2.5 KP   
   323.0996    323.0064    3.837374  -0.630 3.744e+07  14.01    15.652374   1.5    19.489969   1.5 KP   
   323.5451    323.4517    3.832092   0.060 1.829e+08  14.01    15.657657   0.5    19.489969   1.5 KP   
   323.6827    323.5893    3.830462  -1.000 7.958e+06  14.01    12.526268   2.5    16.356950   3.5 GUES 
   333.4098    333.3139    3.718710  -1.290 1.539e+07  14.01    10.067122   0.5    13.786046   0.5 NBS  
   334.0778    333.9818    3.711274  -0.990 3.058e+07  14.01    10.074559   1.5    13.786046   0.5 NBS  
   347.3313    347.2319    3.569659  -1.000 1.382e+07  14.01    12.880998   1.5    16.450862   1.5 GUES 
   348.0517    347.9521    3.562270  -1.000 2.753e+07  14.01    12.877959   0.5    16.440434   0.5 GUES 
   349.9770    349.8769    3.542674  -2.930 3.199e+05  14.01    12.147810   0.5    15.690688   0.5 KP   
   350.2172    350.1170    3.540244  -2.770 2.309e+05  14.01    12.147810   0.5    15.688258   1.5 KP   
   368.7003    368.5954    3.362770  -1.370 3.488e+06  14.01    12.526107   1.5    15.889070   2.5 KP   
   368.7179    368.6130    3.362609  -1.210 3.781e+06  14.01    12.526268   2.5    15.889070   3.5 KP   
   368.7179    368.6130    3.362609  -2.510 2.527e+05  14.01    12.526268   2.5    15.889070   2.5 KP   
   369.5271    369.4220    3.355246  -3.340 5.582e+04  14.01    12.147810   0.5    15.503249   1.5 KP   
   369.6474    369.5422    3.354155  -3.770 4.145e+04  14.01    12.147810   0.5    15.502157   0.5 KP   
   379.6443    379.5365    3.265832  -1.210 4.756e+06  14.01    12.526107   1.5    15.792126   2.5 KP   
   379.6630    379.5552    3.265671  -2.360 3.366e+05  14.01    12.526268   2.5    15.792126   2.5 KP   
   379.6630    379.5552    3.265671  -1.060 5.038e+06  14.01    12.526268   2.5    15.792126   3.5 KP   
   385.4758    385.3665    3.216427  -1.517 3.412e+06  14.01     6.857948   1.5    10.074559   1.5 BBCB 
   385.7111    385.6018    3.214464  -0.557 3.108e+07  14.01     6.859911   2.5    10.074559   1.5 BBCB 
   386.3690    386.2595    3.208990  -0.817 3.405e+07  14.01     6.857948   1.5    10.067122   0.5 BBCB 
   391.8134    391.7025    3.164400  -2.980 2.275e+05  14.01    12.526107   1.5    15.690688   0.5 KP   
   391.9356    391.8246    3.163414  -3.130 5.365e+04  14.01    16.326981   2.5    19.490577   2.5 KP   
   392.0108    391.8998    3.162807  -1.990 1.110e+06  14.01    16.326981   2.5    19.489969   1.5 KP   
   392.1146    392.0036    3.161970  -3.770 1.842e+04  14.01    12.526107   1.5    15.688258   1.5 KP   
   392.1345    392.0235    3.161808  -2.810 1.680e+05  14.01    12.526268   2.5    15.688258   1.5 KP   
   395.5419    395.4300    3.134571  -1.040 6.480e+06  14.01    12.526107   1.5    15.660858   2.5 KP   
   395.5623    395.4504    3.134410  -0.880 7.024e+06  14.01    12.526268   2.5    15.660858   3.5 KP   
   395.5623    395.4504    3.134410  -2.180 4.694e+05  14.01    12.526268   2.5    15.660858   2.5 KP   
   395.6838    395.5719    3.133447  -1.500 2.245e+06  14.01    16.356950   3.5    19.490577   2.5 GUES 
   397.3524    397.2400    3.120289  -2.110 8.198e+05  14.01    12.147810   0.5    15.268279   1.5 KP   
   397.8690    397.7565    3.116238   0.000 5.267e+07  14.01    16.326981   2.5    19.443397   3.5 GUES 
   398.0014    397.8889    3.115201  -2.540 6.072e+05  14.01    12.147810   0.5    15.263190   0.5 KP   
   399.2909    399.1780    3.105141   0.800 2.640e+08  14.01    16.356950   3.5    19.462269   4.5 GUES 
   399.9056    399.7926    3.100368   0.670 2.438e+08  14.01    16.326981   2.5    19.427526   3.5 KP   
   400.3724    400.2592    3.096753  -0.610 2.554e+07  14.01    10.390818   0.5    13.487750   1.5 KP   
   401.7323    401.6188    3.086270   0.300 8.246e+07  14.01    16.356950   3.5    19.443397   4.5 GUES 
   402.9603    402.8465    3.076865  -0.360 2.988e+07  14.01    10.415903   1.5    13.492945   2.5 KP   
   403.6418    403.5278    3.071670  -1.300 5.129e+06  14.01    10.415903   1.5    13.487750   1.5 KP   
   405.8134    405.6988    3.055233  -2.760 8.798e+04  14.01    12.840177   3.5    15.895586   3.5 KP   
   405.8134    405.6988    3.055233  -1.220 2.440e+06  14.01    12.840177   3.5    15.895586   4.5 KP   
   405.8155    405.7009    3.055217  -1.330 2.368e+06  14.01    12.840193   2.5    15.895586   3.5 KP   
   407.3859    407.2709    3.043440  -2.367 4.316e+05  14.01     9.837384   1.5    12.880998   1.5 SG   
   407.6603    407.5452    3.041391  -1.403 3.967e+06  14.01     9.839432   2.5    12.880998   1.5 SG   
   407.7931    407.6780    3.040401  -1.668 4.307e+06  14.01     9.837384   1.5    12.877959   0.5 SG   
   412.9218    412.8054    3.002637   0.316 1.350e+08  14.01     9.837384   1.5    12.840193   2.5 BBCB 
   413.2037    413.0872    3.000589  -0.824 9.764e+06  14.01     9.839432   2.5    12.840193   2.5 BBCB 
   413.2059    413.0894    3.000573   0.476 1.461e+08  14.01     9.839432   2.5    12.840177   3.5 BBCB 
   416.4819    416.3645    2.976971  -4.030 8.972e+03  14.01    12.526107   1.5    15.503249   1.5 KP   
   416.5044    416.3870    2.976810  -3.070 8.181e+04  14.01    12.526268   2.5    15.503249   1.5 KP   
   416.6345    416.5171    2.975880  -3.390 7.827e+04  14.01    12.526107   1.5    15.502157   0.5 KP   
   417.8366    417.7189    2.967319  -1.690 9.750e+05  14.01    16.326981   2.5    19.294470   3.5 KP   
   418.4538    418.3359    2.962942  -1.000 9.523e+06  14.01    13.487750   1.5    16.450862   1.5 GUES 
   418.5046    418.3867    2.962582  -0.390 2.586e+07  14.01    16.326981   2.5    19.289733   2.5 KP   
   418.8308    418.7128    2.960275  -1.050 3.389e+06  14.01    12.840177   3.5    15.800622   4.5 KP   
   418.8308    418.7128    2.960275  -2.590 1.222e+05  14.01    12.840177   3.5    15.800622   3.5 KP   
   418.8331    418.7151    2.960259  -1.160 3.288e+06  14.01    12.840193   2.5    15.800622   3.5 KP   
   419.1888    419.0707    2.957747   0.000 9.490e+07  14.01    13.492945   2.5    16.450862   1.5 GUES 
   419.9317    419.8134    2.952515  -0.300 9.478e+07  14.01    13.487750   1.5    16.440434   0.5 GUES 
   420.1842    420.0658    2.950741  -0.820 9.530e+06  14.01    12.526107   1.5    15.477017   2.5 KP   
   420.2071    420.0887    2.950579  -1.970 6.746e+05  14.01    12.526268   2.5    15.477017   2.5 KP   
   420.2082    420.0898    2.950572  -0.670 1.010e+07  14.01    12.526268   2.5    15.477009   3.5 KP   
   423.4041    423.2849    2.928301  -1.000 9.302e+06  14.01    12.147810   0.5    15.076279   1.5 GUES 
   426.0390    425.9191    2.910190  -1.300 9.209e+06  14.01    12.147810   0.5    15.058167   0.5 GUES 
   437.8199    437.6969    2.831882  -2.390 1.772e+05  14.01    12.840177   3.5    15.672222   3.5 KP   
   437.8199    437.6969    2.831882  -0.840 5.030e+06  14.01    12.840177   3.5    15.672222   4.5 KP   
   437.8224    437.6994    2.831866  -0.960 4.769e+06  14.01    12.840193   2.5    15.672222   3.5 KP   
   452.1691    452.0423    2.742015  -3.230 4.802e+04  14.01    12.526107   1.5    15.268279   1.5 KP   
   452.1957    452.0689    2.741854  -2.270 4.379e+05  14.01    12.526268   2.5    15.268279   1.5 KP   
   453.0098    452.8828    2.736927  -2.620 3.898e+05  14.01    12.526107   1.5    15.263190   0.5 KP   
   462.2712    462.1418    2.682093  -0.540 1.500e+07  14.01    12.526107   1.5    15.208353   2.5 NBS  
   462.2990    462.1696    2.681932  -1.680 1.087e+06  14.01    12.526268   2.5    15.208353   2.5 NBS  
   462.3016    462.1722    2.681917  -0.380 1.626e+07  14.01    12.526268   2.5    15.208338   3.5 NBS  
   467.4564    467.3256    2.652342  -2.140 2.764e+05  14.01    12.840177   3.5    15.492672   3.5 KP   
   467.4564    467.3256    2.652342  -0.600 7.667e+06  14.01    12.840177   3.5    15.492672   4.5 KP   
   467.4592    467.3284    2.652326  -0.710 7.440e+06  14.01    12.840193   2.5    15.492672   3.5 KP   
   469.4456    469.3143    2.641103  -2.250 4.255e+05  14.01    12.147810   0.5    14.789065   1.5 KP   
   470.0766    469.9451    2.637558  -2.460 5.233e+05  14.01    12.147810   0.5    14.785520   0.5 KP   
   477.5625    477.4290    2.596214  -2.110 3.784e+05  14.01    12.840177   3.5    15.436541   2.5 KP   
   477.5654    477.4319    2.596198  -3.410 1.896e+04  14.01    12.840193   2.5    15.436541   2.5 KP   
   477.5654    477.4319    2.596198  -2.260 4.018e+05  14.01    12.840193   2.5    15.436541   1.5 KP   
   477.7531    477.6196    2.595178  -1.500 1.540e+06  14.01    16.387141   3.5    18.982467   2.5 GUES 
   478.4231    478.2894    2.591544  -1.500 4.608e+06  14.01    16.440434   0.5    19.032126   0.5 GUES 
   479.3565    479.2225    2.586497  -1.200 4.579e+06  14.01    16.450862   1.5    19.037508   1.5 GUES 
   484.3389    484.2036    2.559890  -1.600 1.786e+06  14.01    16.340347   0.5    18.900384   1.5 GUES 
   484.6145    484.4791    2.558435  -1.340 3.245e+06  14.01    12.877959   0.5    15.436541   1.5 KP   
   484.6558    484.5204    2.558216  -1.500 4.490e+06  14.01    16.340347   0.5    18.898710   0.5 GUES 
   485.1908    485.0553    2.555396  -1.090 3.838e+06  14.01    12.880998   1.5    15.436541   2.5 KP   
   485.1908    485.0553    2.555396  -2.040 6.460e+05  14.01    12.880998   1.5    15.436541   1.5 KP   
   485.4635    485.3279    2.553960  -1.600 1.185e+06  14.01    16.349898   1.5    18.904005   2.5 GUES 
   486.1527    486.0169    2.550340  -3.000 7.055e+04  14.01    16.349898   1.5    18.900384   1.5 GUES 
   486.2432    486.1074    2.549865  -0.800 1.118e+07  14.01    12.526268   2.5    15.076279   1.5 GUES 
   488.4542    488.3178    2.538323  -0.700 9.297e+06  14.01    16.365536   2.5    18.904005   2.5 GUES 
   489.1519    489.0153    2.534703  -2.000 6.969e+05  14.01    16.365536   2.5    18.900384   1.5 GUES 
   489.6903    489.5536    2.531915  -2.500 4.398e+05  14.01    12.526107   1.5    15.058167   0.5 GUES 
   489.8128    489.6761    2.531282  -1.900 1.750e+06  14.01    12.877959   0.5    15.409386   0.5 NBS  
   490.4016    490.2647    2.528243  -1.600 3.483e+06  14.01    12.880998   1.5    15.409386   0.5 NBS  
   490.8407    490.7037    2.525981  -0.600 8.693e+06  14.01    16.387141   3.5    18.913267   3.5 GUES 
   490.9517    490.8147    2.525410  -1.300 1.734e+06  14.01    16.775859   2.5    19.301414   3.5 GUES 
   493.3837    493.2460    2.512962  -0.600 1.147e+07  14.01    16.776627   1.5    19.289733   2.5 GUES 
   504.2430    504.1024    2.458843   0.291 1.282e+08  14.01    10.067122   0.5    12.526107   1.5 SG   
   505.7394    505.5984    2.451568   0.593 1.703e+08  14.01    10.074559   1.5    12.526268   2.5 SG   
   505.7727    505.6317    2.451407  -0.359 2.852e+07  14.01    10.074559   1.5    12.526107   1.5 SG   
   511.4593    511.3168    2.424151  -3.520 1.283e+04  14.01    10.415903   1.5    12.840193   2.5 NBS  
   518.3334    518.1891    2.392001   0.000 6.207e+07  14.01    16.340347   0.5    18.732486   1.5 GUES 
   518.6676    518.5232    2.390460   0.100 5.202e+07  14.01    16.349898   1.5    18.740496   2.5 GUES 
   518.6964    518.5520    2.390328  -1.820 4.690e+05  14.01    12.840177   3.5    15.230642   3.5 KP   
   518.6964    518.5520    2.390328  -0.270 1.331e+07  14.01    12.840177   3.5    15.230642   4.5 KP   
   518.6999    518.5555    2.390312  -0.390 1.262e+07  14.01    12.840193   2.5    15.230642   3.5 KP   
   519.4306    519.2860    2.386949   0.400 7.762e+07  14.01    16.365536   2.5    18.752622   3.5 GUES 
   520.4113    520.2664    2.382451   0.000 6.157e+07  14.01    16.349898   1.5    18.732486   1.5 GUES 
   520.4130    520.2681    2.382443   0.700 1.234e+08  14.01    16.387141   3.5    18.769721   4.5 GUES 
   521.7192    521.5740    2.376479  -1.900 7.712e+05  14.01    16.617099   0.5    18.993714   1.5 GUES 
   522.0760    521.9307    2.374854  -1.900 1.540e+06  14.01    16.624799   1.5    18.999789   0.5 GUES 
   522.0828    521.9375    2.374823  -0.900 5.134e+06  14.01    16.365536   2.5    18.740496   2.5 GUES 
   523.4150    523.2693    2.368779  -2.000 6.087e+05  14.01    16.624799   1.5    18.993714   1.5 GUES 
   524.1747    524.0288    2.365346  -1.200 1.915e+06  14.01    16.387141   3.5    18.752622   3.5 GUES 
   525.9116    525.7653    2.357534  -1.500 1.271e+06  14.01    16.624799   1.5    18.982467   2.5 GUES 
   527.1296    526.9829    2.352087  -1.500 1.898e+06  14.01    16.641492   2.5    18.993714   1.5 GUES 
   529.6618    529.5145    2.340841  -0.600 9.954e+06  14.01    16.641492   2.5    18.982467   2.5 GUES 
   535.6344    535.4855    2.314740  -1.200 2.445e+06  14.01    16.365536   2.5    18.680409   2.5 GUES 
   537.4174    537.2680    2.307060  -1.780 6.388e+05  14.01    12.840177   3.5    15.147370   2.5 KP   
   537.4212    537.2718    2.307044  -3.080 3.201e+04  14.01    12.840193   2.5    15.147370   2.5 KP   
   537.4229    537.2735    2.307037  -1.930 6.783e+05  14.01    12.840193   2.5    15.147363   1.5 KP   
   538.1966    538.0470    2.303720  -1.200 3.632e+06  14.01    16.349898   1.5    18.653751   1.5 GUES 
   539.4646    539.3146    2.298306  -1.500 3.624e+06  14.01    16.340347   0.5    18.638785   0.5 GUES 
   540.6806    540.5303    2.293137   0.100 4.787e+07  14.01    16.387141   3.5    18.680409   2.5 GUES 
   541.7157    541.5651    2.288755  -1.200 7.171e+06  14.01    16.349898   1.5    18.638785   0.5 GUES 
   541.8747    541.7241    2.288083  -0.800 9.001e+06  14.01    16.365536   2.5    18.653751   1.5 GUES 
   543.0444    542.8935    2.283155  -0.800 8.962e+06  14.01    16.617099   0.5    18.900384   1.5 GUES 
   543.4428    543.2918    2.281481  -0.800 1.790e+07  14.01    16.617099   0.5    18.898710   0.5 GUES 
   544.0164    543.8652    2.279076   0.100 4.729e+07  14.01    16.624799   1.5    18.904005   2.5 GUES 
   544.8819    544.7305    2.275455  -0.600 1.411e+07  14.01    16.624799   1.5    18.900384   1.5 GUES 
   545.2830    545.1315    2.273781  -2.000 1.122e+06  14.01    16.624799   1.5    18.898710   0.5 GUES 
   545.6127    545.4611    2.272408  -0.800 1.776e+07  14.01    16.727251   1.5    18.999789   0.5 GUES 
   545.7958    545.6442    2.271645   0.100 3.524e+07  14.01    16.641492   2.5    18.913267   3.5 GUES 
   546.3663    546.2145    2.269273  -1.000 5.586e+06  14.01    12.877959   0.5    15.147363   1.5 KP   
   546.7980    546.6461    2.267482  -0.200 2.346e+07  14.01    12.526107   1.5    14.793719   2.5 NBS  
   546.8368    546.6849    2.267321  -1.340 1.699e+06  14.01    12.526268   2.5    14.793719   2.5 NBS  
   546.8413    546.6894    2.267302  -0.040 2.543e+07  14.01    12.526268   2.5    14.793700   3.5 NBS  
   547.0753    546.9233    2.266332   0.100 7.014e+07  14.01    16.727251   1.5    18.993714   1.5 GUES 
   547.0971    546.9451    2.266242  -0.750 6.605e+06  14.01    12.880998   1.5    15.147370   2.5 KP   
   547.0989    546.9469    2.266234  -1.700 1.112e+06  14.01    12.880998   1.5    15.147363   1.5 KP   
   547.9224    547.7702    2.262829  -3.680 1.160e+04  14.01    12.526107   1.5    14.789065   1.5 KP   
   547.9614    547.8092    2.262667  -2.730 1.034e+05  14.01    12.526268   2.5    14.789065   1.5 KP   
   548.0302    547.8780    2.262383  -1.200 2.335e+06  14.01    16.641492   2.5    18.904005   2.5 GUES 
   548.7820    548.6296    2.259284  -2.870 1.494e+05  14.01    12.526107   1.5    14.785520   0.5 KP   
   549.8034    549.6507    2.255087   0.400 9.238e+07  14.01    16.727251   1.5    18.982467   2.5 GUES 
   554.2346    554.0807    2.237057   0.000 5.428e+07  14.01    14.490066   0.5    16.727251   1.5 GUES 
   556.9901    556.8355    2.225990  -1.560 2.961e+06  14.01    12.877959   0.5    15.104077   0.5 NBS  
   557.7515    557.5967    2.222951  -1.260 5.891e+06  14.01    12.880998   1.5    15.104077   0.5 NBS  
   557.8210    557.6661    2.222675   0.200 8.493e+07  14.01    14.504449   1.5    16.727251   1.5 GUES 
   560.6908    560.5352    2.211298  -1.500 8.387e+05  14.01    14.175716   2.5    16.387141   3.5 GUES 
   563.4530    563.2966    2.200458   0.000 2.626e+07  14.01    14.186557   3.5    16.387141   3.5 GUES 
   564.1042    563.9477    2.197917   0.200 8.305e+07  14.01    14.529208   2.5    16.727251   1.5 GUES 
   564.2574    564.1008    2.197321  -1.700 6.967e+05  14.01    14.168089   1.5    16.365536   2.5 GUES 
   566.2226    566.0655    2.189694   0.200 5.495e+07  14.01    14.175716   2.5    16.365536   2.5 GUES 
   567.1136    566.9563    2.186254   0.900 2.059e+08  14.01    14.200761   4.5    16.387141   3.5 GUES 
   568.3017    568.1440    2.181684  -0.600 1.297e+07  14.01    14.168089   1.5    16.349898   1.5 GUES 
   569.0395    568.8817    2.178854   0.400 8.624e+07  14.01    14.186557   3.5    16.365536   2.5 GUES 
   570.2952    570.1370    2.174057   0.300 1.023e+08  14.01    14.175716   2.5    16.349898   1.5 GUES 
   570.8003    570.6420    2.172133   0.000 1.024e+08  14.01    14.168089   1.5    16.340347   0.5 GUES 
   578.7338    578.5734    2.142357  -0.500 1.574e+07  14.01    16.440434   0.5    18.582914   1.5 GUES 
   579.6497    579.4890    2.138972  -0.500 1.046e+07  14.01    16.450862   1.5    18.589957   2.5 GUES 
   580.2062    580.0454    2.136920   0.200 5.234e+07  14.01    14.504449   1.5    16.641492   2.5 GUES 
   580.8341    580.6731    2.134610   0.300 9.862e+07  14.01    14.490066   0.5    16.624799   1.5 GUES 
   581.5644    581.4032    2.131930  -2.000 4.930e+05  14.01    16.450862   1.5    18.582914   1.5 GUES 
   582.9368    582.7752    2.126911  -0.500 3.104e+07  14.01    14.490066   0.5    16.617099   0.5 GUES 
   584.7742    584.6121    2.120228  -0.300 2.444e+07  14.01    14.504449   1.5    16.624799   1.5 GUES 
   586.9054    586.7428    2.112528  -1.000 9.682e+06  14.01    14.504449   1.5    16.617099   0.5 GUES 
   587.0071    586.8444    2.112163   0.400 8.104e+07  14.01    14.529208   2.5    16.641492   2.5 GUES 
   591.6831    591.5192    2.095470   0.100 5.996e+07  14.01    14.529208   2.5    16.624799   1.5 GUES 
   595.9209    595.7559    2.080569  -0.301 4.696e+07  14.01    10.067122   0.5    12.147810   0.5 SG   
   598.0586    597.8930    2.073132   0.004 9.410e+07  14.01    10.074559   1.5    12.147810   0.5 SG   
   603.1909    603.0239    2.055493  -1.200 1.928e+06  14.01    16.624799   1.5    18.680409   2.5 GUES 
   608.1293    607.9610    2.038800  -0.600 7.551e+06  14.01    16.641492   2.5    18.680409   2.5 GUES 
   608.8058    608.6373    2.036535  -0.900 5.664e+06  14.01    16.617099   0.5    18.653751   1.5 GUES 
   611.1162    610.9471    2.028836  -1.300 2.238e+06  14.01    16.624799   1.5    18.653751   1.5 GUES 
   613.3126    613.1429    2.021570  -1.300 4.444e+06  14.01    16.617099   0.5    18.638785   0.5 GUES 
   615.6574    615.4871    2.013871  -1.200 5.552e+06  14.01    16.624799   1.5    18.638785   0.5 GUES 
   616.1859    616.0154    2.012144  -1.200 2.771e+06  14.01    16.641492   2.5    18.653751   1.5 GUES 
   624.1340    623.9614    1.986520   0.190 2.652e+07  14.01    12.840177   3.5    14.826811   4.5 KP   
   624.1340    623.9614    1.986520  -1.360 9.343e+05  14.01    12.840177   3.5    14.826811   3.5 KP   
   624.1391    623.9665    1.986503   0.080 2.573e+07  14.01    12.840193   2.5    14.826811   3.5 KP   
   624.8192    624.6464    1.984341  -2.930 5.018e+04  14.01    12.147810   0.5    14.132265   1.5 KP   
   625.3912    625.2183    1.982526  -3.230 5.021e+04  14.01    12.147810   0.5    14.130450   0.5 KP   
   634.8864    634.7109    1.952876   0.297 8.197e+07  14.01     8.121571   0.5    10.074559   1.5 BBCB 
   634.8888    634.7133    1.952869  -1.200 1.740e+06  14.01    13.936089   1.5    15.889070   2.5 KP   
   634.8952    634.7197    1.952849  -2.350 1.232e+05  14.01    13.936109   2.5    15.889070   2.5 KP   
   634.8952    634.7197    1.952849  -1.050 1.843e+06  14.01    13.936109   2.5    15.889070   3.5 KP   
   637.3132    637.1371    1.945439  -0.003 8.154e+07  14.01     8.121571   0.5    10.067122   0.5 BBCB 
   651.0018    650.8220    1.904533  -2.570 2.118e+05  14.01    13.786046   0.5    15.690688   0.5 KP   
   651.8335    651.6535    1.902103  -2.390 1.599e+05  14.01    13.786046   0.5    15.688258   1.5 KP   
   666.2371    666.0532    1.860981  -0.100 1.989e+07  14.01    14.504449   1.5    16.365536   2.5 GUES 
   666.6866    666.5026    1.859726  -0.700 7.486e+06  14.01    14.490066   0.5    16.349898   1.5 GUES 
   667.3683    667.1841    1.857826   0.000 1.872e+07  14.01    14.529208   2.5    16.387141   3.5 GUES 
   668.0500    667.8656    1.855931  -1.040 2.272e+06  14.01    13.936089   1.5    15.792126   2.5 KP   
   668.0571    667.8727    1.855911  -2.180 1.646e+05  14.01    13.936109   2.5    15.792126   2.5 KP   
   668.0571    667.8727    1.855911  -0.880 2.463e+06  14.01    13.936109   2.5    15.792126   3.5 KP   
   668.1410    667.9566    1.855678  -1.260 1.368e+06  14.01    12.840177   3.5    14.695962   2.5 NBS  
   668.1468    667.9624    1.855662  -2.560 6.859e+04  14.01    12.840193   2.5    14.695962   2.5 NBS  
   668.1499    667.9655    1.855653  -1.420 1.420e+06  14.01    12.840193   2.5    14.695953   1.5 NBS  
   670.1281    669.9431    1.850175  -0.500 2.348e+07  14.01    14.490066   0.5    16.340347   0.5 GUES 
   671.8827    671.6973    1.845343  -0.100 2.934e+07  14.01    14.504449   1.5    16.349898   1.5 GUES 
   675.2199    675.0336    1.836223  -0.700 4.865e+06  14.01    14.529208   2.5    16.365536   2.5 GUES 
   675.3782    675.1918    1.835793  -1.200 4.613e+06  14.01    14.504449   1.5    16.340347   0.5 GUES 
   681.0194    680.8315    1.820586  -1.700 7.174e+05  14.01    14.529208   2.5    16.349898   1.5 GUES 
   682.0296    681.8414    1.817889  -0.530 1.058e+07  14.01    12.877959   0.5    14.695953   1.5 NBS  
   683.1684    682.9799    1.814859  -0.270 1.279e+07  14.01    12.880998   1.5    14.695962   2.5 NBS  
   683.1717    682.9832    1.814851  -1.230 2.104e+06  14.01    12.880998   1.5    14.695953   1.5 NBS  
   692.6287    692.4377    1.790071  -0.860 1.919e+06  14.01    14.105412   3.5    15.895586   4.5 KP   
   692.6287    692.4377    1.790071  -2.400 6.919e+04  14.01    14.105412   3.5    15.895586   3.5 KP   
   692.6368    692.4458    1.790050  -0.970 1.862e+06  14.01    14.105433   2.5    15.895586   3.5 KP   
   706.6718    706.4770    1.754498  -2.510 2.064e+05  14.01    13.936089   1.5    15.690688   0.5 KP   
   707.6520    707.4569    1.752068  -3.300 1.669e+04  14.01    13.936089   1.5    15.688258   1.5 KP   
   707.6600    707.4649    1.752048  -2.340 1.522e+05  14.01    13.936109   2.5    15.688258   1.5 KP   
   711.5382    711.3421    1.742499  -1.120 4.997e+06  14.01    12.877959   0.5    14.620558   0.5 NBS  
   712.7812    712.5848    1.739460  -0.820 9.935e+06  14.01    12.880998   1.5    14.620558   0.5 NBS  
   715.9093    715.7120    1.731860  -2.980 2.271e+04  14.01    14.157111   3.5    15.889070   2.5 KP   
   715.9093    715.7120    1.731860  -2.860 2.246e+04  14.01    14.157111   4.5    15.889070   3.5 KP   
   715.9093    715.7120    1.731860  -4.410 6.329e+02  14.01    14.157111   3.5    15.889070   3.5 KP   
   718.8938    718.6957    1.724670  -0.840 3.109e+06  14.01    13.936089   1.5    15.660858   2.5 KP   
   718.9021    718.7040    1.724650  -0.690 3.294e+06  14.01    13.936109   2.5    15.660858   3.5 KP   
   718.9021    718.7040    1.724650  -1.990 2.201e+05  14.01    13.936109   2.5    15.660858   2.5 KP   
   722.0612    721.8623    1.717104  -2.730 5.955e+04  14.01    13.786046   0.5    15.503249   1.5 KP   
   722.5204    722.3213    1.716013  -3.120 4.846e+04  14.01    13.786046   0.5    15.502157   0.5 KP   
   731.4289    731.2274    1.695113  -2.210 9.609e+04  14.01    14.105412   3.5    15.800622   3.5 KP   
   731.4289    731.2274    1.695113  -0.670 2.666e+06  14.01    14.105412   3.5    15.800622   4.5 KP   
   731.4380    731.2365    1.695092  -0.780 2.586e+06  14.01    14.105433   2.5    15.800622   3.5 KP   
   749.2388    749.0325    1.654819  -1.200 3.748e+06  14.01    14.785520   0.5    16.440434   0.5 GUES 
   758.3571    758.1484    1.634922  -4.200 9.147e+02  14.01    14.157111   3.5    15.792126   3.5 KP   
   758.3571    758.1484    1.634922  -2.660 3.172e+04  14.01    14.157111   4.5    15.792126   3.5 KP   
   758.3571    758.1484    1.634922  -2.770 3.283e+04  14.01    14.157111   3.5    15.792126   2.5 KP   
   772.0595    771.8471    1.605905  -4.210 1.725e+03  14.01    12.526268   2.5    14.132265   1.5 KP   
   772.8554    772.6428    1.604251  -4.470 1.892e+03  14.01    12.526107   1.5    14.130450   0.5 KP   
   785.0975    784.8816    1.579236   0.330 3.856e+07  14.01    12.526107   1.5    14.105433   2.5 NBS  
   785.1778    784.9618    1.579075  -0.810 2.793e+06  14.01    12.526268   2.5    14.105433   2.5 NBS  
   785.1882    784.9722    1.579054   0.490 4.179e+07  14.01    12.526268   2.5    14.105412   3.5 NBS  
   791.1931    790.9755    1.567069  -3.480 8.821e+03  14.01    13.936089   1.5    15.503249   1.5 KP   
   791.2031    790.9855    1.567049  -2.530 7.861e+04  14.01    13.936109   2.5    15.503249   1.5 KP   
   791.3696    791.1520    1.566720  -1.990 1.362e+05  14.01    14.105412   3.5    15.672222   3.5 KP   
   791.3696    791.1520    1.566720  -0.440 3.867e+06  14.01    14.105412   3.5    15.672222   4.5 KP   
   791.3802    791.1626    1.566699  -0.550 3.752e+06  14.01    14.105433   2.5    15.672222   3.5 KP   
   791.7443    791.5266    1.565978  -2.840 7.690e+04  14.01    13.936089   1.5    15.502157   0.5 KP   
   804.6619    804.4407    1.540839  -0.600 4.313e+06  14.01    13.936089   1.5    15.477017   2.5 KP   
   804.6722    804.4510    1.540819  -1.750 3.053e+05  14.01    13.936109   2.5    15.477017   2.5 KP   
   804.6761    804.4549    1.540812  -0.440 4.675e+06  14.01    13.936109   2.5    15.477009   3.5 KP   
   824.5573    824.3307    1.503661  -3.950 1.376e+03  14.01    14.157111   3.5    15.660858   3.5 KP   
   824.5573    824.3307    1.503661  -2.520 4.938e+04  14.01    14.157111   3.5    15.660858   2.5 KP   
   824.5573    824.3307    1.503661  -2.400 4.882e+04  14.01    14.157111   4.5    15.660858   3.5 KP   
   836.5253    836.2955    1.482148  -1.590 6.125e+05  14.01    13.786046   0.5    15.268279   1.5 KP   
   839.4071    839.1765    1.477060  -1.990 4.843e+05  14.01    13.786046   0.5    15.263190   0.5 KP   
   893.7948    893.5495    1.387180  -0.150 5.911e+06  14.01    14.105412   3.5    15.492672   4.5 KP   
   893.7948    893.5495    1.387180  -1.690 2.131e+05  14.01    14.105412   3.5    15.492672   3.5 KP   
   893.8084    893.5631    1.387159  -0.260 5.735e+06  14.01    14.105433   2.5    15.492672   3.5 KP   
   930.7425    930.4872    1.332113  -2.620 4.617e+04  14.01    13.936089   1.5    15.268279   1.5 KP   
   930.7564    930.5011    1.332093  -1.670 4.115e+05  14.01    13.936109   2.5    15.268279   1.5 KP   
   931.4846    931.2291    1.331052  -1.350 5.723e+05  14.01    14.105412   3.5    15.436541   2.5 KP   
   931.4994    931.2439    1.331031  -2.650 2.868e+04  14.01    14.105433   2.5    15.436541   2.5 KP   
   931.4994    931.2439    1.331031  -1.500 6.077e+05  14.01    14.105433   2.5    15.436541   1.5 KP   
   934.3114    934.0551    1.327025  -2.010 3.733e+05  14.01    13.936089   1.5    15.263190   0.5 KP   
   939.4047    939.1470    1.319830  -2.190 8.133e+04  14.01    14.157111   3.5    15.477017   2.5 KP   
   939.4100    939.1523    1.319823  -2.070 8.041e+04  14.01    14.157111   4.5    15.477009   3.5 KP   
   939.4100    939.1523    1.319823  -3.620 2.266e+03  14.01    14.157111   3.5    15.477009   3.5 KP   
   941.5247    941.2665    1.316858   0.980 7.186e+07  14.01    12.840177   3.5    14.157111   4.5 KP   
   941.5247    941.2665    1.316858  -0.560 2.590e+06  14.01    12.840177   3.5    14.157111   3.5 KP   
   941.5362    941.2780    1.316842   0.870 6.972e+07  14.01    12.840193   2.5    14.157111   3.5 KP   
   949.3413    949.0809    1.306016  -0.900 2.329e+06  14.01    14.130450   0.5    15.436541   1.5 KP   
   950.6625    950.4018    1.304200  -0.640 2.818e+06  14.01    14.132265   1.5    15.436541   2.5 KP   
   950.6625    950.4018    1.304200  -1.600 4.635e+05  14.01    14.132265   1.5    15.436541   1.5 KP   
   969.4976    969.2318    1.278863  -1.450 1.259e+06  14.01    14.130450   0.5    15.409386   0.5 KP   
   970.8757    970.6095    1.277048  -1.150 2.505e+06  14.01    14.132265   1.5    15.409386   0.5 KP   
   974.5819    974.3147    1.272191  -0.290 6.003e+06  14.01    13.936089   1.5    15.208353   2.5 KP   
   974.5971    974.3299    1.272171  -1.430 4.348e+05  14.01    13.936109   2.5    15.208353   2.5 KP   
   974.6085    974.3413    1.272156  -0.130 6.507e+06  14.01    13.936109   2.5    15.208338   3.5 KP   
  1039.2320   1038.9473    1.193049  -1.050 9.174e+05  14.01    14.695953   1.5    15.889070   2.5 KP   
  1039.2396   1038.9549    1.193040  -0.900 9.719e+05  14.01    14.695962   2.5    15.889070   3.5 KP   
  1039.2396   1038.9549    1.193040  -2.200 6.494e+04  14.01    14.695962   2.5    15.889070   2.5 KP   
  1101.9308   1101.6291    1.125165  -1.290 3.521e+05  14.01    14.105412   3.5    15.230642   3.5 KP   
  1101.9308   1101.6291    1.125165   0.250 9.768e+06  14.01    14.105412   3.5    15.230642   4.5 KP   
  1101.9514   1101.6497    1.125144   0.140 9.478e+06  14.01    14.105433   2.5    15.230642   3.5 KP   
  1125.2758   1124.9678    1.101823  -2.150 4.661e+04  14.01    14.793700   3.5    15.895586   3.5 KP   
  1125.2758   1124.9678    1.101823  -0.600 1.323e+06  14.01    14.793700   3.5    15.895586   4.5 KP   
  1125.2949   1124.9868    1.101804  -0.720 1.255e+06  14.01    14.793719   2.5    15.895586   3.5 KP   
  1131.1398   1130.8302    1.096111  -0.870 1.172e+06  14.01    14.695953   1.5    15.792126   2.5 KP   
  1131.1487   1130.8391    1.096102  -0.710 1.271e+06  14.01    14.695962   2.5    15.792126   3.5 KP   
  1131.1487   1130.8391    1.096102  -2.010 8.491e+04  14.01    14.695962   2.5    15.792126   2.5 KP   
  1131.3894   1131.0797    1.095869  -0.460 3.011e+06  14.01    12.840177   3.5    13.936109   2.5 KP   
  1131.4060   1131.0963    1.095853  -1.770 1.475e+05  14.01    12.840193   2.5    13.936109   2.5 KP   
  1131.4265   1131.1168    1.095833  -0.620 3.125e+06  14.01    12.840193   2.5    13.936089   1.5 KP   
  1158.6680   1158.3509    1.070069  -2.170 1.679e+05  14.01    14.620558   0.5    15.690688   0.5 KP   
  1161.3053   1160.9875    1.067639  -1.980 1.295e+05  14.01    14.620558   0.5    15.688258   1.5 KP   
  1167.2534   1166.9340    1.062198  -2.180 4.043e+04  14.01    14.826811   4.5    15.889070   3.5 KP   
  1167.2534   1166.9340    1.062198  -2.290 4.185e+04  14.01    14.826811   3.5    15.889070   2.5 KP   
  1167.2534   1166.9340    1.062198  -3.720 1.166e+03  14.01    14.826811   3.5    15.889070   3.5 KP   
  1171.8082   1171.4875    1.058069   0.370 2.847e+07  14.01    12.877959   0.5    13.936089   1.5 KP   
  1175.1613   1174.8397    1.055050   0.620 3.356e+07  14.01    12.880998   1.5    13.936109   2.5 KP   
  1175.1834   1174.8618    1.055031  -0.330 5.647e+06  14.01    12.880998   1.5    13.936089   1.5 KP   
  1179.4859   1179.1631    1.051182  -1.720 1.523e+05  14.01    14.157111   3.5    15.208353   2.5 KP   
  1179.5026   1179.1798    1.051167  -1.600 1.505e+05  14.01    14.157111   4.5    15.208338   3.5 KP   
  1179.5026   1179.1798    1.051167  -3.150 4.243e+03  14.01    14.157111   3.5    15.208338   3.5 KP   
  1189.9959   1189.6703    1.041898  -0.890 1.011e+06  14.01    14.105412   3.5    15.147370   2.5 KP   
  1190.0200   1189.6944    1.041877  -2.190 5.068e+04  14.01    14.105433   2.5    15.147370   2.5 KP   
  1190.0285   1189.7029    1.041869  -1.050 1.049e+06  14.01    14.105433   2.5    15.147363   1.5 KP   
  1219.3041   1218.9705    1.016854  -0.430 4.167e+06  14.01    14.130450   0.5    15.147363   1.5 KP   
  1221.4755   1221.1413    1.015046  -0.170 5.037e+06  14.01    14.132265   1.5    15.147370   2.5 KP   
  1221.4845   1221.1503    1.015039  -1.130 8.285e+05  14.01    14.132265   1.5    15.147363   1.5 KP   
  1231.4013   1231.0644    1.006865  -1.930 6.460e+04  14.01    14.793700   3.5    15.800622   3.5 KP   
  1231.4013   1231.0644    1.006865  -0.390 1.792e+06  14.01    14.793700   3.5    15.800622   4.5 KP   
  1231.4240   1231.0871    1.006846  -0.500 1.739e+06  14.01    14.793719   2.5    15.800622   3.5 KP   
  1236.1933   1235.8551    1.002962  -2.470 3.697e+04  14.01    13.786046   0.5    14.789065   1.5 KP   
  1240.5778   1240.2385    0.999417  -2.560 5.968e+04  14.01    13.786046   0.5    14.785520   0.5 KP   
  1246.4881   1246.1471    0.994678  -2.120 1.628e+05  14.01    14.695953   1.5    15.690688   0.5 KP   
  1249.5408   1249.1990    0.992248  -2.900 1.345e+04  14.01    14.695953   1.5    15.688258   1.5 KP   
  1249.5517   1249.2099    0.992239  -1.950 1.198e+05  14.01    14.695962   2.5    15.688258   1.5 KP   
  1273.5122   1273.1639    0.973571  -0.990 2.104e+06  14.01    14.130450   0.5    15.104077   0.5 KP   
  1275.8910   1275.5421    0.971756  -0.690 4.183e+06  14.01    14.132265   1.5    15.104077   0.5 KP   
  1284.4770   1284.1257    0.965260  -1.930 5.937e+04  14.01    14.826811   4.5    15.792126   3.5 KP   
  1284.4770   1284.1257    0.965260  -3.470 1.712e+03  14.01    14.826811   3.5    15.792126   3.5 KP   
  1284.4770   1284.1257    0.965260  -2.040 6.145e+04  14.01    14.826811   3.5    15.792126   2.5 KP   
  1285.0233   1284.6719    0.964850  -0.640 1.542e+06  14.01    14.695953   1.5    15.660858   2.5 KP   
  1285.0349   1284.6835    0.964841  -1.780 1.117e+05  14.01    14.695962   2.5    15.660858   2.5 KP   
  1285.0349   1284.6835    0.964841  -0.480 1.672e+06  14.01    14.695962   2.5    15.660858   3.5 KP   
  1365.4264   1365.0531    0.908035  -0.170 1.209e+07  14.01    12.877959   0.5    13.786046   0.5 KP   
  1370.0113   1369.6368    0.904996   0.130 2.397e+07  14.01    12.880998   1.5    13.786046   0.5 KP   
  1404.7114   1404.3275    0.882640  -2.050 7.532e+04  14.01    14.620558   0.5    15.503249   1.5 KP   
  1406.4500   1406.0656    0.881549  -2.420 6.410e+04  14.01    14.620558   0.5    15.502157   0.5 KP   
  1411.3768   1410.9911    0.878472  -0.120 2.540e+06  14.01    14.793700   3.5    15.672222   4.5 KP   
  1411.3768   1410.9911    0.878472  -1.660 9.157e+04  14.01    14.793700   3.5    15.672222   3.5 KP   
  1411.4068   1411.0210    0.878453  -0.230 2.465e+06  14.01    14.793719   2.5    15.672222   3.5 KP   
  1445.7595   1445.3644    0.857580   0.160 7.687e+06  14.01    13.936089   1.5    14.793719   2.5 KP   
  1445.7929   1445.3978    0.857560  -0.990 5.442e+05  14.01    13.936109   2.5    14.793719   2.5 KP   
  1445.8242   1445.4291    0.857542   0.310 8.143e+06  14.01    13.936109   2.5    14.793700   3.5 KP   
  1453.6468   1453.2496    0.852927  -3.040 7.197e+03  14.01    13.936089   1.5    14.789065   1.5 KP   
  1453.6806   1453.2834    0.852907  -2.080 6.563e+04  14.01    13.936109   2.5    14.789065   1.5 KP   
  1459.7134   1459.3145    0.849382  -2.200 9.876e+04  14.01    13.936089   1.5    14.785520   0.5 KP   
  1486.6374   1486.2312    0.833999  -3.150 2.671e+03  14.01    14.826811   3.5    15.660858   3.5 KP   
  1486.6374   1486.2312    0.833999  -1.610 9.260e+04  14.01    14.826811   4.5    15.660858   3.5 KP   
  1486.6374   1486.2312    0.833999  -1.720 9.584e+04  14.01    14.826811   3.5    15.660858   2.5 KP   
  1535.9001   1535.4805    0.807249  -3.010 6.908e+03  14.01    14.695953   1.5    15.503249   1.5 KP   
  1535.9166   1535.4970    0.807241  -2.050 6.300e+04  14.01    14.695962   2.5    15.503249   1.5 KP   
  1537.9789   1537.5587    0.806158  -2.370 6.014e+04  14.01    14.695953   1.5    15.502157   0.5 KP   
  1587.4830   1587.0494    0.781019  -0.340 2.016e+06  14.01    14.695953   1.5    15.477017   2.5 KP   
  1587.5006   1587.0670    0.781010  -1.490 1.427e+05  14.01    14.695962   2.5    15.477017   2.5 KP   
  1587.5158   1587.0822    0.781003  -0.190 2.136e+06  14.01    14.695962   2.5    15.477009   3.5 KP   
  1671.7180   1671.2615    0.741665  -0.890 5.124e+05  14.01    15.147363   1.5    15.889070   2.5 KP   
  1671.7348   1671.2783    0.741657  -2.040 3.628e+04  14.01    15.147370   2.5    15.889070   2.5 KP   
  1671.7348   1671.2783    0.741657  -0.740 5.429e+05  14.01    15.147370   2.5    15.889070   3.5 KP   
  1691.1431   1690.6813    0.733146   0.350 1.305e+07  14.01    12.147810   0.5    12.880998   1.5 KP   
  1698.1821   1697.7184    0.730107   0.050 1.298e+07  14.01    12.147810   0.5    12.877959   0.5 KP   
  1718.7801   1718.3108    0.721357   0.890 1.753e+07  14.01    14.105412   3.5    14.826811   4.5 KP   
  1718.7801   1718.3108    0.721357  -0.650 6.318e+05  14.01    14.105412   3.5    14.826811   3.5 KP   
  1718.8303   1718.3610    0.721336   0.780 1.700e+07  14.01    14.105433   2.5    14.826811   3.5 KP   
  1773.9271   1773.4428    0.698932  -1.290 1.359e+05  14.01    14.793700   3.5    15.492672   3.5 KP   
  1773.9271   1773.4428    0.698932   0.250 3.769e+06  14.01    14.793700   3.5    15.492672   4.5 KP   
  1773.9743   1773.4900    0.698913   0.140 3.657e+06  14.01    14.793719   2.5    15.492672   3.5 KP   
  1804.1912   1803.6986    0.687208  -0.370 8.741e+05  14.01    15.208338   3.5    15.895586   4.5 KP   
  1804.1912   1803.6986    0.687208  -1.910 3.151e+04  14.01    15.208338   3.5    15.895586   3.5 KP   
  1804.2302   1803.7376    0.687193  -0.480 8.481e+05  14.01    15.208353   2.5    15.895586   3.5 KP   
  1883.1611   1882.6471    0.658390  -1.760 5.448e+04  14.01    15.230642   3.5    15.889070   2.5 KP   
  1883.1611   1882.6471    0.658390  -1.640 5.386e+04  14.01    15.230642   4.5    15.889070   3.5 KP   
  1883.1611   1882.6471    0.658390  -3.190 1.518e+03  14.01    15.230642   3.5    15.889070   3.5 KP   
  1904.5878   1904.0679    0.650983  -0.360 2.007e+06  14.01    14.785520   0.5    15.436541   1.5 KP   
  1906.9740   1906.4535    0.650168  -1.260 1.680e+05  14.01    14.826811   3.5    15.477017   2.5 KP   
  1906.9958   1906.4753    0.650161  -2.700 4.574e+03  14.01    14.826811   3.5    15.477009   3.5 KP   
  1906.9958   1906.4753    0.650161  -1.150 1.623e+05  14.01    14.826811   4.5    15.477009   3.5 KP   
  1914.2896   1913.7671    0.647684  -0.870 6.138e+05  14.01    14.620558   0.5    15.268279   1.5 KP   
  1915.0154   1914.4927    0.647438  -0.110 2.353e+06  14.01    14.789065   1.5    15.436541   2.5 KP   
  1915.0154   1914.4927    0.647438  -1.060 3.960e+05  14.01    14.789065   1.5    15.436541   1.5 KP   
  1923.0695   1922.5446    0.644727  -0.670 6.427e+05  14.01    15.147363   1.5    15.792126   2.5 KP   
  1923.0917   1922.5668    0.644719  -0.510 6.967e+05  14.01    15.147370   2.5    15.792126   3.5 KP   
  1923.0917   1922.5668    0.644719  -1.820 4.550e+04  14.01    15.147370   2.5    15.792126   2.5 KP   
  1928.8226   1928.2961    0.642804  -0.660 6.537e+05  14.01    14.793700   3.5    15.436541   2.5 KP   
  1928.8784   1928.3519    0.642785  -1.960 3.276e+04  14.01    14.793719   2.5    15.436541   2.5 KP   
  1928.8784   1928.3519    0.642785  -0.820 6.784e+05  14.01    14.793719   2.5    15.436541   1.5 KP   
  1929.4478   1928.9212    0.642595  -1.240 5.155e+05  14.01    14.620558   0.5    15.263190   0.5 KP   
  1947.7079   1947.1763    0.636571  -0.910 3.605e+05  14.01    14.157111   3.5    14.793719   2.5 KP   
  1947.7648   1947.2332    0.636552  -2.350 9.817e+03  14.01    14.157111   3.5    14.793700   3.5 KP   
  1947.7648   1947.2332    0.636552  -0.800 3.483e+05  14.01    14.157111   4.5    14.793700   3.5 KP   
  1987.4867   1986.9443    0.623830  -0.900 1.063e+06  14.01    14.785520   0.5    15.409386   0.5 KP   
  1998.8446   1998.2991    0.620286  -0.600 2.097e+06  14.01    14.789065   1.5    15.409386   0.5 KP   

Number of lines in output :  559

Parameter set used in search:

Lower wavelength limit:    200.0000 nm
Upper wavelength limit:   2000.0000 nm
Lower limit on log gf:  -5.000
Upper limit on log gf:   2.000
Lower limit on energy for lower level:        0.000 cm^-1
Upper limit on energy for lower level:  1000000.000 cm^-1
Lower limit on energy for upper level:        0.000 cm^-1
Upper limit on energy for upper level:  1000000.000 cm^-1

Element list:

Si II        ( = 14.01 )

Search program by Claas Heise (heise@fz.telekom.de), Jan 17, 1996



