Number of lines in output : 699
--------------------------------------------------------------------------------------------------------
    Wl_vac      Wl_air    E_Photon   log_gf   A-Value   Elem. E_lower_lev.   J   E_upper_lev.   J   Ref.
     / nm        / nm        / eV              / 1/s   (Code)     / eV     lower     / eV     upper     
--------------------------------------------------------------------------------------------------------
   237.5153    237.4428    5.220724  -0.780 2.803e+07  40.00     0.000000   2.0     5.220404   3.0 CB   
   238.8731    238.8003    5.191048  -0.790 3.792e+07  40.00     0.070727   3.0     5.261457   2.0 CB   
   240.6255    240.5523    5.153243  -0.820 2.491e+07  40.00     0.153855   4.0     5.306782   3.0 CB   
   254.0410    253.9647    4.881109  -0.770 1.950e+07  40.00     0.070727   3.0     4.951536   4.0 CB   
   255.1276    255.0511    4.860319  -1.090 1.666e+07  40.00     0.070727   3.0     4.930746   2.0 CB   
   255.7185    255.6418    4.849089  -1.010 1.424e+07  40.00     0.153855   4.0     5.002647   3.0 CB   
   256.8211    256.7442    4.828270  -0.900 1.157e+07  40.00     0.153855   4.0     4.981828   5.0 CB   
   259.0403    258.9628    4.786907  -1.440 4.010e+06  40.00     0.070727   3.0     4.857339   4.0 CB   
   261.0189    260.9410    4.750620  -0.950 1.569e+07  40.00     0.070727   3.0     4.821054   3.0 CB   
   263.6186    263.5400    4.703773  -0.640 2.443e+07  40.00     0.153855   4.0     4.857339   4.0 CB   
   264.8564    264.7775    4.681790  -0.920 2.286e+07  40.00     0.070727   3.0     4.752228   2.0 CB   
   265.9468    265.8677    4.662593  -0.360 8.233e+07  40.00     0.519046   2.0     5.181354   2.0 CB   
   268.8530    268.7732    4.612192  -0.660 2.884e+07  40.00     0.153855   4.0     4.765763   3.0 CB   
   269.3717    269.2918    4.603311  -1.420 6.990e+06  40.00     0.000000   2.0     4.603028   2.0 CB   
   270.6972    270.6169    4.580771  -0.830 1.923e+07  40.00     0.000000   2.0     4.580490   3.0 CB   
   271.0140    270.9337    4.575415  -0.870 1.750e+07  40.00     0.070727   3.0     4.645861   3.0 CB   
   271.8290    271.7485    4.561697  -1.190 1.943e+07  40.00     0.519046   2.0     5.080464   1.0 CB   
   272.6272    272.5465    4.548342  -0.500 3.153e+07  40.00     0.153855   4.0     4.701917   4.0 CB   
   272.7834    272.7026    4.545738  -0.940 1.144e+07  40.00     0.070727   3.0     4.616186   4.0 CB   
   276.0293    275.9478    4.492282  -1.600 3.141e+06  40.00     0.153855   4.0     4.645861   3.0 CB   
   276.3853    276.3037    4.486496  -0.360 7.623e+07  40.00     0.542626   1.0     5.028847   2.0 CB   
   277.4849    277.4030    4.468718  -0.560 2.651e+07  40.00     0.070727   3.0     4.539170   4.0 CB   
   278.7669    278.6847    4.448167  -0.350 1.278e+08  40.00     0.632570   2.0     5.080464   1.0 CB   
   279.0964    279.0141    4.442916   0.040 3.130e+08  40.00     0.632570   2.0     5.075214   1.0 CB   
   279.2857    279.2034    4.439904  -0.790 1.981e+07  40.00     0.000000   2.0     4.439632   3.0 CB   
   279.5946    279.5122    4.434999  -1.320 4.538e+06  40.00     0.070727   3.0     4.505453   4.0 CB   
   280.7599    280.6772    4.416591  -0.440 4.389e+07  40.00     0.519046   2.0     4.935366   3.0 CB   
   281.5749    281.4920    4.403808  -0.110 1.306e+08  40.00     0.000000   2.0     4.403538   2.0 CB   
   282.0399    281.9569    4.396547  -0.440 6.089e+07  40.00     0.632570   2.0     5.028847   2.0 CB   
   282.2392    282.1561    4.393443  -1.120 7.057e+06  40.00     0.070727   3.0     4.463900   4.0 CB   
   283.0631    282.9798    4.380655  -0.590 7.132e+07  40.00     0.542626   1.0     4.923013   1.0 CB   
   283.7308    283.6474    4.370346  -0.750 2.105e+07  40.00     0.632570   2.0     5.002647   3.0 CB   
   283.8069    283.7235    4.369173  -0.010 1.156e+08  40.00     0.070727   3.0     4.439632   3.0 CB   
   284.9357    284.8520    4.351865  -0.240 5.253e+07  40.00     0.153855   4.0     4.505453   4.0 CB   
   286.1712    286.0872    4.333076  -0.900 2.051e+07  40.00     0.070727   3.0     4.403538   2.0 CB   
   287.6828    287.5984    4.310309  -0.130 6.638e+07  40.00     0.153855   4.0     4.463900   4.0 CB   
   288.1674    288.0829    4.303060  -0.800 1.819e+07  40.00     0.632570   2.0     4.935366   3.0 CB   
   289.3118    289.2270    4.286039  -0.740 2.072e+07  40.00     0.153855   4.0     4.439632   3.0 CB   
   291.7106    291.6252    4.250794  -1.520 4.734e+06  40.00     0.070727   3.0     4.321260   2.0 CB   
   292.4737    292.3881    4.239704  -1.100 1.239e+07  40.00     0.070727   3.0     4.310170   2.0 CB   
   296.1724    296.0859    4.186757  -0.410 5.917e+07  40.00     0.000000   2.0     4.186500   2.0 CB   
   297.0055    296.9188    4.175013  -0.770 1.834e+07  40.00     0.070727   3.0     4.245483   3.0 CB   
   298.6250    298.5379    4.152371  -0.020 2.381e+08  40.00     0.000000   2.0     4.152117   1.0 CB   
   300.6242    300.5366    4.124757  -0.430 5.484e+07  40.00     0.519046   2.0     4.643550   2.0 CB   
   300.6374    300.5498    4.124576   0.250 1.458e+08  40.00     0.999045   4.0     5.123368   4.0 CB   
   301.2619    301.1741    4.116026   0.030 1.575e+08  40.00     0.070727   3.0     4.186500   2.0 CB   
   301.5319    301.4441    4.112340  -1.160 1.015e+07  40.00     0.000000   2.0     4.112087   2.0 CB   
   303.0397    302.9515    4.091879   0.130 1.400e+08  40.00     0.153855   4.0     4.245483   3.0 CB   
   304.4134    304.3249    4.073413  -1.410 4.000e+06  40.00     0.070727   3.0     4.143890   3.0 CB   
   304.6710    304.5824    4.069970  -0.470 4.870e+07  40.00     0.519046   2.0     4.588766   2.0 CB   
   305.0218    304.9331    4.065289  -0.630 5.602e+07  40.00     0.519046   2.0     4.584086   1.0 CB   
   306.4466    306.3575    4.046388  -0.620 3.408e+07  40.00     0.542626   1.0     4.588766   2.0 CB   
   308.6240    308.5344    4.017840  -0.920 1.684e+07  40.00     0.070727   3.0     4.088320   2.0 CB   
   309.1328    309.0431    4.011226  -0.650 3.125e+07  40.00     0.632570   2.0     4.643550   2.0 CB   
   309.5688    309.4790    4.005577  -0.480 7.682e+07  40.00     0.519046   2.0     4.524377   1.0 CB   
   309.6719    309.5820    4.004244  -0.480 7.677e+07  40.00     0.520378   0.0     4.524377   1.0 CB   
   310.9261    310.8359    3.988092  -0.450 2.448e+08  40.00     0.542626   1.0     4.530474   0.0 CB   
   311.4415    311.3512    3.981492  -0.700 2.744e+07  40.00     0.519046   2.0     4.500294   2.0 EM   
   312.1650    312.0745    3.972264   0.000 9.778e+07  40.00     0.519046   2.0     4.491066   3.0 CB   
   313.0963    313.0056    3.960448  -0.700 4.525e+07  40.00     0.519046   2.0     4.479251   1.0 EM   
   313.2016    313.1109    3.959116  -0.400 9.023e+07  40.00     0.520378   0.0     4.479251   1.0 CB   
   313.2971    313.2063    3.957910   0.020 1.423e+08  40.00     0.542626   1.0     4.500294   2.0 CB   
   313.4136    313.3228    3.956439  -0.410 5.283e+07  40.00     0.632570   2.0     4.588766   2.0 CB   
   313.7849    313.6940    3.951757  -0.190 1.458e+08  40.00     0.632570   2.0     4.584086   1.0 CB   
   314.0707    313.9797    3.948162  -0.300 4.841e+07  40.00     0.632570   2.0     4.580490   3.0 CB   
   314.9717    314.8805    3.936867  -0.290 1.149e+08  40.00     0.542626   1.0     4.479251   1.0 CB   
   315.8733    315.7819    3.925630  -0.050 5.958e+08  40.00     0.542626   1.0     4.468015   0.0 CB   
   319.2154    319.1231    3.884530  -0.380 3.898e+07  40.00     0.000000   2.0     3.884291   3.0 CB   
   319.7939    319.7015    3.877503  -0.720 2.486e+07  40.00     0.519046   2.0     4.396311   2.0 CB   
   320.5828    320.4902    3.867961  -0.520 3.920e+07  40.00     0.632570   2.0     4.500294   2.0 CB   
   321.2943    321.2015    3.859395  -0.320 3.436e+07  40.00     0.070727   3.0     3.929885   4.0 CB   
   321.3495    321.2567    3.858732  -0.850 1.303e+07  40.00     0.632570   2.0     4.491066   3.0 CB   
   323.5061    323.4127    3.833009  -0.190 3.741e+07  40.00     0.153855   4.0     3.986629   5.0 CB   
   325.1356    325.0418    3.813799  -0.580 2.371e+07  40.00     0.070727   3.0     3.884291   3.0 CB   
   325.5209    325.4270    3.809285   1.220 8.036e+08  40.00     2.105182   6.0     5.914233   6.0 CB   
   326.1063    326.0123    3.802446  -0.340 5.734e+07  40.00     0.519046   2.0     4.321260   2.0 CB   
   327.0603    326.9660    3.791356  -0.380 5.199e+07  40.00     0.519046   2.0     4.310170   2.0 CB   
   328.3676    328.2730    3.776261  -0.530 2.028e+07  40.00     0.153855   4.0     3.929885   4.0 CB   
   332.7376    332.6419    3.726666  -1.120 6.529e+06  40.00     0.519046   2.0     4.245483   3.0 CB   
   335.4620    335.3656    3.696400  -0.980 6.896e+06  40.00     0.153855   4.0     3.850029   4.0 CB   
   336.1426    336.0460    3.688916  -0.430 4.386e+07  40.00     0.632570   2.0     4.321260   2.0 CB   
   336.9597    336.8629    3.679971  -1.840 2.830e+06  40.00     0.000000   2.0     3.679745   1.0 CB   
   337.1562    337.0594    3.677825  -0.440 4.261e+07  40.00     0.632570   2.0     4.310170   2.0 CB   
   338.0864    337.9893    3.667707   0.660 2.425e+08  40.00     2.176846   4.0     5.844327   5.0 CB   
   339.8890    339.7915    3.648255   0.550 1.576e+08  40.00     2.266202   5.0     5.914233   6.0 CB   
   341.2763    341.1784    3.633425   0.500 1.646e+08  40.00     2.211126   4.0     5.844327   5.0 CB   
   341.5641    341.4662    3.630363  -0.620 2.743e+07  40.00     0.070727   3.0     3.700867   2.0 CB   
   342.0633    341.9652    3.625065  -0.710 1.588e+07  40.00     0.519046   2.0     4.143890   3.0 CB   
   342.7917    342.6934    3.617363  -0.890 8.125e+06  40.00     0.999045   4.0     4.616186   4.0 CB   
   343.1278    343.0295    3.613818  -1.330 2.944e+06  40.00     0.153855   4.0     3.767452   4.0 CB   
   344.1412    344.0426    3.603177  -1.040 1.027e+07  40.00     0.000000   2.0     3.602956   2.0 CB   
   344.7593    344.6605    3.596718  -0.500 2.535e+07  40.00     0.519046   2.0     4.115544   3.0 CB   
   344.8340    344.7352    3.595938  -0.510 5.778e+07  40.00     0.000000   2.0     3.595717   1.0 CB   
   345.6895    345.5905    3.587039  -0.480 6.161e+07  40.00     0.519046   2.0     4.105865   1.0 CB   
   345.8179    345.7189    3.585707  -0.730 3.462e+07  40.00     0.520378   0.0     4.105865   1.0 CB   
   346.2082    346.1091    3.581664  -0.100 6.315e+07  40.00     0.999045   4.0     4.580490   3.0 CB   
   346.6627    346.5634    3.576969  -1.180 5.239e+06  40.00     0.153855   4.0     3.730605   3.0 CB   
   347.2161    347.1167    3.571268  -0.530 5.443e+07  40.00     0.000000   2.0     3.571049   1.0 CB   
   347.3888    347.2894    3.569492  -1.390 4.503e+06  40.00     0.519046   2.0     4.088320   2.0 CB   
   347.9772    347.8776    3.563457  -0.470 6.222e+07  40.00     0.542626   1.0     4.105865   1.0 CB   
   348.3785    348.2788    3.559352  -0.970 8.413e+06  40.00     0.070727   3.0     3.629860   3.0 CB   
   348.4005    348.3008    3.559127  -0.050 6.996e+07  40.00     0.999045   4.0     4.557954   3.0 CB   
   349.6342    349.5342    3.546569  -0.210 6.729e+07  40.00     1.482496   3.0     5.028847   2.0 CB   
   350.2345    350.1343    3.540490  -0.930 7.098e+06  40.00     0.070727   3.0     3.610999   4.0 BG   
   350.2491    350.1489    3.540343  -0.430 2.245e+07  40.00     0.999045   4.0     4.539170   4.0 CB   
   351.0320    350.9316    3.532447  -0.110 8.404e+07  40.00     0.070727   3.0     3.602956   2.0 BG   
   352.0598    351.9592    3.522133  -0.030 7.175e+07  40.00     0.000000   2.0     3.521917   3.0 CB   
   353.1224    353.0215    3.511535  -0.770 1.298e+07  40.00     0.632570   2.0     4.143890   3.0 CB   
   353.4238    353.3228    3.508541  -0.550 1.368e+07  40.00     0.153855   4.0     3.662180   5.0 CB   
   353.6170    353.5160    3.506623  -0.030 5.531e+07  40.00     0.999045   4.0     4.505453   4.0 CB   
   354.8693    354.7679    3.494249  -0.040 5.367e+07  40.00     0.070727   3.0     3.564761   4.0 CB   
   355.0739    354.9725    3.492236  -0.040 6.893e+07  40.00     0.999045   4.0     4.491066   3.0 CB   
   355.1461    355.0447    3.491525  -0.560 2.081e+07  40.00     0.000000   2.0     3.491311   3.0 CB   
   355.9963    355.8946    3.483188  -0.560 2.071e+07  40.00     0.632570   2.0     4.115544   3.0 CB   
   356.7099    356.6081    3.476219  -0.180 4.948e+07  40.00     0.153855   4.0     3.629860   3.0 CB   
   356.9883    356.8864    3.473508  -0.410 6.787e+07  40.00     0.632570   2.0     4.105865   1.0 CB   
   357.6800    357.5779    3.466791  -0.030 5.406e+07  40.00     0.070727   3.0     3.537304   4.0 BG   
   357.8579    357.7558    3.465067  -0.140 4.192e+07  40.00     0.999045   4.0     4.463900   4.0 CB   
   358.7295    358.6271    3.456649  -0.430 3.851e+07  40.00     0.000000   2.0     3.456436   2.0 CB   
   359.2748    359.1723    3.451402  -1.470 2.501e+06  40.00     0.070727   3.0     3.521917   3.0 CB   
   359.4129    359.3104    3.450075   0.350 3.853e+08  40.00     2.115291   1.0     5.565154   1.0 CB   
   360.2200    360.1173    3.442345   0.470 1.379e+08  40.00     0.153855   4.0     3.595989   5.0 BG   
   361.4720    361.3689    3.430423  -0.740 3.096e+07  40.00     0.519046   2.0     3.949259   1.0 CB   
   362.4894    362.3861    3.420794  -0.280 3.806e+07  40.00     0.070727   3.0     3.491311   3.0 CB   
   363.5179    363.4143    3.411116  -0.760 9.746e+06  40.00     0.153855   4.0     3.564761   4.0 CB   
   363.9740    363.8703    3.406841  -1.370 7.159e+06  40.00     0.542626   1.0     3.949259   1.0 CB   
   366.2232    366.1189    3.385918  -1.050 8.865e+06  40.00     0.070727   3.0     3.456436   2.0 CB   
   366.4679    366.3635    3.383658   0.010 5.647e+07  40.00     0.153855   4.0     3.537304   4.0 BG   
   368.1422    368.0374    3.368269  -1.640 1.611e+06  40.00     0.153855   4.0     3.521917   3.0 CB   
   370.7689    370.6634    3.344406  -1.450 1.565e+06  40.00     0.153855   4.0     3.498056   5.0 CB   
   371.5183    371.4126    3.337660  -1.120 5.237e+06  40.00     0.153855   4.0     3.491311   3.0 CB   
   373.8445    373.7382    3.316892  -1.260 8.742e+06  40.00     0.632570   2.0     3.949259   1.0 CB   
   375.5846    375.4779    3.301524  -0.140 1.142e+08  40.00     1.779142   2.0     5.080464   1.0 CB   
   376.5456    376.4386    3.293099  -0.900 1.184e+07  40.00     0.000000   2.0     3.292896   2.0 CB   
   376.7978    376.6908    3.290894   0.610 2.734e+08  40.00     1.530362   4.0     4.821054   3.0 CB   
   378.1594    378.0520    3.279045  -0.730 1.241e+07  40.00     0.000000   2.0     3.278844   3.0 CB   
   379.2475    379.1398    3.269638  -0.780 8.551e+06  40.00     0.070727   3.0     3.340164   4.0 CB   
   379.3492    379.2415    3.268761  -1.580 1.355e+06  40.00     0.070727   3.0     3.339287   4.0 CB   
   382.3488    382.2403    3.243117  -0.860 2.099e+07  40.00     0.000000   2.0     3.242918   1.0 CB   
   383.7048    383.5960    3.231655  -0.270 4.866e+07  40.00     0.000000   2.0     3.231457   2.0 CB   
   384.8107    384.7016    3.222368  -0.950 1.011e+07  40.00     0.070727   3.0     3.292896   2.0 CB   
   385.0344    384.9252    3.220496  -1.020 6.138e+06  40.00     0.000000   2.0     3.220299   3.0 CB   
   386.4962    386.3867    3.208315  -0.240 3.671e+07  40.00     0.070727   3.0     3.278844   3.0 CB   
   386.5434    386.4338    3.207924  -0.730 1.187e+07  40.00     0.153855   4.0     3.361582   3.0 CB   
   387.8690    387.7591    3.196960   0.210 6.537e+07  40.00     0.999045   4.0     4.195809   5.0 CB   
   388.0162    387.9063    3.195747  -1.410 1.915e+06  40.00     0.070727   3.0     3.266278   4.0 CB   
   388.6520    388.5419    3.190519  -0.590 1.621e+07  40.00     0.000000   2.0     3.190324   3.0 CB   
   389.1417    389.0315    3.186504  -0.170 3.309e+07  40.00     0.153855   4.0     3.340164   4.0 CB   
   389.2488    389.1385    3.185628  -0.100 3.885e+07  40.00     0.153855   4.0     3.339287   4.0 BG   
   389.3119    389.2016    3.185111   0.080 7.558e+07  40.00     1.884843   3.0     5.069759   3.0 CB   
   389.4806    389.3703    3.183732  -0.330 2.938e+07  40.00     1.582227   4.0     4.765763   3.0 CB   
   389.7639    389.6535    3.181418  -1.530 1.851e+06  40.00     0.070727   3.0     3.251949   3.0 CB   
   389.8739    389.7635    3.180520  -0.100 4.979e+07  40.00     1.822322   3.0     5.002647   3.0 CB   
   390.1605    390.0500    3.178184  -1.190 5.658e+06  40.00     0.000000   2.0     3.177989   2.0 CB   
   391.7755    391.6646    3.165082  -1.450 1.402e+06  40.00     0.153855   4.0     3.318743   5.0 CB   
   392.2909    392.1798    3.160924  -0.940 9.953e+06  40.00     0.070727   3.0     3.231457   2.0 CB   
   392.7893    392.6781    3.156913   0.010 4.915e+07  40.00     1.949208   4.0     5.105927   4.0 CB   
   393.0642    392.9529    3.154706  -0.650 1.074e+07  40.00     0.070727   3.0     3.225239   4.0 CB   
   394.2725    394.1609    3.145038  -0.820 9.278e+06  40.00     0.999045   4.0     4.143890   3.0 CB   
   395.2424    395.1306    3.137319  -0.800 9.667e+06  40.00     1.443363   2.0     4.580490   3.0 CB   
   396.4908    396.3786    3.127442   0.070 4.532e+07  40.00     2.023182   5.0     5.150431   5.0 CB   
   396.7775    396.6653    3.125181  -0.980 6.338e+06  40.00     0.153855   4.0     3.278844   3.0 CB   
   396.9376    396.8253    3.123921  -0.670 8.228e+06  40.00     0.153855   4.0     3.277585   5.0 CB   
   397.3418    397.2294    3.120743  -0.310 2.956e+07  40.00     1.949208   4.0     5.069759   3.0 CB   
   397.4515    397.3391    3.119882  -0.210 2.893e+07  40.00     1.582227   4.0     4.701917   4.0 CB   
   397.4634    397.3510    3.119788  -0.930 7.087e+06  40.00     0.070727   3.0     3.190324   3.0 CB   
   397.6431    397.5306    3.118379   0.040 5.139e+07  40.00     1.583730   5.0     4.701917   4.0 CB   
   397.8448    397.7323    3.116798  -1.360 2.044e+06  40.00     0.650846   3.0     3.767452   4.0 CB   
   397.8586    397.7461    3.116689  -0.650 1.348e+07  40.00     0.999045   4.0     4.115544   3.0 CB   
   397.9861    397.8736    3.115691  -0.310 2.946e+07  40.00     1.530362   4.0     4.645861   3.0 CB   
   398.2713    398.1587    3.113460  -0.180 9.261e+07  40.00     1.365983   2.0     4.479251   1.0 CB   
   398.3294    398.2168    3.113006  -0.490 2.721e+07  40.00     1.349704   1.0     4.462518   2.0 CB   
   398.5857    398.4730    3.111004  -1.120 4.550e+06  40.00     0.519046   2.0     3.629860   3.0 CB   
   398.7947    398.6819    3.109374  -1.940 9.631e+05  40.00     0.070727   3.0     3.179909   2.0 CB   
   398.9799    398.8671    3.107930  -1.210 3.691e+06  40.00     0.622865   2.0     3.730605   3.0 CB   
   399.0412    398.9284    3.107453  -1.870 1.130e+06  40.00     0.070727   3.0     3.177989   2.0 CB   
   399.0617    398.9489    3.107293   0.210 6.175e+07  40.00     1.874725   6.0     4.981828   5.0 CB   
   400.2220    400.1089    3.098285  -2.090 4.835e+05  40.00     0.153855   4.0     3.251949   3.0 CB   
   400.3690    400.2558    3.097147  -1.350 3.717e+06  40.00     0.603909   1.0     3.700867   2.0 CB   
   400.4235    400.3103    3.096726  -0.330 3.891e+07  40.00     1.365983   2.0     4.462518   2.0 CB   
   400.5539    400.4407    3.095717  -0.410 2.310e+07  40.00     1.550334   3.0     4.645861   3.0 CB   
   400.5998    400.4866    3.095363   0.130 4.313e+07  40.00     2.105182   6.0     5.200355   6.0 CB   
   400.8718    400.7585    3.093263   0.300 9.202e+07  40.00     1.858464   5.0     4.951536   4.0 CB   
   401.3374    401.2240    3.089674   0.390 9.241e+07  40.00     1.949208   4.0     5.038692   5.0 CB   
   401.8134    401.6999    3.086014  -0.140 3.325e+07  40.00     1.530362   4.0     4.616186   4.0 CB   
   402.5123    402.3986    3.080655  -0.560 1.260e+07  40.00     0.686986   4.0     3.767452   4.0 CB   
   402.6046    402.4909    3.079949  -0.310 2.879e+07  40.00     0.650846   3.0     3.730605   3.0 CB   
   402.8347    402.7209    3.078190  -0.230 4.841e+07  40.00     0.622865   2.0     3.700867   2.0 CB   
   403.0089    402.8950    3.076860  -0.720 2.608e+07  40.00     0.519046   2.0     3.595717   1.0 BG   
   403.1184    403.0045    3.076024  -0.360 5.972e+07  40.00     0.603909   1.0     3.679745   1.0 BG   
   403.7026    403.5886    3.071572  -1.100 3.612e+06  40.00     0.153855   4.0     3.225239   4.0 CB   
   404.2782    404.1640    3.067199   0.010 4.640e+07  40.00     1.884843   3.0     4.951854   4.0 CB   
   404.3372    404.2230    3.066752  -0.090 6.632e+07  40.00     1.395955   3.0     4.462518   2.0 CB   
   404.4741    404.3599    3.065713  -0.370 3.478e+07  40.00     0.519046   2.0     3.584572   2.0 BG   
   404.5710    404.4567    3.064980  -0.570 1.097e+08  40.00     0.603909   1.0     3.668701   0.0 CB   
   405.1608    405.0464    3.060517  -1.020 7.761e+06  40.00     0.542626   1.0     3.602956   2.0 CB   
   405.5591    405.4446    3.057512  -1.620 1.390e+06  40.00     0.153855   4.0     3.211179   3.0 CB   
   405.6181    405.5036    3.057067  -0.350 6.036e+07  40.00     0.622865   2.0     3.679745   1.0 CB   
   405.6865    405.5719    3.056552   0.480 1.113e+08  40.00     1.583730   5.0     4.640094   5.0 CB   
   406.2662    406.1515    3.052190  -0.830 1.992e+07  40.00     0.519046   2.0     3.571049   1.0 CB   
   406.5302    406.4154    3.050208  -0.030 7.533e+07  40.00     0.650846   3.0     3.700867   2.0 CB   
   406.9857    406.8708    3.046794  -0.640 1.845e+07  40.00     1.349704   1.0     4.396311   2.0 CB   
   407.3852    407.2702    3.043807   0.310 1.172e+08  40.00     0.686986   4.0     3.730605   3.0 BG   
   407.6095    407.4944    3.042132  -0.840 1.161e+07  40.00     0.542626   1.0     3.584572   2.0 CB   
   407.7676    407.6525    3.040952  -1.050 1.192e+07  40.00     0.519046   2.0     3.559812   1.0 CB   
   407.9463    407.8312    3.039620  -0.970 1.432e+07  40.00     0.520378   0.0     3.559812   1.0 CB   
   408.2371    408.1219    3.037455   0.150 6.281e+07  40.00     0.730184   5.0     3.767452   4.0 CB   
   408.3447    408.2294    3.036655  -1.890 7.362e+05  40.00     0.153855   4.0     3.190324   3.0 CB   
   408.4227    408.3074    3.036075  -0.360 5.818e+07  40.00     1.443363   2.0     4.479251   1.0 CB   
   408.5400    408.4247    3.035203   0.120 5.853e+07  40.00     1.822322   3.0     4.857339   4.0 CB   
   408.6823    408.5670    3.034146  -0.120 3.366e+07  40.00     1.582227   4.0     4.616186   4.0 CB   
   408.8849    408.7695    3.032643  -0.420 1.685e+07  40.00     1.583730   5.0     4.616186   4.0 CB   
   409.1953    409.0798    3.030342  -0.150 4.029e+07  40.00     1.550334   3.0     4.580490   3.0 CB   
   409.4295    409.3140    3.028608  -1.590 3.409e+06  40.00     0.542626   1.0     3.571049   1.0 CB   
   409.5419    409.4263    3.027778  -0.280 2.981e+07  40.00     1.530362   4.0     4.557954   3.0 CB   
   410.0458    409.9301    3.024057  -1.830 8.382e+05  40.00     0.000000   2.0     3.023871   3.0 CB   
   410.8710    410.7551    3.017983  -0.220 4.762e+07  40.00     1.482496   3.0     4.500294   2.0 CB   
   410.9544    410.8385    3.017370  -1.040 1.201e+07  40.00     0.542626   1.0     3.559812   1.0 CB   
   412.0985    411.9823    3.008993  -0.330 2.041e+07  40.00     1.530362   4.0     4.539170   4.0 CB   
   412.2612    412.1449    3.007806  -0.750 2.326e+07  40.00     0.542626   1.0     3.550248   1.0 CB   
   412.9134    412.7970    3.003055  -1.490 1.808e+06  40.00     0.519046   2.0     3.521917   3.0 CB   
   413.5480    413.4314    2.998447  -0.440 2.023e+07  40.00     1.582227   4.0     4.580490   3.0 CB   
   413.6822    413.5656    2.997474  -1.080 4.631e+06  40.00     0.632570   2.0     3.629860   3.0 CB   
   414.1164    413.9996    2.994332  -0.570 3.489e+07  40.00     1.751148   1.0     4.745296   1.0 CB   
   414.8523    414.7353    2.989020  -0.540 1.242e+07  40.00     1.550334   3.0     4.539170   4.0 CB   
   415.3816    415.2645    2.985211  -0.250 3.106e+07  40.00     1.365983   2.0     4.351011   3.0 CB   
   415.4927    415.3756    2.984413  -0.440 1.079e+07  40.00     1.583730   5.0     4.567959   6.0 CB   
   416.7546    416.6371    2.975377  -0.620 8.375e+06  40.00     0.686986   4.0     3.662180   5.0 CB   
   417.0500    416.9325    2.973269  -0.260 4.215e+07  40.00     1.779142   2.0     4.752228   2.0 CB   
   417.2648    417.1472    2.971738  -0.490 2.479e+07  40.00     1.349704   1.0     4.321260   2.0 CB   
   418.4489    418.3310    2.963329  -0.990 1.299e+07  40.00     0.632570   2.0     3.595717   1.0 CB   
   418.8690    418.7510    2.960357   0.340 1.663e+08  40.00     1.443363   2.0     4.403538   2.0 CB   
   419.2995    419.1814    2.957317  -0.360 2.366e+07  40.00     1.482496   3.0     4.439632   3.0 CB   
   419.3267    419.2086    2.957125  -0.760 7.325e+06  40.00     1.582227   4.0     4.539170   4.0 CB   
   419.5191    419.4009    2.955770  -0.760 5.987e+06  40.00     1.582227   4.0     4.537815   5.0 CB   
   419.5947    419.4765    2.955237   0.070 6.359e+07  40.00     1.395955   3.0     4.351011   3.0 CB   
   419.7324    419.6142    2.954267  -0.460 1.193e+07  40.00     1.583730   5.0     4.537815   5.0 CB   
   420.0288    419.9105    2.952183  -0.510 2.337e+07  40.00     0.632570   2.0     3.584572   2.0 CB   
   420.2633    420.1449    2.950536  -0.520 1.629e+07  40.00     0.622865   2.0     3.573220   3.0 CB   
   421.2504    421.1318    2.943621  -0.230 3.162e+07  40.00     1.822322   3.0     4.765763   3.0 CB   
   421.3784    421.2597    2.942728  -0.700 2.498e+07  40.00     1.349704   1.0     4.292250   1.0 CB   
   421.5052    421.3865    2.941842  -0.720 1.431e+07  40.00     0.603909   1.0     3.545571   2.0 CB   
   421.9617    421.8429    2.938659  -1.210 7.699e+06  40.00     0.632570   2.0     3.571049   1.0 CB   
   422.1820    422.0631    2.937126  -1.720 2.377e+06  40.00     0.622865   2.0     3.559812   1.0 CB   
   422.6725    422.5535    2.933718  -0.590 1.066e+07  40.00     1.530362   4.0     4.463900   4.0 CB   
   422.8947    422.7756    2.932176   0.090 4.171e+07  40.00     0.730184   5.0     3.662180   5.0 CB   
   423.5816    423.4624    2.927421  -1.110 9.619e+06  40.00     0.632570   2.0     3.559812   1.0 CB   
   423.7225    423.6032    2.926448  -0.280 6.499e+07  40.00     1.365983   2.0     4.292250   1.0 CB   
   423.7742    423.6549    2.926091  -2.110 5.766e+05  40.00     0.000000   2.0     2.925911   2.0 CB   
   423.8621    423.7428    2.925484  -0.550 2.093e+07  40.00     1.395955   3.0     4.321260   2.0 CB   
   424.0492    423.9298    2.924193   0.050 4.624e+07  40.00     0.686986   4.0     3.610999   4.0 CB   
   424.1532    424.0338    2.923476  -0.450 4.385e+07  40.00     0.603909   1.0     3.527206   1.0 CB   
   424.2390    424.1196    2.922885  -0.430 2.754e+07  40.00     0.622865   2.0     3.545571   2.0 CB   
   424.2870    424.1676    2.922554   0.140 7.306e+07  40.00     0.650846   3.0     3.573220   3.0 BG   
   425.4750    425.3553    2.914394  -0.670 1.575e+07  40.00     1.395955   3.0     4.310170   2.0 CB   
   425.7631    425.6433    2.912422  -1.540 2.122e+06  40.00     0.519046   2.0     3.431290   2.0 CB   
   426.2373    426.1174    2.909181  -1.370 1.424e+06  40.00     0.686986   4.0     3.595989   5.0 CB   
   426.2612    426.1413    2.909018  -0.490 1.697e+07  40.00     1.582227   4.0     4.491066   3.0 CB   
   426.9215    426.8014    2.904519  -0.830 1.804e+07  40.00     0.622865   2.0     3.527206   1.0 CB   
   427.5988    427.4785    2.899919  -1.480 4.027e+06  40.00     0.519046   2.0     3.418787   1.0 CB   
   427.7953    427.6749    2.898587  -1.340 5.553e+06  40.00     0.520378   0.0     3.418787   1.0 CB   
   428.3285    428.2080    2.894978   0.130 5.449e+07  40.00     2.211126   4.0     5.105927   4.0 CB   
   428.3396    428.2191    2.894903  -0.560 2.003e+07  40.00     0.650846   3.0     3.545571   2.0 CB   
   429.2385    429.1178    2.888841  -1.370 3.089e+06  40.00     0.542626   1.0     3.431290   2.0 CB   
   429.2554    429.1347    2.888727  -1.390 2.107e+06  40.00     0.519046   2.0     3.407596   3.0 CB   
   429.5997    429.4789    2.886412  -0.530 1.524e+07  40.00     0.686986   4.0     3.573220   3.0 CB   
   430.4078    430.2868    2.880992  -0.740 7.280e+06  40.00     0.730184   5.0     3.610999   4.0 CB   
   430.5904    430.4693    2.879771   0.120 5.269e+07  40.00     1.822322   3.0     4.701917   4.0 CB   
   431.1043    430.9831    2.876338  -1.830 1.769e+06  40.00     0.542626   1.0     3.418787   1.0 CB   
   432.0274    431.9059    2.870193  -1.920 6.138e+05  40.00     0.153855   4.0     3.023871   3.0 CB   
   432.2356    432.1141    2.868810  -1.920 4.769e+05  40.00     0.153855   4.0     3.022489   4.0 CB   
   432.5243    432.4027    2.866895  -0.160 3.524e+07  40.00     1.779142   2.0     4.645861   3.0 CB   
   432.6622    432.5406    2.865981  -0.990 3.315e+06  40.00     0.730184   5.0     3.595989   5.0 CB   
   433.0774    432.9557    2.863233  -2.310 2.488e+05  40.00     0.070727   3.0     2.933784   3.0 CB   
   434.2330    434.1110    2.855613   0.150 5.552e+07  40.00     1.395955   3.0     4.251394   4.0 CB   
   434.4253    434.3032    2.854350  -2.380 4.911e+05  40.00     0.000000   2.0     2.854175   1.0 CB   
   434.7749    434.6527    2.852055  -0.420 2.683e+07  40.00     1.751148   1.0     4.603028   2.0 CB   
   434.8448    434.7226    2.851596  -2.380 2.101e+05  40.00     0.070727   3.0     2.922148   3.0 CB   
   434.9115    434.7893    2.851159   0.040 4.296e+07  40.00     0.999045   4.0     3.850029   4.0 CB   
   435.0130    434.8907    2.850494  -1.770 6.651e+05  40.00     0.686986   4.0     3.537304   4.0 CB   
   435.9987    435.8762    2.844049  -1.640 1.608e+06  40.00     0.519046   2.0     3.362921   2.0 CB   
   436.2041    436.0815    2.842710  -0.970 5.366e+06  40.00     0.519046   2.0     3.361582   3.0 CB   
   436.7682    436.6455    2.839038  -0.080 4.155e+07  40.00     1.365983   2.0     4.204847   3.0 CB   
   437.4287    437.3058    2.834752  -1.740 7.048e+05  40.00     0.730184   5.0     3.564761   4.0 CB   
   439.5711    439.4476    2.820936  -2.390 2.813e+05  40.00     0.070727   3.0     2.891489   2.0 CB   
   439.6161    439.4926    2.820647  -0.530 2.037e+07  40.00     1.349704   1.0     4.170177   2.0 CB   
   439.6440    439.5205    2.820468  -1.450 2.449e+06  40.00     0.542626   1.0     3.362921   2.0 CB   
   440.1469    440.0233    2.817245  -1.320 1.268e+06  40.00     0.730184   5.0     3.547256   6.0 CB   
   440.4200    440.2963    2.815498  -1.650 2.566e+06  40.00     0.520378   0.0     3.335704   1.0 CB   
   441.4288    441.3049    2.809064  -0.340 2.235e+07  40.00     1.395955   3.0     4.204847   3.0 CB   
   441.5364    441.4124    2.808380  -2.320 2.339e+05  40.00     0.153855   4.0     2.962062   3.0 CB   
   442.1681    442.0440    2.804367  -0.260 3.750e+07  40.00     1.365983   2.0     4.170177   2.0 CB   
   442.8498    442.7255    2.800050   0.380 9.065e+07  40.00     2.323489   5.0     5.123368   4.0 CB   
   443.0333    442.9089    2.798891  -1.630 1.593e+06  40.00     0.632570   2.0     3.431290   2.0 CB   
   443.2720    443.1476    2.797383  -0.470 3.834e+07  40.00     1.349704   1.0     4.146915   1.0 CB   
   443.9281    443.8035    2.793249  -1.520 3.407e+06  40.00     0.542626   1.0     3.335704   1.0 CB   
   444.5577    444.4329    2.789293  -1.100 2.979e+06  40.00     1.482496   3.0     4.271618   4.0 CB   
   445.0212    444.8963    2.786388  -1.940 1.289e+06  40.00     0.632570   2.0     3.418787   1.0 CB   
   445.1527    445.0278    2.785565  -0.720 6.414e+07  40.00     1.349704   1.0     4.135097   0.0 CB   
   445.6674    445.5423    2.782348  -0.450 1.324e+07  40.00     1.834009   4.0     4.616186   4.0 CB   
   445.7550    445.6299    2.781801  -0.430 1.134e+07  40.00     1.858464   5.0     4.640094   5.0 CB   
   445.8669    445.7418    2.781103  -0.610 2.745e+07  40.00     1.365983   2.0     4.146915   1.0 CB   
   446.1557    446.0305    2.779303  -1.940 7.695e+05  40.00     0.632570   2.0     3.411702   2.0 CB   
   446.8160    446.6906    2.775196  -1.340 2.182e+06  40.00     0.632570   2.0     3.407596   3.0 CB   
   446.9454    446.8200    2.774392  -1.190 4.312e+06  40.00     1.395955   3.0     4.170177   2.0 CB   
   447.0053    446.8799    2.774020  -1.850 9.430e+05  40.00     0.519046   2.0     3.292896   2.0 CB   
   447.1567    447.0312    2.773081  -0.450 1.076e+07  40.00     1.530362   4.0     4.303273   5.0 CB   
   447.1814    447.0559    2.772928  -0.170 1.735e+07  40.00     1.583730   5.0     4.356487   6.0 CB   
   448.2019    448.0762    2.766614  -0.690 1.356e+07  40.00     1.822322   3.0     4.588766   2.0 CB   
   448.3762    448.2504    2.765539  -0.520 9.109e+06  40.00     1.874725   6.0     4.640094   5.0 CB   
   449.2813    449.1553    2.759967  -2.060 4.111e+05  40.00     0.519046   2.0     3.278844   3.0 CB   
   449.6195    449.4934    2.757891  -0.740 6.671e+06  40.00     1.858464   5.0     4.616186   4.0 CB   
   450.8377    450.7113    2.750439  -0.430 2.438e+07  40.00     0.542626   1.0     3.292896   2.0 BG   
   452.4377    452.3109    2.740712  -0.410 1.152e+07  40.00     2.201206   4.0     4.941751   5.0 CB   
   453.7028    453.5756    2.733071  -0.730 8.620e+06  40.00     0.519046   2.0     3.251949   3.0 CB   
   454.1268    453.9995    2.730519  -1.520 1.953e+06  40.00     0.632570   2.0     3.362921   2.0 CB   
   454.3496    454.2223    2.729179  -0.310 2.261e+07  40.00     0.632570   2.0     3.361582   3.0 BG   
   455.4298    455.3022    2.722706  -1.220 6.459e+06  40.00     0.520378   0.0     3.242918   1.0 CB   
   455.6398    455.5121    2.721452  -0.210 2.201e+07  40.00     1.550334   3.0     4.271618   4.0 CB   
   455.6797    455.5520    2.721213  -0.320 1.398e+07  40.00     1.582227   4.0     4.303273   5.0 CB   
   455.9240    455.7962    2.719756  -1.010 4.480e+06  40.00     1.395955   3.0     4.115544   3.0 CB   
   456.6742    456.5462    2.715288  -0.880 6.023e+06  40.00     1.530362   4.0     4.245483   3.0 CB   
   457.6799    457.5517    2.709321  -1.360 1.986e+06  40.00     0.000000   2.0     2.709154   3.0 CB   
   457.7476    457.6194    2.708920  -1.030 9.903e+06  40.00     1.443363   2.0     4.152117   1.0 CB   
   458.3554    458.2270    2.705328  -0.240 2.030e+07  40.00     1.834009   4.0     4.539170   4.0 CB   
   458.5518    458.4233    2.704170  -0.690 1.295e+07  40.00     1.482496   3.0     4.186500   2.0 CB   
   459.1421    459.0135    2.700693  -1.320 2.163e+06  40.00     1.443363   2.0     4.143890   3.0 CB   
   459.1821    459.0535    2.700457  -1.350 4.710e+06  40.00     0.542626   1.0     3.242918   1.0 CB   
   460.3854    460.2565    2.693399   0.350 5.419e+07  40.00     1.874725   6.0     4.567959   6.0 CB   
   460.5737    460.4447    2.692298  -1.380 1.873e+06  40.00     0.519046   2.0     3.211179   3.0 CB   
   461.0432    460.9141    2.689556  -1.150 2.468e+06  40.00     1.582227   4.0     4.271618   4.0 CB   
   461.0558    460.9267    2.689483  -2.070 2.967e+05  40.00     0.650846   3.0     3.340164   4.0 CB   
   461.1125    460.9834    2.689152  -2.110 4.870e+05  40.00     0.603909   1.0     3.292896   2.0 CB   
   461.1393    461.0102    2.688996  -2.170 4.241e+05  40.00     0.542626   1.0     3.231457   2.0 CB   
   462.7708    462.6412    2.679516   0.100 3.565e+07  40.00     1.858464   5.0     4.537815   5.0 CB   
   462.8985    462.7689    2.678777  -1.250 1.945e+06  40.00     1.482496   3.0     4.161108   4.0 CB   
   463.5280    463.3982    2.675139  -1.170 2.332e+06  40.00     0.070727   3.0     2.745701   4.0 CB   
   463.5935    463.4637    2.674761  -2.040 4.043e+05  40.00     0.686986   4.0     3.361582   3.0 CB   
   464.1405    464.0106    2.671608  -0.430 1.278e+07  40.00     1.834009   4.0     4.505453   4.0 CB   
   464.6102    464.4801    2.668908   0.040 4.840e+07  40.00     1.822322   3.0     4.491066   3.0 CB   
   465.5675    465.4372    2.663420  -0.980 4.603e+06  40.00     1.582227   4.0     4.245483   3.0 CB   
   465.8933    465.7629    2.661557  -0.660 9.604e+06  40.00     1.482496   3.0     4.143890   3.0 CB   
   466.0803    465.9499    2.660489  -1.920 7.383e+05  40.00     0.632570   2.0     3.292896   2.0 CB   
   466.8432    466.7125    2.656142  -1.630 1.025e+06  40.00     0.622865   2.0     3.278844   3.0 CB   
   468.4749    468.3438    2.646891  -0.180 2.231e+07  40.00     1.530362   4.0     4.177090   4.0 CB   
   468.5553    468.4242    2.646436  -1.630 1.017e+06  40.00     0.632570   2.0     3.278844   3.0 CB   
   468.7886    468.6574    2.645119  -1.300 3.042e+06  40.00     1.443363   2.0     4.088320   2.0 CB   
   468.9121    468.7809    2.644423   0.550 8.279e+07  40.00     0.730184   5.0     3.374444   6.0 BG   
   468.9760    468.8448    2.644062  -1.240 1.586e+06  40.00     0.153855   4.0     2.797754   5.0 CB   
   469.3042    469.1729    2.642213  -2.090 4.923e+05  40.00     0.650846   3.0     3.292896   2.0 CB   
   469.6344    469.5030    2.640355  -0.630 1.013e+07  40.00     2.125570   2.0     4.765763   3.0 CB   
   470.9089    470.7772    2.633209  -0.620 1.031e+07  40.00     1.482496   3.0     4.115544   3.0 CB   
   471.1399    471.0081    2.631918   0.370 6.404e+07  40.00     0.686986   4.0     3.318743   5.0 BG   
   471.3208    471.1890    2.630908  -0.380 1.391e+07  40.00     1.530362   4.0     4.161108   4.0 CB   
   471.4742    471.3423    2.630052  -0.450 1.183e+07  40.00     1.834009   4.0     4.463900   4.0 CB   
   471.8947    471.7627    2.627709  -1.440 2.175e+06  40.00     0.603909   1.0     3.231457   2.0 CB   
   472.0428    471.9108    2.626884   0.050 2.584e+07  40.00     1.858464   5.0     4.485187   6.0 CB   
   473.2446    473.1123    2.620213  -2.130 7.359e+05  40.00     0.622865   2.0     3.242918   1.0 CB   
   473.3663    473.2339    2.619540  -0.490 1.376e+07  40.00     0.632570   2.0     3.251949   3.0 BG   
   473.5682    473.4358    2.618423  -0.270 1.452e+07  40.00     2.323489   5.0     4.941751   5.0 CB   
   474.0806    473.9480    2.615593   0.230 5.600e+07  40.00     0.650846   3.0     3.266278   4.0 BG   
   474.4261    474.2934    2.613688  -1.060 3.687e+06  40.00     1.530362   4.0     4.143890   3.0 CB   
   475.3238    475.1909    2.608752  -1.890 7.606e+05  40.00     0.622865   2.0     3.231457   2.0 CB   
   475.4390    475.3061    2.608119  -0.500 6.221e+06  40.00     1.874725   6.0     4.482684   7.0 CB   
   476.4085    476.2753    2.602812  -0.040 2.437e+07  40.00     1.834009   4.0     4.436661   5.0 CB   
   477.3657    477.2323    2.597593   0.040 4.585e+07  40.00     0.622865   2.0     3.220299   3.0 BG   
   478.6251    478.4913    2.590758  -0.490 8.565e+06  40.00     0.686986   4.0     3.277585   5.0 BG   
   479.0023    478.8684    2.588718  -1.190 1.706e+06  40.00     0.730184   5.0     3.318743   5.0 CB   
   479.0477    478.9138    2.588472  -1.900 5.227e+05  40.00     0.622865   2.0     3.211179   3.0 CB   
   479.4613    479.3273    2.586240  -0.830 1.431e+07  40.00     1.779142   2.0     4.365223   1.0 CB   
   479.6280    479.4940    2.585340  -1.150 2.932e+06  40.00     1.530362   4.0     4.115544   3.0 CB   
   480.7232    480.5889    2.579450  -0.420 1.219e+07  40.00     0.686986   4.0     3.266278   4.0 BG   
   480.7997    480.6654    2.579040  -1.020 3.062e+06  40.00     1.582227   4.0     4.161108   4.0 CB   
   481.0801    480.9457    2.577537   0.160 4.629e+07  40.00     1.583730   5.0     4.161108   4.0 BG   
   481.6381    481.5035    2.574551  -0.530 9.428e+06  40.00     0.650846   3.0     3.225239   4.0 BG   
   481.6967    481.5621    2.574238  -0.030 5.365e+07  40.00     0.603909   1.0     3.177989   2.0 BG   
   482.5640    482.4292    2.569611  -1.050 3.647e+06  40.00     0.650846   3.0     3.220299   3.0 CB   
   482.9390    482.8041    2.567616  -0.640 9.359e+06  40.00     0.622865   2.0     3.190324   3.0 BG   
   484.0145    483.8793    2.561910  -0.590 1.464e+07  40.00     1.550334   3.0     4.112087   2.0 CB   
   484.0316    483.8964    2.561820  -0.810 6.299e+06  40.00     1.582227   4.0     4.143890   3.0 CB   
   484.2829    484.1476    2.560491  -2.230 2.392e+05  40.00     0.650846   3.0     3.211179   3.0 CB   
   484.7714    484.6360    2.557910  -2.250 2.280e+05  40.00     0.632570   2.0     3.190324   3.0 CB   
   485.2703    485.1348    2.555280  -1.200 3.574e+06  40.00     0.622865   2.0     3.177989   2.0 CB   
   486.7414    486.6055    2.547557  -1.210 1.578e+06  40.00     0.730184   5.0     3.277585   5.0 CB   
   488.2600    488.1237    2.539634  -1.490 1.293e+06  40.00     0.650846   3.0     3.190324   3.0 CB   
   488.4957    488.3593    2.538409  -1.450 1.102e+06  40.00     0.686986   4.0     3.225239   4.0 CB   
   488.9115    488.7750    2.536250   1.000 3.100e+08  40.00     0.730184   5.0     3.266278   4.0 EM   
   489.4475    489.3109    2.533472  -0.920 4.782e+06  40.00     1.582227   4.0     4.115544   3.0 CB   
   490.6432    490.5062    2.527299  -2.240 3.189e+05  40.00     0.650846   3.0     3.177989   2.0 CB   
   493.2228    493.0852    2.514080  -0.830 5.794e+06  40.00     1.884843   3.0     4.398769   3.0 CB   
   493.5003    493.3626    2.512667  -0.510 2.821e+07  40.00     1.833049   2.0     4.345561   1.0 CB   
   495.0149    494.8768    2.504979  -1.980 4.072e+05  40.00     0.519046   2.0     3.023871   3.0 CB   
   496.3627    496.2242    2.498177  -0.870 2.809e+06  40.00     1.858464   5.0     4.356487   6.0 CB   
   496.5127    496.3742    2.497422  -0.700 5.998e+06  40.00     1.949208   4.0     4.446476   4.0 CB   
   498.9214    498.7822    2.485365  -0.850 3.441e+06  40.00     2.023182   5.0     4.508394   5.0 CB   
   499.6150    499.4757    2.481914  -0.350 9.181e+06  40.00     1.874725   6.0     4.356487   6.0 CB   
   499.7741    499.6347    2.481125  -0.400 2.126e+07  40.00     1.884843   3.0     4.365815   2.0 CB   
   501.2888    501.1490    2.473628  -0.630 1.244e+07  40.00     2.115291   1.0     4.588766   2.0 CB   
   504.8009    504.6602    2.456417   0.060 2.732e+07  40.00     1.530362   4.0     3.986629   5.0 BG   
   506.1828    506.0417    2.449711  -0.350 1.661e+07  40.00     1.949208   4.0     4.398769   3.0 CB   
   506.6321    506.4909    2.447539  -0.200 1.822e+07  40.00     1.482496   3.0     3.929885   4.0 CB   
   506.6657    506.5245    2.447376   0.120 2.635e+07  40.00     2.323489   5.0     4.770715   6.0 CB   
   507.1665    507.0252    2.444960  -0.390 9.604e+06  40.00     1.858464   5.0     4.303273   5.0 CB   
   507.5389    507.3975    2.443166  -1.840 5.347e+05  40.00     0.519046   2.0     2.962062   3.0 CB   
   507.9729    507.8313    2.441079  -0.120 2.801e+07  40.00     1.443363   2.0     3.884291   3.0 CB   
   508.6645    508.5228    2.437759  -0.470 9.706e+06  40.00     1.834009   4.0     4.271618   4.0 CB   
   511.6693    511.5268    2.423443  -0.100 2.249e+07  40.00     2.023182   5.0     4.446476   4.0 CB   
   512.1862    512.0435    2.420998  -0.580 1.338e+07  40.00     1.975462   2.0     4.396311   2.0 CB   
   513.4825    513.3395    2.414886  -1.780 5.998e+05  40.00     0.519046   2.0     2.933784   3.0 CB   
   515.6899    515.5463    2.404549  -0.200 1.439e+07  40.00     1.582227   4.0     3.986629   5.0 CB   
   515.9450    515.8013    2.403360   0.140 3.144e+07  40.00     2.105182   6.0     4.508394   5.0 CB   
   516.0124    515.8687    2.403046  -1.100 1.809e+06  40.00     1.583730   5.0     3.986629   5.0 CB   
   516.2495    516.1057    2.401943  -0.900 4.501e+06  40.00     1.482496   3.0     3.884291   3.0 CB   
   516.7385    516.5946    2.399670  -0.790 4.501e+06  40.00     1.530362   4.0     3.929885   4.0 CB   
   518.0456    517.9014    2.393615  -2.490 1.608e+05  40.00     0.519046   2.0     2.912515   2.0 CB   
   518.5152    518.3708    2.391447  -1.620 8.502e+05  40.00     0.632570   2.0     3.023871   3.0 CB   
   518.8493    518.7048    2.389908  -0.800 1.309e+07  40.00     1.975462   2.0     4.365223   1.0 CB   
   520.2591    520.1143    2.383431  -1.720 9.391e+05  40.00     0.542626   1.0     2.925911   2.0 CB   
   521.0754    520.9304    2.379697  -0.780 4.530e+06  40.00     1.550334   3.0     3.929885   4.0 CB   
   522.6367    522.4912    2.372588  -1.800 7.740e+05  40.00     0.519046   2.0     2.891489   2.0 CB   
   524.5121    524.3661    2.364105  -0.680 1.688e+07  40.00     2.115291   1.0     4.479251   1.0 CB   
   527.8834    527.7365    2.349007  -1.630 1.122e+06  40.00     0.542626   1.0     2.891489   2.0 CB   
   528.1543    528.0074    2.347802  -0.830 3.930e+06  40.00     1.582227   4.0     3.929885   4.0 CB   
   529.6296    529.4823    2.341262  -1.490 8.549e+05  40.00     0.999045   4.0     3.340164   4.0 CB   
   529.8280    529.6806    2.340386  -1.190 1.705e+06  40.00     0.999045   4.0     3.339287   4.0 CB   
   530.3442    530.1967    2.338107  -0.300 1.321e+07  40.00     2.201206   4.0     4.539170   4.0 CB   
   531.2912    531.1434    2.333940  -1.710 1.536e+06  40.00     0.520378   0.0     2.854175   1.0 CB   
   532.2730    532.1250    2.329635  -2.250 1.891e+05  40.00     0.632570   2.0     2.962062   3.0 CB   
   533.2358    533.0875    2.325429  -2.850 6.627e+04  40.00     0.070727   3.0     2.396012   2.0 CB   
   533.9901    533.8416    2.322144  -2.580 1.231e+05  40.00     0.603909   1.0     2.925911   2.0 CB   
   535.2339    535.0851    2.316747  -0.590 5.441e+06  40.00     2.323489   5.0     4.640094   5.0 CB   
   536.4047    536.2556    2.311691  -1.870 1.042e+06  40.00     0.542626   1.0     2.854175   1.0 CB   
   536.4819    536.3327    2.311358  -2.540 9.548e+04  40.00     0.650846   3.0     2.962062   3.0 CB   
   537.0886    536.9393    2.308747  -2.440 1.679e+05  40.00     0.603909   1.0     2.912515   2.0 CB   
   538.3853    538.2356    2.303187  -2.370 1.963e+05  40.00     0.622865   2.0     2.925911   2.0 CB   
   538.6648    538.5151    2.301991  -0.710 8.964e+06  40.00     0.519046   2.0     2.820896   2.0 BG   
   538.8137    538.6639    2.301355  -2.170 2.219e+05  40.00     0.632570   2.0     2.933784   3.0 CB   
   539.2664    539.1165    2.299423  -2.430 1.217e+05  40.00     0.622865   2.0     2.922148   3.0 CB   
   539.7391    539.5891    2.297409  -0.860 2.873e+06  40.00     2.211126   4.0     4.508394   5.0 CB   
   540.6636    540.5133    2.293481  -2.270 2.451e+05  40.00     0.632570   2.0     2.925911   2.0 CB   
   540.9077    540.7574    2.292446  -1.630 5.938e+05  40.00     0.730184   5.0     3.022489   4.0 CB   
   541.5428    541.3923    2.289758  -2.370 1.078e+05  40.00     0.686986   4.0     2.976603   4.0 CB   
   542.3387    542.1880    2.286397  -0.860 3.478e+06  40.00     2.160219   3.0     4.446476   4.0 CB   
   542.7888    542.6380    2.284501  -1.060 3.944e+06  40.00     2.081454   1.0     4.365815   2.0 CB   
   542.9925    542.8416    2.283644  -0.810 5.005e+06  40.00     2.115265   2.0     4.398769   3.0 CB   
   543.9293    543.7782    2.279711  -2.750 5.727e+04  40.00     0.153855   4.0     2.433426   3.0 CB   
   544.1940    544.0428    2.278602  -2.520 2.267e+05  40.00     0.603909   1.0     2.882372   1.0 CB   
   545.0039    544.8525    2.275216  -2.050 2.859e+05  40.00     0.686986   4.0     2.962062   3.0 CB   
   547.6445    547.4924    2.264246  -1.250 4.169e+06  40.00     2.081454   1.0     4.345561   1.0 CB   
   547.8924    547.7402    2.263221  -2.710 4.332e+05  40.00     0.603909   1.0     2.866992   0.0 CB   
   547.9866    547.8344    2.262832  -0.550 6.956e+06  40.00     2.201206   4.0     4.463900   4.0 CB   
   548.2348    548.0825    2.261808  -2.090 3.608e+05  40.00     0.650846   3.0     2.912515   2.0 CB   
   548.7594    548.6070    2.259645  -2.190 4.767e+05  40.00     0.622865   2.0     2.882372   1.0 CB   
   550.3678    550.2149    2.253042  -1.180 2.078e+06  40.00     0.999045   4.0     3.251949   3.0 CB   
   550.9432    550.7902    2.250689  -0.820 6.652e+06  40.00     2.115265   2.0     4.365815   2.0 CB   
   551.8633    551.7100    2.246937  -2.140 2.267e+05  40.00     0.686986   4.0     2.933784   3.0 CB   
   551.9565    551.8032    2.246557  -2.590 6.253e+04  40.00     0.730184   5.0     2.976603   4.0 CB   
   552.9971    552.8435    2.242330  -0.200 1.251e+07  40.00     2.266202   5.0     4.508394   5.0 CB   
   553.3793    553.2256    2.240781  -2.370 1.858e+05  40.00     0.650846   3.0     2.891489   2.0 CB   
   553.8969    553.7431    2.238687  -0.540 8.957e+06  40.00     2.160219   3.0     4.398769   3.0 CB   
   554.6896    554.5356    2.235488  -0.430 8.949e+06  40.00     2.211126   4.0     4.446476   4.0 CB   
   561.3676    561.2118    2.208894  -3.220 2.551e+04  40.00     0.000000   2.0     2.208759   2.0 CB   
   562.1745    562.0185    2.205724  -1.720 1.340e+06  40.00     0.519046   2.0     2.724635   1.0 CB   
   562.5142    562.3581    2.204392  -2.240 4.043e+05  40.00     0.520378   0.0     2.724635   1.0 CB   
   566.6092    566.4520    2.188460  -1.500 1.314e+06  40.00     0.632570   2.0     2.820896   2.0 CB   
   566.7861    566.6289    2.187777  -0.850 4.190e+06  40.00     2.211126   4.0     4.398769   3.0 CB   
   568.2496    568.0920    2.182143  -1.700 1.374e+06  40.00     0.542626   1.0     2.724635   1.0 CB   
   568.7018    568.5440    2.180408  -0.920 2.755e+06  40.00     2.266202   5.0     4.446476   4.0 CB   
   571.0442    570.8858    2.171464  -2.840 5.913e+04  40.00     0.000000   2.0     2.171330   2.0 CB   
   573.7281    573.5690    2.161306  -2.240 3.887e+05  40.00     0.000000   2.0     2.161173   1.0 CB   
   579.9378    579.7770    2.138163  -2.070 3.376e+05  40.00     0.070727   3.0     2.208759   2.0 CB   
   584.8945    584.7324    2.120043  -0.760 4.840e+06  40.00     2.125570   2.0     4.245483   3.0 CB   
   586.9895    586.8268    2.112477  -2.510 5.438e+04  40.00     0.153855   4.0     2.266202   5.0 CB   
   587.1129    586.9502    2.112033  -0.460 6.099e+06  40.00     1.874725   6.0     3.986629   5.0 CB   
   588.1412    587.9782    2.108340  -1.670 5.889e+05  40.00     0.153855   4.0     2.262066   3.0 CB   
   588.7253    588.5622    2.106248  -2.120 1.622e+05  40.00     0.070727   3.0     2.176846   4.0 BG   
   590.2710    590.1075    2.100733  -2.590 9.841e+04  40.00     0.070727   3.0     2.171330   2.0 CB   
   592.6804    592.5162    2.092193  -1.610 1.554e+06  40.00     0.632570   2.0     2.724635   1.0 CB   
   593.6856    593.5212    2.088650  -2.380 1.127e+05  40.00     0.000000   2.0     2.088522   3.0 CB   
   595.7016    595.5366    2.081582  -2.330 2.931e+05  40.00     0.000000   2.0     2.081454   1.0 CB   
   598.5870    598.4212    2.071548  -0.540 5.965e+06  40.00     1.858464   5.0     3.929885   4.0 CB   
   599.7016    599.5355    2.067698  -2.410 6.559e+04  40.00     0.730184   5.0     2.797754   5.0 CB   
   600.2660    600.0998    2.065754  -1.170 1.138e+06  40.00     1.530362   4.0     3.595989   5.0 CB   
   602.7041    602.5372    2.057397  -2.730 3.799e+04  40.00     0.153855   4.0     2.211126   4.0 CB   
   603.4264    603.2593    2.054935  -0.980 2.131e+06  40.00     1.482496   3.0     3.537304   4.0 CB   
   604.7583    604.5909    2.050409  -0.330 1.219e+07  40.00     1.834009   4.0     3.884291   3.0 CB   
   605.0917    604.9242    2.049279   0.050 1.858e+07  40.00     2.459241   4.0     4.508394   5.0 CB   
   606.4576    606.2897    2.044664  -2.180 2.396e+05  40.00     0.070727   3.0     2.115265   2.0 CB   
   612.2540    612.0846    2.025306  -2.180 3.919e+05  40.00     0.519046   2.0     2.544228   1.0 CB   
   612.3617    612.1922    2.024950  -1.160 1.758e+06  40.00     0.999045   4.0     3.023871   3.0 CB   
   612.6568    612.4873    2.023974  -1.940 6.801e+05  40.00     0.520378   0.0     2.544228   1.0 CB   
   612.9171    612.7475    2.023115  -1.060 1.718e+06  40.00     0.153855   4.0     2.176846   4.0 BG   
   613.6283    613.4585    2.020770  -1.280 1.859e+06  40.00     0.000000   2.0     2.020646   2.0 BG   
   614.2235    614.0535    2.018812  -1.410 1.376e+06  40.00     0.519046   2.0     2.537735   2.0 BG   
   614.4952    614.3252    2.017919  -1.100 2.004e+06  40.00     0.070727   3.0     2.088522   3.0 BG   
   615.7261    615.5557    2.013885  -1.340 7.311e+05  40.00     1.582227   4.0     3.595989   5.0 CB   
   615.9437    615.7733    2.013174  -0.120 1.482e+07  40.00     2.433426   3.0     4.446476   4.0 CB   
   616.1859    616.0154    2.012383  -1.430 5.933e+05  40.00     1.583730   5.0     3.595989   5.0 CB   
   619.1096    618.9383    2.002879  -0.460 8.620e+06  40.00     2.396012   2.0     4.398769   3.0 CB   
   619.4667    619.2953    2.001725  -2.070 4.931e+05  40.00     0.542626   1.0     2.544228   1.0 CB   
   621.4828    621.3109    1.995231  -1.930 4.058e+05  40.00     0.542626   1.0     2.537735   2.0 CB   
   621.6404    621.4685    1.994725  -0.230 9.240e+06  40.00     2.201206   4.0     4.195809   5.0 CB   
   625.8990    625.7259    1.981153  -0.840 2.734e+06  40.00     1.583730   5.0     3.564761   4.0 CB   
   626.8826    626.7093    1.978044  -1.370 8.045e+05  40.00     1.482496   3.0     3.460419   4.0 CB   
   630.1415    629.9673    1.967815  -0.800 2.420e+06  40.00     1.530362   4.0     3.498056   5.0 CB   
   630.6084    630.4341    1.966358   0.000 5.591e+07  40.00     1.629480   0.0     3.595717   1.0 EM   
   630.6088    630.4345    1.966356  -2.700 3.347e+05  40.00     0.542626   1.0     2.507622   0.0 CB   
   631.4790    631.3044    1.963647   0.270 2.396e+07  40.00     1.583730   5.0     3.547256   6.0 BG   
   631.6429    631.4683    1.963137  -1.930 2.806e+05  40.00     0.999045   4.0     2.962062   3.0 CB   
   632.3091    632.1343    1.961069  -1.200 1.504e+06  40.00     1.530362   4.0     3.491311   3.0 CB   
   634.2079    634.0326    1.955198  -1.500 5.827e+05  40.00     1.582227   4.0     3.537304   4.0 CB   
   634.6957    634.5203    1.953695  -0.980 1.926e+06  40.00     1.583730   5.0     3.537304   4.0 CB   
   640.8987    640.7216    1.934786  -2.700 4.629e+04  40.00     0.153855   4.0     2.088522   3.0 CB   
   642.8482    642.6706    1.928918  -0.620 5.531e+06  40.00     2.745854   3.0     4.674653   3.0 CB   
   643.6166    643.4388    1.926615  -0.090 1.454e+07  40.00     2.797754   5.0     4.724252   4.0 CB   
   644.7528    644.5747    1.923220  -0.830 3.390e+06  40.00     0.999045   4.0     2.922148   3.0 BG   
   645.3366    645.1583    1.921481  -2.510 1.650e+05  40.00     0.622865   2.0     2.544228   1.0 CB   
   645.9431    645.7646    1.919677  -1.700 6.379e+05  40.00     1.443363   2.0     3.362921   2.0 CB   
   647.2006    647.0218    1.915947  -0.810 2.242e+06  40.00     1.582227   4.0     3.498056   5.0 CB   
   648.6128    648.4336    1.911775  -2.750 9.398e+04  40.00     0.632570   2.0     2.544228   1.0 CB   
   649.1466    648.9673    1.910203  -0.850 2.484e+06  40.00     1.550334   3.0     3.460419   4.0 CB   
   649.4873    649.3079    1.909201  -1.520 6.822e+05  40.00     1.582227   4.0     3.491311   3.0 CB   
   650.5030    650.3233    1.906220  -1.200 1.989e+06  40.00     1.550334   3.0     3.456436   2.0 CB   
   650.8235    650.6437    1.905281  -2.110 2.445e+05  40.00     0.632570   2.0     2.537735   2.0 CB   
   655.2338    655.0528    1.892457  -1.440 1.880e+06  40.00     1.443363   2.0     3.335704   1.0 CB   
   657.1270    656.9455    1.887005  -2.300 1.548e+05  40.00     0.650846   3.0     2.537735   2.0 CB   
   657.8402    657.6585    1.884959  -3.250 1.238e+04  40.00     0.000000   2.0     1.884843   3.0 CB   
   659.3858    659.2037    1.880541  -1.280 1.610e+06  40.00     1.482496   3.0     3.362921   2.0 CB   
   659.8556    659.6734    1.879202  -1.980 2.292e+05  40.00     1.482496   3.0     3.361582   3.0 CB   
   660.0682    659.8859    1.878597  -3.440 6.176e+03  40.00     0.070727   3.0     1.949208   4.0 CB   
   660.5068    660.3244    1.877349  -1.230 1.286e+06  40.00     1.530362   4.0     3.407596   3.0 CB   
   662.2402    662.0574    1.872435  -0.970 1.482e+06  40.00     2.323489   5.0     4.195809   5.0 CB   
   669.0055    668.8208    1.853500  -2.510 9.211e+04  40.00     0.542626   1.0     2.396012   2.0 CB   
   670.3990    670.2140    1.849647  -1.930 3.487e+05  40.00     1.443363   2.0     3.292896   2.0 CB   
   671.1553    670.9701    1.847563  -2.630 1.157e+05  40.00     0.520378   0.0     2.367828   1.0 CB   
   671.9749    671.7894    1.845310  -1.610 5.180e+05  40.00     1.365983   2.0     3.211179   3.0 CB   
   675.4603    675.2739    1.835788  -1.820 3.161e+05  40.00     0.999045   4.0     2.834720   3.0 CB   
   676.4280    676.2413    1.833162  -2.660 6.378e+04  40.00     0.000000   2.0     1.833049   2.0 CB   
   677.1035    676.9167    1.831333  -0.940 2.386e+06  40.00     1.530362   4.0     3.361582   3.0 CB   
   677.4787    677.2918    1.830318  -1.630 6.813e+05  40.00     1.349704   1.0     3.179909   2.0 CB   
   679.2740    679.0866    1.825481  -1.320 9.884e+05  40.00     1.582227   4.0     3.407596   3.0 CB   
   679.8531    679.6655    1.823926  -1.760 5.016e+05  40.00     1.779142   2.0     3.602956   2.0 CB   
   683.0703    682.8819    1.815335  -1.380 8.513e+05  40.00     1.395955   3.0     3.211179   3.0 CB   
   683.4873    683.2987    1.814228  -2.800 3.233e+04  40.00     0.070727   3.0     1.884843   3.0 CB   
   683.5588    683.3702    1.814038  -2.230 1.681e+05  40.00     1.365983   2.0     3.179909   2.0 CB   
   684.7200    684.5311    1.810962  -1.950 5.321e+05  40.00     1.349704   1.0     3.160554   1.0 CB   
   684.8297    684.6408    1.810672  -2.540 5.860e+04  40.00     0.622865   2.0     2.433426   3.0 CB   
   684.8902    684.7013    1.810512  -0.940 3.265e+06  40.00     1.482496   3.0     3.292896   2.0 CB   
   685.1169    684.9279    1.809913  -1.450 5.602e+05  40.00     1.530362   4.0     3.340164   4.0 CB   
   685.4489    685.2598    1.809036  -1.770 2.679e+05  40.00     1.530362   4.0     3.339287   4.0 CB   
   685.6495    685.4604    1.808507  -2.820 2.386e+04  40.00     0.650846   3.0     2.459241   4.0 CB   
   685.9750    685.7858    1.807649  -1.960 2.220e+05  40.00     1.822322   3.0     3.629860   3.0 CB   
   688.5203    688.3304    1.800966  -2.960 2.204e+04  40.00     0.632570   2.0     2.433426   3.0 CB   
   689.0179    688.8279    1.799665  -0.860 6.465e+06  40.00     1.443363   2.0     3.242918   1.0 CB   
   690.2479    690.0575    1.796459  -1.420 7.604e+05  40.00     1.482496   3.0     3.278844   3.0 CB   
   690.6306    690.4401    1.795463  -2.990 1.590e+04  40.00     0.153855   4.0     1.949208   4.0 CB   
   690.9313    690.7407    1.794682  -1.540 1.343e+06  40.00     1.365983   2.0     3.160554   1.0 CB   
   691.8830    691.6922    1.792213  -2.470 9.443e+04  40.00     0.603909   1.0     2.396012   2.0 CB   
   692.4196    692.2286    1.790824  -2.020 1.022e+05  40.00     1.583730   5.0     3.374444   6.0 CB   
   693.4341    693.2429    1.788204  -1.740 5.048e+05  40.00     1.443363   2.0     3.231457   2.0 CB   
   695.0435    694.8518    1.784064  -1.510 8.534e+05  40.00     1.395955   3.0     3.179909   2.0 CB   
   695.5791    695.3873    1.782690  -1.550 5.551e+05  40.00     0.650846   3.0     2.433426   3.0 CB   
   696.8399    696.6477    1.779464  -1.030 1.831e+06  40.00     1.582227   4.0     3.361582   3.0 CB   
   697.7885    697.5961    1.777045  -1.950 2.196e+05  40.00     1.443363   2.0     3.220299   3.0 CB   
   699.2797    699.0869    1.773256  -1.220 1.644e+06  40.00     0.622865   2.0     2.396012   2.0 BG   
   699.6314    699.4385    1.772364  -1.790 2.456e+05  40.00     0.686986   4.0     2.459241   4.0 CB   
   700.7394    700.5462    1.769562  -1.910 2.387e+05  40.00     1.482496   3.0     3.251949   3.0 CB   
   702.9383    702.7445    1.764026  -1.780 7.467e+05  40.00     0.603909   1.0     2.367828   1.0 CB   
   705.9335    705.7389    1.756542  -1.410 5.786e+05  40.00     1.583730   5.0     3.340164   4.0 CB   
   708.9267    708.7313    1.749125  -1.640 3.040e+06  40.00     0.603909   1.0     2.352927   0.0 CB   
   709.1440    708.9485    1.748590  -1.470 6.420e+05  40.00     1.530362   4.0     3.278844   3.0 CB   
   709.6552    709.4596    1.747330  -1.320 5.763e+05  40.00     1.530362   4.0     3.277585   5.0 CB   
   709.7615    709.5659    1.747068  -1.250 1.064e+06  40.00     1.443363   2.0     3.190324   3.0 CB   
   709.9731    709.7774    1.746548  -0.570 5.088e+06  40.00     0.686986   4.0     2.433426   3.0 BG   
   710.4912    710.2954    1.745274  -0.840 3.820e+06  40.00     0.650846   3.0     2.396012   2.0 BG   
   710.5745    710.3786    1.745069  -1.530 1.300e+06  40.00     0.622865   2.0     2.367828   1.0 CB   
   711.3666    711.1705    1.743126  -1.720 3.588e+05  40.00     0.519046   2.0     2.262066   3.0 CB   
   711.4794    711.2833    1.742850  -1.310 7.171e+05  40.00     1.482496   3.0     3.225239   4.0 CB   
   711.5528    711.3567    1.742670  -1.590 6.772e+05  40.00     1.550334   3.0     3.292896   2.0 CB   
   713.5018    713.3052    1.737910  -1.840 2.705e+05  40.00     1.482496   3.0     3.220299   3.0 CB   
   714.0307    713.8339    1.736622  -1.910 1.463e+05  40.00     1.582227   4.0     3.318743   5.0 CB   
   714.2775    714.0807    1.736022  -1.670 3.106e+05  40.00     1.530362   4.0     3.266278   4.0 CB   
   714.6491    714.4522    1.735120  -1.740 2.160e+05  40.00     1.583730   5.0     3.318743   5.0 CB   
   717.1106    716.9130    1.729164  -0.880 1.900e+06  40.00     0.730184   5.0     2.459241   4.0 CB   
   720.3578    720.1593    1.721369  -0.830 1.728e+06  40.00     1.874725   6.0     3.595989   5.0 CB   
   726.0250    725.8250    1.707933  -1.840 2.613e+05  40.00     1.482496   3.0     3.190324   3.0 CB   
   726.6761    726.4759    1.706402  -1.010 1.372e+06  40.00     1.858464   5.0     3.564761   4.0 CB   
   728.6755    728.4748    1.701720  -1.950 2.014e+05  40.00     1.550334   3.0     3.251949   3.0 CB   
   730.8221    730.6208    1.696722  -1.530 5.265e+05  40.00     1.582227   4.0     3.278844   3.0 CB   
   731.3652    731.1637    1.695462  -1.430 4.212e+05  40.00     1.582227   4.0     3.277585   5.0 CB   
   731.5728    731.3713    1.694981  -1.330 6.477e+05  40.00     1.530362   4.0     3.225239   4.0 CB   
   732.0140    731.8124    1.693959  -0.870 1.526e+06  40.00     1.583730   5.0     3.277585   5.0 CB   
   733.8087    733.6066    1.689816  -2.170 1.675e+05  40.00     0.519046   2.0     2.208759   2.0 CB   
   734.5930    734.3907    1.688012  -0.880 2.328e+06  40.00     1.834009   4.0     3.521917   3.0 CB   
   737.5577    737.3546    1.681227  -1.560 6.754e+05  40.00     1.550334   3.0     3.231457   2.0 CB   
   737.6922    737.4890    1.680920  -1.980 1.833e+05  40.00     1.530362   4.0     3.211179   3.0 CB   
   738.5606    738.3572    1.678944  -1.160 9.400e+05  40.00     1.858464   5.0     3.537304   4.0 CB   
   740.2961    740.0922    1.675008  -1.720 2.577e+05  40.00     1.550334   3.0     3.225239   4.0 CB   
   741.3470    741.1429    1.672633  -1.540 2.692e+05  40.00     1.874725   6.0     3.547256   6.0 CB   
   741.9922    741.7879    1.671179  -1.760 7.018e+05  40.00     1.751148   1.0     3.422224   1.0 CB   
   742.4858    742.2814    1.670068  -1.860 2.386e+05  40.00     1.550334   3.0     3.220299   3.0 CB   
   743.5215    743.3168    1.667742  -1.670 8.598e+05  40.00     1.751148   1.0     3.418787   1.0 CB   
   744.1938    743.9889    1.666235  -1.810 3.731e+05  40.00     0.542626   1.0     2.208759   2.0 CB   
   746.9605    746.7548    1.660063  -1.630 4.003e+05  40.00     1.530362   4.0     3.190324   3.0 CB   
   748.1592    747.9532    1.657404  -1.380 7.096e+05  40.00     1.834009   4.0     3.491311   3.0 CB   
   750.4933    750.2867    1.652249  -1.690 4.836e+05  40.00     1.779142   2.0     3.431290   2.0 CB   
   751.7786    751.5716    1.649424  -1.330 5.018e+05  40.00     1.946666   4.0     3.595989   5.0 CB   
   752.0069    751.7999    1.648923  -1.150 9.278e+05  40.00     2.201206   4.0     3.850029   4.0 CB   
   752.3096    752.1025    1.648260  -1.550 3.691e+05  40.00     1.916603   3.0     3.564761   4.0 CB   
   754.2741    754.0665    1.643967  -1.240 9.638e+05  40.00     1.878051   2.0     3.521917   3.0 CB   
   754.6663    754.4586    1.643113  -1.540 3.753e+05  40.00     1.582227   4.0     3.225239   4.0 CB   
   755.3572    755.1493    1.641610  -1.360 5.670e+05  40.00     1.583730   5.0     3.225239   4.0 CB   
   755.5119    755.3039    1.641274  -3.040 1.522e+04  40.00     0.519046   2.0     2.160219   3.0 CB   
   755.6860    755.4780    1.640895  -2.280 2.043e+05  40.00     0.520378   0.0     2.161173   1.0 CB   
   756.0568    755.8487    1.640091  -1.470 5.648e+05  40.00     1.550334   3.0     3.190324   3.0 CB   
   756.2158    756.0076    1.639746  -1.560 1.071e+06  40.00     1.779142   2.0     3.418787   1.0 CB   
   756.2403    756.0321    1.639693  -1.720 2.020e+05  40.00     1.858464   5.0     3.498056   5.0 CB   
   756.4211    756.2129    1.639301  -2.710 3.247e+04  40.00     0.622865   2.0     2.262066   3.0 CB   
   760.9261    760.7167    1.629595  -1.880 2.169e+05  40.00     0.632570   2.0     2.262066   3.0 CB   
   761.2957    761.0862    1.628804  -2.960 2.524e+04  40.00     0.542626   1.0     2.171330   2.0 CB   
   761.4129    761.2033    1.628554  -1.500 5.197e+05  40.00     1.779142   2.0     3.407596   3.0 CB   
   762.3119    762.1021    1.626633  -1.720 2.430e+05  40.00     1.395955   3.0     3.022489   4.0 CB   
   762.3694    762.1596    1.626510  -1.890 1.643e+05  40.00     1.834009   4.0     3.460419   4.0 CB   
   766.0734    765.8626    1.618646  -2.380 1.579e+05  40.00     0.542626   1.0     2.161173   1.0 CB   
   769.2929    769.0812    1.611872  -1.420 8.570e+05  40.00     1.751148   1.0     3.362921   2.0 CB   
   770.6345    770.4225    1.609066  -1.460 7.789e+05  40.00     1.822322   3.0     3.431290   2.0 CB   
   771.0517    770.8395    1.608195  -1.840 2.317e+05  40.00     1.582227   4.0     3.190324   3.0 CB   
   772.4638    772.2513    1.605255  -0.920 1.920e+06  40.00     2.745854   3.0     4.351011   3.0 CB   
   772.6119    772.3993    1.604948  -2.850 3.157e+04  40.00     0.603909   1.0     2.208759   2.0 CB   
   776.7895    776.5758    1.596316  -2.990 2.262e+04  40.00     0.519046   2.0     2.115265   2.0 CB   
   776.8571    776.6434    1.596177  -2.060 1.375e+05  40.00     1.365983   2.0     2.962062   3.0 CB   
   780.2874    780.0728    1.589160  -0.960 4.004e+06  40.00     2.703188   1.0     4.292250   1.0 CB   
   781.8468    781.6317    1.585991  -2.710 4.255e+04  40.00     0.622865   2.0     2.208759   2.0 CB   
   782.1526    781.9374    1.585371  -0.380 6.493e+06  40.00     1.822322   3.0     3.407596   3.0 BG   
   782.5069    782.2917    1.584653  -1.140 2.630e+06  40.00     1.751148   1.0     3.335704   1.0 CB   
   782.8905    782.6751    1.583876  -1.050 1.940e+06  40.00     1.779142   2.0     3.362921   2.0 CB   
   785.1525    784.9365    1.579313  -1.300 4.930e+05  40.00     0.686986   4.0     2.266202   5.0 BG   
   787.2144    786.9979    1.575177  -2.190 9.928e+04  40.00     0.686986   4.0     2.262066   3.0 CB   
   787.8420    787.6253    1.573922  -0.520 4.636e+06  40.00     2.777185   4.0     4.351011   3.0 CB   
   788.4364    788.2196    1.572735  -2.670 4.588e+04  40.00     0.542626   1.0     2.115265   2.0 CB   
   790.0255    789.8082    1.569572  -2.910 1.878e+04  40.00     0.519046   2.0     2.088522   3.0 CB   
   791.0611    790.8435    1.567517  -2.610 5.233e+04  40.00     0.603909   1.0     2.171330   2.0 CB   
   792.6311    792.4131    1.564412  -0.920 2.553e+06  40.00     2.745854   3.0     4.310170   2.0 CB   
   794.2761    794.0577    1.561172  -2.610 8.651e+04  40.00     0.520378   0.0     2.081454   1.0 CB   
   794.6813    794.4628    1.560376  -1.560 3.232e+05  40.00     0.650846   3.0     2.211126   4.0 CB   
   795.8888    795.6699    1.558009  -1.860 2.907e+05  40.00     0.650846   3.0     2.208759   2.0 CB   
   796.2208    796.0019    1.557359  -1.910 4.315e+05  40.00     0.603909   1.0     2.161173   1.0 CB   
   796.5798    796.3608    1.556657  -1.360 1.529e+06  40.00     1.779142   2.0     3.335704   1.0 CB   
   800.7450    800.5248    1.548560  -1.590 5.348e+05  40.00     0.622865   2.0     2.171330   2.0 CB   
   801.7458    801.5254    1.546627  -2.220 1.250e+05  40.00     1.365983   2.0     2.912515   2.0 CB   
   804.2335    804.0124    1.541843  -2.090 1.676e+05  40.00     1.751148   1.0     3.292896   2.0 CB   
   804.8335    804.6122    1.540694  -1.220 1.241e+06  40.00     1.822322   3.0     3.362921   2.0 CB   
   805.5337    805.3122    1.539354  -1.410 5.713e+05  40.00     1.822322   3.0     3.361582   3.0 CB   
   805.7595    805.5380    1.538923  -2.590 8.802e+04  40.00     0.542626   1.0     2.081454   1.0 CB   
   805.7952    805.5737    1.538855  -2.480 6.803e+04  40.00     0.632570   2.0     2.171330   2.0 CB   
   806.0323    805.8107    1.538402  -2.020 3.268e+05  40.00     0.622865   2.0     2.161173   1.0 CB   
   806.5322    806.3105    1.537448  -1.620 3.514e+05  40.00     0.622865   2.0     2.160219   3.0 CB   
   807.2334    807.0115    1.536113  -0.790 1.509e+06  40.00     0.730184   5.0     2.266202   5.0 CB   
   811.6560    811.4329    1.527743  -2.790 2.346e+04  40.00     0.632570   2.0     2.160219   3.0 CB   
   812.2461    812.0228    1.526633  -0.820 1.700e+06  40.00     2.323489   5.0     3.850029   4.0 CB   
   813.5247    813.3011    1.524234  -1.130 8.301e+05  40.00     0.686986   4.0     2.211126   4.0 CB   
   815.4805    815.2563    1.520578  -2.470 6.797e+04  40.00     0.650846   3.0     2.171330   2.0 CB   
   819.1061    818.8810    1.513847  -1.590 5.111e+05  40.00     1.779142   2.0     3.292896   2.0 CB   
   819.6923    819.4670    1.512765  -1.490 6.425e+05  40.00     1.349704   1.0     2.862376   2.0 CB   
   820.4065    820.1810    1.511448  -2.050 1.766e+05  40.00     0.603909   1.0     2.115265   2.0 CB   
   821.4835    821.2577    1.509466  -1.320 6.758e+05  40.00     0.650846   3.0     2.160219   3.0 CB   
   824.2596    824.0331    1.504382  -1.020 1.339e+06  40.00     2.125570   2.0     3.629860   3.0 CB   
   828.6096    828.3819    1.496485  -1.470 6.583e+05  40.00     1.365983   2.0     2.862376   2.0 CB   
   830.2096    829.9815    1.493601  -2.070 1.177e+05  40.00     1.530362   4.0     3.023871   3.0 CB   
   830.8270    830.5987    1.492491  -1.660 4.228e+05  40.00     0.622865   2.0     2.115265   2.0 CB   
   831.1778    830.9494    1.491861  -1.850 4.546e+05  40.00     1.751148   1.0     3.242918   1.0 CB   
   832.2431    832.0144    1.489951  -2.890 1.378e+04  40.00     0.686986   4.0     2.176846   4.0 CB   
   833.4708    833.2418    1.487757  -1.190 1.240e+06  40.00     2.115291   1.0     3.602956   2.0 CB   
   837.2544    837.0244    1.481033  -2.000 1.057e+05  40.00     0.730184   5.0     2.211126   4.0 CB   
   839.1797    838.9491    1.477636  -1.760 5.486e+05  40.00     0.603909   1.0     2.081454   1.0 CB   
   841.6353    841.4041    1.473324  -1.890 1.733e+05  40.00     0.686986   4.0     2.160219   3.0 CB   
   845.5459    845.3136    1.466510  -1.350 8.335e+05  40.00     1.395955   3.0     2.862376   2.0 CB   
   845.9865    845.7541    1.465746  -3.040 1.214e+04  40.00     0.622865   2.0     2.088522   3.0 CB   
   846.7013    846.4687    1.464509  -2.080 1.548e+05  40.00     0.650846   3.0     2.115265   2.0 CB   
   849.8451    849.6117    1.459091  -1.370 7.879e+05  40.00     2.125570   2.0     3.584572   2.0 CB   
   850.0857    849.8522    1.458679  -2.220 1.854e+05  40.00     0.622865   2.0     2.081454   1.0 CB   
   851.6255    851.3916    1.456041  -3.110 1.020e+04  40.00     0.632570   2.0     2.088522   3.0 CB   
   851.7386    851.5047    1.455848  -1.640 7.021e+05  40.00     2.115291   1.0     3.571049   1.0 CB   
   857.0941    856.8587    1.446751  -2.800 1.599e+04  40.00     0.730184   5.0     2.176846   4.0 CB   
   857.3440    857.1085    1.446329  -2.070 8.582e+04  40.00     1.530362   4.0     2.976603   4.0 CB   
   858.6639    858.4281    1.444106  -1.320 3.936e+05  40.00     1.874725   6.0     3.318743   5.0 CB   
   859.0224    858.7865    1.443503  -2.120 1.371e+05  40.00     1.482496   3.0     2.925911   2.0 CB   
   861.2678    861.0313    1.439740  -2.270 6.898e+04  40.00     1.482496   3.0     2.922148   3.0 CB   
   873.7280    873.4881    1.419208  -1.600 1.995e+05  40.00     1.858464   5.0     3.277585   5.0 CB   
   875.1985    874.9582    1.416823  -2.790 2.825e+04  40.00     0.603909   1.0     2.020646   2.0 CB   
   878.8736    878.6323    1.410899  -2.010 2.813e+05  40.00     1.443363   2.0     2.854175   1.0 CB   
   880.7453    880.5035    1.407900  -1.390 3.892e+05  40.00     1.858464   5.0     3.266278   4.0 CB   
   883.8560    883.6134    1.402945  -0.740 1.412e+06  40.00     1.874725   6.0     3.277585   5.0 CB   
   890.1929    889.9486    1.392958  -1.090 7.602e+05  40.00     1.583730   5.0     2.976603   4.0 CB   
   901.7653    901.5178    1.375083  -1.200 3.981e+05  40.00     0.730184   5.0     2.105182   6.0 MULT 
   927.9520    927.6974    1.336278  -1.000 7.042e+05  40.00     0.686986   4.0     2.023182   5.0 MULT 
   954.9922    954.7303    1.298442  -1.000 8.126e+05  40.00     0.650846   3.0     1.949208   4.0 MULT 
   982.5257    982.2564    1.262055  -1.200 6.228e+05  40.00     0.622865   2.0     1.884843   3.0 MULT 
  1008.7754   1008.4989    1.229215  -1.500 4.145e+05  40.00     0.603909   1.0     1.833049   2.0 MULT 

Number of lines in output : 699
Parameter set used in search:
Lower wavelength limit: 200.0000 nm
Upper wavelength limit: 2000.0000 nm
Lower limit on log gf: -5.000 Upper limit on log gf: 3.000 Lower limit on energy for lower level: 0.000 cm^-1
Upper limit on energy for lower level: 1000000.000 cm^-1
Lower limit on energy for upper level: 0.000 cm^-1
Upper limit on energy for upper level: 1000000.000 cm^-1
Element list:
Zr I ( = 40.00 )
Search program by Claas Heise (heise@fz.telekom.de), Jan 17, 1996
