Number of lines in output :  694
--------------------------------------------------------------------------------------------------------
    Wl_vac      Wl_air    E_Photon   log_gf   A-Value   Elem. E_lower_lev.   J   E_upper_lev.   J   Ref.
     / nm        / nm       / eV               / 1/s   (Code)     / eV     lower     / eV     upper     
--------------------------------------------------------------------------------------------------------
   201.8576    201.7925    6.142223  -1.812 1.262e+07   6.01    16.332842   0.5    22.475417   0.5 MC   
   201.9030    201.8379    6.140840  -1.512 2.517e+07   6.01    16.334224   1.5    22.475417   0.5 MC   
   202.3781    202.3129    6.126426  -3.190 2.629e+05   6.01    20.702682   0.5    26.829459   1.5 KP   
   202.3888    202.3236    6.126101  -3.250 1.526e+05   6.01    20.705608   1.5    26.832061   2.5 KP   
   202.4467    202.3815    6.124349  -3.890 1.048e+05   6.01    20.702682   0.5    26.827383   0.5 KP   
   202.4748    202.4096    6.123500  -3.690 8.305e+04   6.01    20.705608   1.5    26.829459   1.5 KP   
   202.5436    202.4783    6.121423  -3.190 5.249e+05   6.01    20.705608   1.5    26.827383   0.5 KP   
   202.5733    202.5080    6.120524  -2.880 3.571e+05   6.01    20.711185   2.5    26.832061   2.5 KP   
   202.6594    202.5941    6.117923  -3.160 2.809e+05   6.01    20.711185   2.5    26.829459   1.5 KP   
   203.8748    203.8093    6.081451  -1.840 3.866e+06   6.01    22.900308   1.5    28.982108   2.5 KP   
   204.0719    204.0064    6.075574  -2.010 3.913e+06   6.01    22.900308   1.5    28.976231   1.5 KP   
   204.1653    204.0998    6.072797  -2.310 3.919e+06   6.01    22.900308   1.5    28.973453   0.5 KP   
   204.9154    204.8497    6.050569  -2.750 7.062e+05   6.01    20.702682   0.5    26.753598   1.5 KP   
   205.0145    204.9488    6.047643  -2.450 1.408e+06   6.01    20.705608   1.5    26.753598   1.5 KP   
   205.2037    205.1380    6.042066  -2.270 2.127e+06   6.01    20.711185   2.5    26.753598   1.5 KP   
   205.2446    205.1789    6.040861  -1.500 1.252e+07   6.01    22.529034   0.5    28.570242   1.5 GUES 
   205.2462    205.1805    6.040815  -1.000 2.639e+07   6.01    22.530816   1.5    28.571978   2.5 GUES 
   205.2463    205.1806    6.040812  -1.500 6.259e+06   6.01    22.533918   2.5    28.575077   3.5 GUES 
   205.2837    205.2179    6.039714  -1.500 5.005e+06   6.01    22.538427   3.5    28.578487   4.5 GUES 
   209.1800    209.1135    5.927212  -1.730 7.096e+06   6.01    20.702682   0.5    26.630234   1.5 KP   
   209.1852    209.1187    5.927067  -1.340 1.161e+07   6.01    20.705608   1.5    26.633015   2.5 KP   
   209.2310    209.1645    5.925768  -1.080 1.584e+07   6.01    20.711185   2.5    26.637293   3.5 KP   
   209.2366    209.1701    5.925609  -1.730 1.418e+07   6.01    20.702682   0.5    26.628631   0.5 KP   
   209.2833    209.2168    5.924286  -1.620 9.133e+06   6.01    20.705608   1.5    26.630234   1.5 KP   
   209.3400    209.2735    5.922683  -2.420 2.893e+06   6.01    20.705608   1.5    26.628631   0.5 KP   
   209.3821    209.3156    5.921490  -1.710 4.944e+06   6.01    20.711185   2.5    26.633015   2.5 KP   
   209.4806    209.4140    5.918709  -2.650 8.507e+05   6.01    20.711185   2.5    26.630234   1.5 KP   
   211.4298    211.3629    5.864141  -1.860 3.433e+06   6.01    23.117631   1.5    28.982108   2.5 KP   
   211.5298    211.4628    5.861372  -1.490 8.040e+06   6.01    23.120399   2.5    28.982108   2.5 KP   
   211.5688    211.5018    5.860290  -1.890 4.799e+06   6.01    23.115604   0.5    28.976231   1.5 KP   
   211.6420    211.5750    5.858264  -2.380 1.552e+06   6.01    23.117631   1.5    28.976231   1.5 KP   
   211.6691    211.6021    5.857512  -2.590 1.913e+06   6.01    23.115604   0.5    28.973453   0.5 KP   
   211.7420    211.6750    5.855495  -1.860 5.134e+06   6.01    23.120399   2.5    28.976231   1.5 KP   
   211.7424    211.6754    5.855486  -1.890 9.583e+06   6.01    23.117631   1.5    28.973453   0.5 KP   
   213.8089    213.7415    5.798891  -1.080 3.034e+07   6.01    16.332842   0.5    22.132066   1.5 KP   
   213.8571    213.7897    5.797583  -0.830 3.595e+07   6.01    16.334224   1.5    22.132140   2.5 KP   
   213.8599    213.7925    5.797508  -1.780 6.051e+06   6.01    16.334224   1.5    22.132066   1.5 KP   
   215.5376    215.4698    5.752381  -2.000 7.179e+06   6.01    22.900308   1.5    28.653019   0.5 GUES 
   215.6069    215.5391    5.750534  -2.000 3.587e+06   6.01    22.900308   1.5    28.651172   1.5 GUES 
   215.6943    215.6265    5.748203  -1.500 7.556e+06   6.01    22.900308   1.5    28.648841   2.5 GUES 
   217.4532    217.3850    5.701709  -1.842 5.074e+06   6.01    14.449802   0.5    20.151838   1.5 MC   
   217.4848    217.4166    5.700880  -2.142 5.084e+06   6.01    14.449802   0.5    20.151009   0.5 MC   
   218.8163    218.7479    5.666187  -2.000 3.483e+06   6.01    20.921206   0.5    26.587719   1.5 GUES 
   218.9063    218.8378    5.663859  -1.500 1.100e+07   6.01    20.923534   1.5    26.587719   1.5 GUES 
   218.9392    218.8707    5.663010  -2.000 6.957e+06   6.01    20.921206   0.5    26.584542   0.5 GUES 
   219.0291    218.9606    5.660683  -2.000 6.952e+06   6.01    20.923534   1.5    26.584542   0.5 GUES 
   224.1690    224.0994    5.530893  -2.000 2.212e+06   6.01    23.117631   1.5    28.648841   2.5 GUES 
   224.1867    224.1171    5.530455  -2.000 3.318e+06   6.01    23.120399   2.5    28.651172   1.5 GUES 
   224.2812    224.2116    5.528124  -2.000 2.210e+06   6.01    23.120399   2.5    28.648841   2.5 GUES 
   225.0279    224.9582    5.509779  -2.000 2.195e+06   6.01    17.610304   1.5    23.120399   2.5 GUES 
   225.1411    225.0713    5.507010  -2.000 3.290e+06   6.01    17.610304   1.5    23.117631   1.5 GUES 
   225.2240    225.1542    5.504985  -2.000 6.575e+06   6.01    17.610304   1.5    23.115604   0.5 GUES 
   225.5924    225.5225    5.495996  -2.000 3.277e+06   6.01    23.115604   0.5    28.611916   1.5 GUES 
   225.6373    225.5674    5.494900  -2.000 2.183e+06   6.01    23.117631   1.5    28.612846   2.5 GUES 
   225.6755    225.6056    5.493970  -1.500 1.035e+07   6.01    23.117631   1.5    28.611916   1.5 GUES 
   225.6884    225.6185    5.493656  -1.700 3.266e+06   6.01    23.120399   2.5    28.614371   3.5 GUES 
   225.7511    225.6812    5.492131  -2.000 2.181e+06   6.01    23.120399   2.5    28.612846   2.5 GUES 
   226.7226    226.6525    5.468597  -2.460 7.499e+05   6.01    22.530816   1.5    27.999727   2.5 KP   
   226.8512    226.7811    5.465495  -1.510 6.676e+06   6.01    22.533918   2.5    27.999727   2.5 KP   
   226.8852    226.8151    5.464676  -2.230 1.907e+06   6.01    22.529034   0.5    27.994024   1.5 KP   
   226.9593    226.8891    5.462894  -1.430 1.203e+07   6.01    22.530816   1.5    27.994024   1.5 KP   
   227.0079    226.9377    5.461725  -1.530 1.910e+07   6.01    22.529034   0.5    27.991073   0.5 KP   
   227.0385    226.9683    5.460987  -0.860 2.977e+07   6.01    22.538427   3.5    27.999727   2.5 KP   
   227.0819    227.0117    5.459943  -1.530 1.909e+07   6.01    22.530816   1.5    27.991073   0.5 KP   
   227.0882    227.0180    5.459792  -1.130 2.397e+07   6.01    22.533918   2.5    27.994024   1.5 KP   
   234.3903    234.3185    5.289700  -2.000 3.035e+06   6.01    17.610304   1.5    22.900308   1.5 GUES 
   237.5730    237.5005    5.218836  -0.940 2.261e+07   6.01    18.047027   1.5    23.266162   2.5 KP   
   237.5810    237.5085    5.218659  -0.780 2.451e+07   6.01    18.047204   2.5    23.266162   3.5 KP   
   237.5810    237.5085    5.218659  -2.080 1.638e+06   6.01    18.047204   2.5    23.266162   2.5 KP   
   240.2491    240.1760    5.160704  -1.365 2.493e+07   6.01    16.332842   0.5    21.493843   0.5 MC   
   240.3134    240.2403    5.159322  -1.065 4.972e+07   6.01    16.334224   1.5    21.493843   0.5 MC   
   242.7468    242.6731    5.107605  -1.800 4.485e+06   6.01    18.047204   2.5    23.155102   1.5 GUES 
   243.1504    243.0766    5.099127  -1.390 7.660e+06   6.01    22.900308   1.5    27.999727   2.5 KP   
   243.2856    243.2118    5.096293  -1.800 1.786e+06   6.01    24.275975   3.5    29.372560   4.5 GUES 
   243.3560    243.2822    5.094817  -3.740 2.562e+04   6.01    24.275975   3.5    29.371085   3.5 KP   
   243.3638    243.2900    5.094655  -1.800 2.231e+06   6.01    24.273509   2.5    29.368456   3.5 GUES 
   243.4226    243.3488    5.093424  -1.560 7.751e+06   6.01    22.900308   1.5    27.994024   1.5 KP   
   243.5013    243.4275    5.091777  -0.220 5.649e+07   6.01    24.279437   4.5    29.371507   5.5 KP   
   243.5215    243.4476    5.091355  -2.800 2.228e+05   6.01    24.279437   4.5    29.371085   3.5 KP   
   243.5436    243.4697    5.090894  -0.590 4.817e+07   6.01    24.271864   1.5    29.363050   2.5 KP   
   243.5611    243.4872    5.090527  -0.340 5.139e+07   6.01    24.275975   3.5    29.366795   4.5 KP   
   243.5612    243.4873    5.090526  -0.470 4.762e+07   6.01    24.273509   2.5    29.364327   3.5 KP   
   243.5637    243.4898    5.090473  -1.860 7.760e+06   6.01    22.900308   1.5    27.991073   0.5 KP   
   243.6223    243.5484    5.089249  -1.390 7.630e+06   6.01    24.273509   2.5    29.363050   2.5 KP   
   243.6792    243.6053    5.088060  -1.270 7.540e+06   6.01    24.275975   3.5    29.364327   3.5 KP   
   243.7268    243.6529    5.087066  -1.380 4.681e+06   6.01    24.279437   4.5    29.366795   4.5 KP   
   243.7404    243.6665    5.086783  -2.820 2.832e+05   6.01    24.275975   3.5    29.363050   2.5 KP   
   243.8451    243.7712    5.084598  -2.930 1.647e+05   6.01    24.279437   4.5    29.364327   3.5 KP   
   244.2275    244.1535    5.076636  -2.370 7.950e+05   6.01    24.271864   1.5    29.348791   2.5 KP   
   244.2530    244.1790    5.076106  -2.240 8.042e+05   6.01    24.273509   2.5    29.349907   3.5 KP   
   244.2574    244.1834    5.076016  -1.770 4.746e+06   6.01    24.271864   1.5    29.348171   1.5 KP   
   244.3067    244.2327    5.074991  -1.660 4.075e+06   6.01    24.273509   2.5    29.348791   2.5 KP   
   244.3365    244.2625    5.074371  -2.370 1.191e+06   6.01    24.273509   2.5    29.348171   1.5 KP   
   244.3651    244.2911    5.073777  -2.350 4.989e+05   6.01    24.275975   3.5    29.350043   4.5 KP   
   244.3717    244.2977    5.073640  -1.480 4.623e+06   6.01    24.275975   3.5    29.349907   3.5 KP   
   244.4256    244.3515    5.072525  -2.250 1.046e+06   6.01    24.275975   3.5    29.348791   2.5 KP   
   244.5320    244.4579    5.070315  -1.310 5.463e+06   6.01    24.279437   4.5    29.350043   4.5 KP   
   244.5386    244.4645    5.070179  -2.350 6.228e+05   6.01    24.279437   4.5    29.349907   3.5 KP   
   248.1021    248.0272    4.997355  -2.060 1.180e+06   6.01    24.373443   2.5    29.371085   3.5 KP   
   248.1646    248.0897    4.996097  -1.280 7.105e+06   6.01    24.374701   3.5    29.371085   3.5 KP   
   249.1580    249.0828    4.976178  -0.550 3.785e+07   6.01    24.373443   2.5    29.349907   3.5 KP   
   249.1583    249.0831    4.976172  -0.940 3.084e+07   6.01    24.371714   0.5    29.348171   1.5 KP   
   249.1617    249.0865    4.976105  -0.740 3.258e+07   6.01    24.372400   1.5    29.348791   2.5 KP   
   249.1927    249.1175    4.975485  -1.340 1.227e+07   6.01    24.372400   1.5    29.348171   1.5 KP   
   249.2139    249.1387    4.975062  -1.220 1.079e+07   6.01    24.373443   2.5    29.348791   2.5 KP   
   249.2141    249.1389    4.975057  -0.380 4.477e+07   6.01    24.374701   3.5    29.350043   4.5 KP   
   249.2210    249.1458    4.974921  -1.330 6.279e+06   6.01    24.374701   3.5    29.349907   3.5 KP   
   249.2449    249.1697    4.974442  -2.490 8.686e+05   6.01    24.373443   2.5    29.348171   1.5 KP   
   249.2769    249.2017    4.973805  -2.630 4.194e+05   6.01    24.374701   3.5    29.348791   2.5 KP   
   250.9882    250.9126    4.939892  -0.537 7.687e+07   6.01    13.716574   0.5    18.656750   1.5 LD   
   251.2491    251.1735    4.934761  -1.236 1.534e+07   6.01    13.721706   1.5    18.656750   1.5 LD   
   251.2814    251.2058    4.934127  -0.276 9.325e+07   6.01    13.721706   1.5    18.656117   2.5 LD   
   253.9740    253.8977    4.881816  -1.400 6.861e+06   6.01    23.117631   1.5    27.999727   2.5 KP   
   254.1181    254.0418    4.879048  -1.040 1.570e+07   6.01    23.120399   2.5    27.999727   2.5 KP   
   254.1654    254.0891    4.878139  -1.430 9.590e+06   6.01    23.115604   0.5    27.994024   1.5 KP   
   254.2710    254.1947    4.876113  -1.930 3.030e+06   6.01    23.117631   1.5    27.994024   1.5 KP   
   254.3193    254.2429    4.875188  -2.130 3.822e+06   6.01    23.115604   0.5    27.991073   0.5 KP   
   254.4155    254.3391    4.873344  -1.400 1.026e+07   6.01    23.120399   2.5    27.994024   1.5 KP   
   254.4250    254.3486    4.873162  -1.430 1.914e+07   6.01    23.117631   1.5    27.991073   0.5 KP   
   254.7567    254.6802    4.866818  -1.500 4.062e+06   6.01    24.279437   4.5    29.146534   3.5 GUES 
   254.8068    254.7303    4.865861  -1.500 1.624e+07   6.01    24.271864   1.5    29.138004   0.5 GUES 
   254.8079    254.7314    4.865841  -1.500 5.414e+06   6.01    24.275975   3.5    29.142095   2.5 GUES 
   254.8086    254.7321    4.865827  -1.500 8.122e+06   6.01    24.273509   2.5    29.139616   1.5 GUES 
   255.5244    255.4478    4.852195  -1.000 2.554e+07   6.01    21.735245   1.5    26.587719   1.5 GUES 
   255.5358    255.4592    4.851979  -0.840 2.461e+07   6.01    22.045076   1.5    26.897334   2.5 KP   
   255.6438    255.5671    4.849931  -2.000 5.103e+06   6.01    21.734332   0.5    26.584542   0.5 GUES 
   255.6919    255.6152    4.849018  -2.000 5.101e+06   6.01    21.735245   1.5    26.584542   0.5 GUES 
   257.2529    257.1759    4.819592  -1.500 5.312e+06   6.01    24.374701   3.5    29.194569   2.5 GUES 
   257.5541    257.4770    4.813957  -0.620 4.020e+07   6.01    18.047027   1.5    22.861260   2.5 KP   
   257.5636    257.4865    4.813779  -1.770 2.846e+06   6.01    18.047204   2.5    22.861260   2.5 KP   
   257.5636    257.4865    4.813779  -0.470 4.259e+07   6.01    18.047204   2.5    22.861260   3.5 KP   
   259.2173    259.1398    4.783069  -1.100 1.971e+07   6.01    22.569604   0.5    27.352949   1.5 GUES 
   259.2615    259.1840    4.782255  -0.700 3.300e+07   6.01    22.572029   1.5    27.354558   2.5 GUES 
   259.3487    259.2712    4.780645  -1.400 9.870e+06   6.01    22.572029   1.5    27.352949   1.5 GUES 
   260.1849    260.1072    4.765281  -1.400 9.806e+06   6.01    22.529034   0.5    27.294589   1.5 GUES 
   260.2211    260.1434    4.764618  -1.400 1.961e+07   6.01    22.529034   0.5    27.293926   0.5 GUES 
   260.2243    260.1466    4.764560  -1.100 1.304e+07   6.01    22.530816   1.5    27.295649   2.5 GUES 
   260.2823    260.2045    4.763500  -1.100 1.955e+07   6.01    22.530816   1.5    27.294589   1.5 GUES 
   260.3185    260.2407    4.762836  -2.000 4.921e+06   6.01    22.530816   1.5    27.293926   0.5 GUES 
   260.3188    260.2410    4.762831  -1.100 9.773e+06   6.01    22.533918   2.5    27.297023   3.5 GUES 
   260.3939    260.3161    4.761457  -0.900 2.064e+07   6.01    22.533918   2.5    27.295649   2.5 GUES 
   260.4519    260.3741    4.760397  -1.400 9.786e+06   6.01    22.533918   2.5    27.294589   1.5 GUES 
   260.5654    260.4876    4.758323  -0.700 2.450e+07   6.01    22.538427   3.5    27.297023   3.5 GUES 
   260.6406    260.5628    4.756949  -1.400 6.515e+06   6.01    22.538427   3.5    27.295649   2.5 GUES 
   261.3179    261.2399    4.744622  -1.000 1.628e+07   6.01    24.603277   1.5    29.348171   2.5 GUES 
   261.3239    261.2459    4.744512  -1.000 1.221e+07   6.01    24.604626   2.5    29.349411   3.5 GUES 
   262.0992    262.0210    4.730477  -1.600 4.065e+06   6.01    18.656117   2.5    23.386865   2.5 GUES 
   262.3670    262.2887    4.725650  -1.800 3.839e+06   6.01    18.656750   1.5    23.382672   1.5 GUES 
   262.9240    262.8456    4.715637  -1.000 1.206e+07   6.01    24.655177   2.5    29.371085   3.5 GUES 
   264.1319    264.0532    4.694074  -0.620 5.734e+07   6.01    22.529034   0.5    27.223378   1.5 BRO  
   264.1372    264.0585    4.693980  -0.420 6.058e+07   6.01    22.530816   1.5    27.225065   2.5 BRO  
   264.1679    264.0892    4.693433  -0.230 7.035e+07   6.01    22.533918   2.5    27.227621   3.5 BRO  
   264.2185    264.1398    4.692535  -0.070 8.132e+07   6.01    22.538427   3.5    27.231231   4.5 BRO  
   264.2321    264.1534    4.692292  -1.020 2.281e+07   6.01    22.530816   1.5    27.223378   1.5 BRO  
   264.3118    264.2331    4.690878  -0.900 2.003e+07   6.01    22.533918   2.5    27.225065   2.5 BRO  
   264.4069    264.3282    4.689190  -2.140 1.728e+06   6.01    22.533918   2.5    27.223378   1.5 BRO  
   264.4219    264.3432    4.688925  -1.010 1.165e+07   6.01    22.538427   3.5    27.227621   3.5 BRO  
   264.5661    264.4873    4.686369  -2.320 7.602e+05   6.01    22.538427   3.5    27.225065   2.5 BRO  
   267.0658    266.9864    4.642506  -1.960 5.127e+06   6.01    18.047027   1.5    22.689799   0.5 KP   
   267.0658    266.9864    4.642506  -2.660 5.115e+05   6.01    18.047027   1.5    22.689799   1.5 KP   
   267.0760    266.9966    4.642329  -1.710 4.558e+06   6.01    18.047204   2.5    22.689799   1.5 KP   
   270.8912    270.8109    4.576946  -0.500 3.593e+07   6.01    24.791247   2.5    29.368456   3.5 GUES 
   270.9553    270.8750    4.575864  -0.500 2.873e+07   6.01    24.796434   3.5    29.372560   4.5 GUES 
   271.1358    271.0554    4.572817  -0.500 3.586e+07   6.01    24.791247   2.5    29.364327   3.5 GUES 
   271.2971    271.2167    4.570098  -1.000 9.062e+06   6.01    24.796434   3.5    29.366795   4.5 GUES 
   272.8114    272.7306    4.544731  -1.200 1.414e+07   6.01    22.042727   0.5    26.587719   1.5 KP   
   272.9525    272.8717    4.542381  -0.500 7.078e+07   6.01    22.045076   1.5    26.587719   1.5 KP   
   273.0022    272.9214    4.541554  -0.900 5.633e+07   6.01    22.042727   0.5    26.584542   0.5 KP   
   273.1435    273.0627    4.539205  -1.200 2.820e+07   6.01    22.045076   1.5    26.584542   0.5 KP   
   274.7300    274.6488    4.512992  -0.780 3.667e+07   6.01    16.332842   0.5    20.846093   1.5 KP   
   274.8088    274.7276    4.511697  -0.530 4.344e+07   6.01    16.334224   1.5    20.846181   2.5 KP   
   274.8142    274.7330    4.511609  -1.480 7.311e+06   6.01    16.334224   1.5    20.846093   1.5 KP   
   276.5939    276.5122    4.482581  -1.200 2.750e+07   6.01    22.900308   1.5    27.383146   0.5 GUES 
   276.6928    276.6111    4.480979  -0.900 2.742e+07   6.01    22.900308   1.5    27.381544   1.5 GUES 
   276.8494    276.7677    4.478442  -0.700 2.894e+07   6.01    22.900308   1.5    27.379007   2.5 GUES 
   279.2171    279.1348    4.440467  -2.960 4.690e+05   6.01    24.271864   1.5    28.712585   0.5 KP   
   279.3404    279.2580    4.438508  -3.360 9.328e+04   6.01    24.271864   1.5    28.710626   1.5 KP   
   279.4440    279.3616    4.436862  -2.750 3.797e+05   6.01    24.273509   2.5    28.710626   1.5 KP   
   279.5185    279.4361    4.435680  -4.500 4.499e+03   6.01    24.271864   1.5    28.707798   2.5 KP   
   279.6222    279.5398    4.434034  -3.240 8.181e+04   6.01    24.273509   2.5    28.707798   2.5 KP   
   279.6575    279.5751    4.433474  -4.650 2.387e+03   6.01    24.273509   2.5    28.707237   3.5 KP   
   279.7778    279.6953    4.431568  -2.570 3.823e+05   6.01    24.275975   3.5    28.707798   2.5 KP   
   279.8132    279.7307    4.431008  -3.350 4.757e+04   6.01    24.275975   3.5    28.707237   3.5 KP   
   279.8498    279.7673    4.430429  -1.500 2.693e+06   6.01    24.275975   3.5    28.706658   4.5 GUES 
   279.9956    279.9131    4.428121  -1.500 3.363e+06   6.01    24.273509   2.5    28.701885   3.5 GUES 
   280.0319    279.9494    4.427546  -2.400 4.233e+05   6.01    24.279437   4.5    28.707237   3.5 KP   
   280.2013    280.1187    4.424872   0.170 1.047e+08   6.01    24.279437   4.5    28.704563   5.5 KP   
   280.2082    280.1256    4.424763   0.060 9.754e+07   6.01    24.275975   3.5    28.700992   4.5 KP   
   280.2263    280.1437    4.424476  -0.070 9.037e+07   6.01    24.273509   2.5    28.698239   3.5 KP   
   280.2289    280.1463    4.424435  -0.190 9.140e+07   6.01    24.271864   1.5    28.696553   2.5 KP   
   280.3331    280.2505    4.422790  -0.990 1.448e+07   6.01    24.273509   2.5    28.696553   2.5 KP   
   280.3825    280.2999    4.422010  -0.870 1.431e+07   6.01    24.275975   3.5    28.698239   3.5 KP   
   280.4275    280.3449    4.421301  -0.980 8.881e+06   6.01    24.279437   4.5    28.700992   4.5 KP   
   280.4895    280.4069    4.420324  -2.420 5.372e+05   6.01    24.275975   3.5    28.696553   2.5 KP   
   280.6022    280.5195    4.418548  -2.530 3.125e+05   6.01    24.279437   4.5    28.698239   3.5 KP   
   281.9758    281.8928    4.397025  -1.970 1.498e+06   6.01    24.271864   1.5    28.669141   2.5 KP   
   282.0038    281.9208    4.396588  -1.370 8.944e+06   6.01    24.271864   1.5    28.668704   1.5 KP   
   282.0136    281.9306    4.396434  -1.850 1.481e+06   6.01    24.273509   2.5    28.670196   3.5 KP   
   282.0813    281.9983    4.395379  -1.260 7.678e+06   6.01    24.273509   2.5    28.669141   2.5 KP   
   282.1093    282.0263    4.394943  -1.970 2.245e+06   6.01    24.273509   2.5    28.668704   1.5 KP   
   282.1399    282.0569    4.394466  -1.500 4.416e+06   6.01    24.273509   2.5    28.668227   2.5 GUES 
   282.1437    282.0607    4.394407  -1.960 9.187e+05   6.01    24.275975   3.5    28.670635   4.5 KP   
   282.1719    282.0889    4.393968  -1.090 8.512e+06   6.01    24.275975   3.5    28.670196   3.5 KP   
   282.2351    282.1520    4.392985  -1.500 3.310e+06   6.01    24.275975   3.5    28.669213   3.5 GUES 
   282.2397    282.1566    4.392913  -1.850 1.971e+06   6.01    24.275975   3.5    28.669141   2.5 KP   
   282.3662    282.2831    4.390946  -0.910 1.029e+07   6.01    24.279437   4.5    28.670635   4.5 KP   
   282.3944    282.3113    4.390507  -1.960 1.146e+06   6.01    24.279437   4.5    28.670196   3.5 KP   
   283.7541    283.6707    4.369468  -0.557 5.744e+07   6.01    11.964506   0.5    16.334224   1.5 BRO  
   283.8440    283.7605    4.368085  -0.857 5.754e+07   6.01    11.964506   0.5    16.332842   0.5 BRO  
   285.6398    285.5559    4.340622  -1.720 7.789e+06   6.01    24.371714   0.5    28.712585   0.5 KP   
   285.6850    285.6011    4.339936  -1.720 7.786e+06   6.01    24.372400   1.5    28.712585   0.5 KP   
   285.7687    285.6848    4.338663  -1.720 3.891e+06   6.01    24.371714   0.5    28.710626   1.5 KP   
   285.8140    285.7301    4.337977  -1.510 6.308e+06   6.01    24.372400   1.5    28.710626   1.5 KP   
   285.8828    285.7988    4.336934  -1.570 5.491e+06   6.01    24.373443   2.5    28.710626   1.5 KP   
   285.8828    285.7988    4.336934  -1.200 8.582e+06   6.01    24.373443   2.5    28.710626   2.5 GUES 
   286.0005    285.9165    4.335148  -1.570 3.658e+06   6.01    24.372400   1.5    28.707798   2.5 KP   
   286.0693    285.9853    4.334106  -1.180 8.975e+06   6.01    24.373443   2.5    28.707798   2.5 KP   
   286.1062    286.0222    4.333545  -1.660 2.228e+06   6.01    24.373443   2.5    28.707237   3.5 KP   
   286.1522    286.0682    4.332848  -1.660 2.970e+06   6.01    24.374701   3.5    28.707798   2.5 KP   
   286.1893    286.1053    4.332288  -0.880 1.342e+07   6.01    24.374701   3.5    28.707237   3.5 KP   
   288.5567    288.4721    4.296744  -0.530 5.910e+07   6.01    24.371714   0.5    28.668704   1.5 KP   
   288.5727    288.4881    4.296506  -0.140 7.253e+07   6.01    24.373443   2.5    28.670196   3.5 KP   
   288.5735    288.4889    4.296493  -0.330 6.244e+07   6.01    24.372400   1.5    28.669141   2.5 KP   
   288.6029    288.5183    4.296057  -0.930 2.352e+07   6.01    24.372400   1.5    28.668704   1.5 KP   
   288.6277    288.5431    4.295688   0.020 8.384e+07   6.01    24.374701   3.5    28.670635   4.5 KP   
   288.6349    288.5503    4.295580  -1.000 1.334e+07   6.01    24.372400   1.5    28.668227   2.5 GUES 
   288.6387    288.5541    4.295523  -0.500 3.165e+07   6.01    24.373443   2.5    28.669213   3.5 GUES 
   288.6436    288.5590    4.295451  -0.810 2.067e+07   6.01    24.373443   2.5    28.669141   2.5 KP   
   288.6572    288.5726    4.295249  -0.920 1.203e+07   6.01    24.374701   3.5    28.670196   3.5 KP   
   288.6729    288.5883    4.295014  -2.080 1.664e+06   6.01    24.373443   2.5    28.668704   1.5 KP   
   288.7282    288.6435    4.294194  -2.220 8.035e+05   6.01    24.374701   3.5    28.669141   2.5 KP   
   290.5480    290.4629    4.267296  -2.000 3.951e+06   6.01    23.115604   0.5    27.383146   0.5 GUES 
   290.6571    290.5720    4.265694  -1.500 6.242e+06   6.01    23.115604   0.5    27.381544   1.5 GUES 
   290.6860    290.6009    4.265270  -1.500 1.248e+07   6.01    23.117631   1.5    27.383146   0.5 GUES 
   290.7953    290.7101    4.263668  -2.000 1.972e+06   6.01    23.117631   1.5    27.381544   1.5 GUES 
   290.9683    290.8831    4.261132  -1.500 4.152e+06   6.01    23.117631   1.5    27.379007   2.5 GUES 
   290.9842    290.8990    4.260900  -1.800 3.121e+06   6.01    23.120399   2.5    27.381544   1.5 GUES 
   291.1576    291.0723    4.258363  -1.500 4.147e+06   6.01    23.120399   2.5    27.379007   2.5 GUES 
   296.7050    296.6184    4.178745  -1.400 7.541e+06   6.01    23.115604   0.5    27.294589   1.5 GUES 
   296.7521    296.6655    4.178081  -1.400 1.508e+07   6.01    23.115604   0.5    27.293926   0.5 GUES 
   296.7736    296.6870    4.177779  -1.000 1.262e+07   6.01    23.117631   1.5    27.295649   2.5 GUES 
   296.8490    296.7623    4.176719  -1.400 7.533e+06   6.01    23.117631   1.5    27.294589   1.5 GUES 
   296.8728    296.7861    4.176384  -1.200 5.969e+06   6.01    23.120399   2.5    27.297023   3.5 GUES 
   296.8961    296.8094    4.176055  -2.000 3.783e+06   6.01    23.117631   1.5    27.293926   0.5 GUES 
   296.9704    296.8837    4.175010  -1.500 3.986e+06   6.01    23.120399   2.5    27.295649   2.5 GUES 
   297.0458    296.9591    4.173950  -2.000 1.890e+06   6.01    23.120399   2.5    27.294589   1.5 GUES 
   299.3414    299.2541    4.141941  -0.180 8.197e+07   6.01    18.047027   1.5    22.189205   2.5 KP   
   299.3543    299.2670    4.141763  -0.030 8.683e+07   6.01    18.047204   2.5    22.189205   3.5 KP   
   299.3543    299.2670    4.141763  -1.330 5.802e+06   6.01    18.047204   2.5    22.189205   2.5 KP   
   304.0599    303.9714    4.077665  -1.500 2.852e+06   6.01    23.386865   2.5    27.464765   3.5 GUES 
   304.1397    304.0512    4.076595  -1.500 3.800e+06   6.01    23.382672   1.5    27.459502   2.5 GUES 
   304.9600    304.8713    4.065630  -1.500 3.780e+06   6.01    24.603277   1.5    28.669141   2.5 GUES 
   304.9820    304.8933    4.065336  -1.000 8.964e+06   6.01    24.604626   2.5    28.670196   3.5 GUES 
   305.0285    304.9398    4.064716  -1.000 1.195e+07   6.01    24.603277   1.5    28.668227   2.5 GUES 
   305.0558    304.9671    4.064353  -0.500 2.833e+07   6.01    24.604626   2.5    28.669213   3.5 GUES 
   305.7431    305.6542    4.055217  -1.000 1.784e+07   6.01    24.655177   2.5    28.710626   1.5 GUES 
   305.7431    305.6542    4.055217  -1.000 1.189e+07   6.01    24.655177   2.5    28.710626   2.5 GUES 
   305.8909    305.8020    4.053256  -0.500 5.636e+07   6.01    24.659518   0.5    28.713007   1.5 GUES 
   305.9227    305.8338    4.052835   0.000 3.563e+08   6.01    24.659518   0.5    28.712585   0.5 GUES 
   305.9418    305.8529    4.052582   0.000 1.188e+08   6.01    24.657812   1.5    28.710626   2.5 GUES 
   305.9418    305.8529    4.052582   0.000 1.782e+08   6.01    24.657812   1.5    28.710626   1.5 GUES 
   305.9564    305.8675    4.052388  -2.000 1.188e+06   6.01    24.655177   2.5    28.707798   2.5 GUES 
   305.9987    305.9098    4.051828  -0.200 5.618e+07   6.01    24.655177   2.5    28.707237   3.5 GUES 
   306.0707    305.9817    4.050876  -1.000 1.780e+07   6.01    24.659518   0.5    28.710626   1.5 GUES 
   306.1555    306.0665    4.049754  -0.500 3.751e+07   6.01    24.657812   1.5    28.707798   2.5 GUES 
   308.3250    308.2355    4.021258  -1.500 2.773e+06   6.01    24.279437   4.5    28.300926   3.5 GUES 
   308.3939    308.3044    4.020359  -1.500 3.696e+06   6.01    24.275975   3.5    28.296565   2.5 GUES 
   308.3940    308.3045    4.020358  -1.200 1.106e+07   6.01    24.273509   2.5    28.294098   1.5 GUES 
   308.3943    308.3048    4.020354  -1.500 1.109e+07   6.01    24.271864   1.5    28.292449   0.5 GUES 
   308.7798    308.6902    4.015334  -1.200 7.357e+06   6.01    24.374701   3.5    28.390265   2.5 GUES 
   308.8786    308.7889    4.014051  -1.500 5.527e+06   6.01    24.373443   2.5    28.387725   1.5 GUES 
   310.1464    310.0564    3.997643  -1.200 1.094e+07   6.01    18.047204   2.5    22.045076   1.5 GUES 
   310.3150    310.2250    3.995470  -2.000 3.463e+06   6.01    18.047027   1.5    22.042727   0.5 GUES 
   312.3021    312.2116    3.970049  -2.000 1.710e+06   6.01    23.382672   1.5    27.352949   1.5 GUES 
   312.5055    312.4149    3.967465  -1.500 3.600e+06   6.01    23.386865   2.5    27.354558   2.5 GUES 
   313.8851    313.7942    3.950026  -1.800 1.341e+06   6.01    20.846181   2.5    24.796434   3.5 GUES 
   314.2907    314.1997    3.944928  -2.000 1.125e+06   6.01    20.846093   1.5    24.791247   2.5 GUES 
   315.8060    315.7146    3.926000  -1.500 2.644e+06   6.01    24.374701   3.5    28.300926   3.5 GUES 
   316.0559    315.9644    3.922897  -2.000 1.113e+06   6.01    24.373443   2.5    28.296565   2.5 GUES 
   316.1706    316.0791    3.921472  -2.000 1.668e+06   6.01    24.372400   1.5    28.294098   1.5 GUES 
   316.2482    316.1567    3.920510  -2.500 1.054e+06   6.01    24.371714   0.5    28.292449   0.5 GUES 
   316.6378    316.5462    3.915687  -0.400 6.621e+07   6.01    18.656117   2.5    22.572029   1.5 GUES 
   316.6890    316.5974    3.915054  -0.800 2.635e+07   6.01    18.656750   1.5    22.572029   1.5 GUES 
   316.8852    316.7935    3.912630  -0.500 1.050e+08   6.01    18.656750   1.5    22.569604   0.5 GUES 
   317.0648    316.9731    3.910413  -0.500 2.623e+07   6.01    24.791247   2.5    28.701885   3.5 GUES 
   317.0983    317.0066    3.910000   0.000 6.633e+07   6.01    24.796434   3.5    28.706658   4.5 GUES 
   317.3607    317.2689    3.906768  -0.500 2.618e+07   6.01    24.791247   2.5    28.698239   3.5 GUES 
   317.5585    317.4667    3.904334  -1.000 6.614e+06   6.01    24.796434   3.5    28.700992   4.5 GUES 
   335.4260    335.3296    3.696358  -0.500 4.687e+07   6.01    24.655177   2.5    28.351747   1.5 GUES 
   335.6652    335.5688    3.693723  -0.500 4.680e+07   6.01    24.657812   1.5    28.351747   1.5 GUES 
   335.8203    335.7238    3.692017  -1.000 1.479e+07   6.01    24.659518   0.5    28.351747   1.5 GUES 
   336.1856    336.0890    3.688006  -2.110 1.145e+06   6.01    18.047027   1.5    21.735245   1.5 KP   
   336.2017    336.1051    3.687829  -1.160 1.021e+07   6.01    18.047204   2.5    21.735245   1.5 KP   
   336.2687    336.1721    3.687094  -1.410 1.147e+07   6.01    18.047027   1.5    21.734332   0.5 KP   
   339.3120    339.2146    3.654024  -1.000 1.448e+07   6.01    24.604626   2.5    28.258861   1.5 GUES 
   339.4919    339.3945    3.652088  -1.500 9.150e+06   6.01    24.603277   1.5    28.255575   0.5 GUES 
   340.1017    340.0041    3.645540  -2.000 7.208e+05   6.01    24.655177   2.5    28.300926   3.5 GUES 
   340.2454    340.1478    3.644000  -1.000 1.440e+07   6.01    25.068797   1.5    28.713007   1.5 GUES 
   340.4679    340.3702    3.641620  -0.500 3.033e+07   6.01    25.068797   1.5    28.710626   2.5 GUES 
   340.5313    340.4336    3.640942  -0.500 4.547e+07   6.01    25.071856   0.5    28.713007   1.5 GUES 
   340.7324    340.6347    3.638792  -0.200 6.042e+07   6.01    25.068797   1.5    28.707798   2.5 GUES 
   340.7555    340.6578    3.638545  -2.000 9.574e+05   6.01    24.657812   1.5    28.296565   2.5 GUES 
   341.1468    341.0490    3.634372  -2.000 1.433e+06   6.01    24.659518   0.5    28.294098   1.5 GUES 
   358.2779    358.1757    3.460594  -1.660 1.895e+06   6.01    22.530816   1.5    25.991608   2.5 KP   
   358.5994    358.4971    3.457491  -0.700 1.725e+07   6.01    22.533918   2.5    25.991608   2.5 KP   
   358.6826    358.5803    3.456689  -1.430 4.816e+06   6.01    22.529034   0.5    25.985922   1.5 KP   
   358.8676    358.7652    3.454908  -0.620 3.106e+07   6.01    22.530816   1.5    25.985922   1.5 KP   
   358.9929    358.8905    3.453701  -0.730 4.819e+07   6.01    22.529034   0.5    25.982934   0.5 KP   
   359.0675    358.9651    3.452983  -0.050 7.685e+07   6.01    22.538427   3.5    25.991608   2.5 KP   
   359.1783    359.0758    3.451920  -0.730 4.814e+07   6.01    22.530816   1.5    25.982934   0.5 KP   
   359.1901    359.0876    3.451805  -0.330 6.045e+07   6.01    22.533918   2.5    25.985922   1.5 KP   
   383.2813    383.1726    3.234842  -1.000 7.567e+06   6.01    20.151838   1.5    23.386865   2.5 GUES 
   383.6804    383.5716    3.231477  -1.000 1.133e+07   6.01    20.151009   0.5    23.382672   1.5 GUES 
   383.7787    383.6699    3.230649  -1.000 1.132e+07   6.01    20.151838   1.5    23.382672   1.5 GUES 
   384.7603    384.6512    3.222408  -2.310 1.103e+06   6.01    24.271864   1.5    27.494456   0.5 KP   
   384.8165    384.7074    3.221936  -2.500 3.561e+05   6.01    24.273509   2.5    27.495631   1.5 GUES 
   384.9542    384.8451    3.220783  -2.710 2.194e+05   6.01    24.271864   1.5    27.492832   1.5 KP   
   385.1510    385.0418    3.219138  -2.110 8.726e+05   6.01    24.273509   2.5    27.492832   1.5 KP   
   385.2803    385.1711    3.218058  -3.850 1.058e+04   6.01    24.271864   1.5    27.490107   2.5 KP   
   385.4429    385.3336    3.216701  -2.500 2.366e+05   6.01    24.275975   3.5    27.492861   2.5 GUES 
   385.4774    385.3681    3.216413  -2.590 1.923e+05   6.01    24.273509   2.5    27.490107   2.5 KP   
   385.6146    385.5053    3.215269  -4.000 5.607e+03   6.01    24.273509   2.5    27.488962   3.5 KP   
   385.7732    385.6638    3.213947  -1.920 8.981e+05   6.01    24.275975   3.5    27.490107   2.5 KP   
   385.9106    385.8012    3.212802  -2.700 1.117e+05   6.01    24.275975   3.5    27.488962   3.5 KP   
   386.3268    386.2173    3.209341  -1.750 9.934e+05   6.01    24.279437   4.5    27.488962   3.5 KP   
   386.9972    386.8875    3.203781  -0.600 1.119e+07   6.01    24.275975   3.5    27.479940   4.5 GUES 
   387.2777    387.1679    3.201462  -0.500 1.758e+07   6.01    24.273509   2.5    27.475154   3.5 GUES 
   387.4158    387.3060    3.200320  -2.000 4.444e+05   6.01    24.279437   4.5    27.479940   4.5 GUES 
   387.5761    387.4663    3.198995  -1.700 1.107e+06   6.01    24.275975   3.5    27.475154   3.5 GUES 
   387.7137    387.6038    3.197861   0.482 2.244e+08   6.01    24.271864   1.5    27.469908   2.5 BRO  
   387.7286    387.6187    3.197738   0.842 2.570e+08   6.01    24.279437   4.5    27.477359   5.5 BRO  
   387.7492    387.6393    3.197568   0.732 2.393e+08   6.01    24.275975   3.5    27.473727   4.5 BRO  
   387.7752    387.6653    3.197354   0.602 2.218e+08   6.01    24.273509   2.5    27.471046   3.5 BRO  
   387.9132    387.8033    3.196216  -0.318 3.552e+07   6.01    24.273509   2.5    27.469908   2.5 BRO  
   387.9960    387.8861    3.195534  -2.500 1.751e+05   6.01    24.279437   4.5    27.475154   3.5 GUES 
   388.0745    387.9645    3.194888  -0.198 3.509e+07   6.01    24.275975   3.5    27.471046   3.5 BRO  
   388.1694    388.0594    3.194107  -0.318 2.129e+07   6.01    24.279437   4.5    27.473727   4.5 BRO  
   388.2114    388.1014    3.193761  -2.116 8.471e+05   6.01    19.495855   0.5    22.689799   1.5 MC   
   388.2114    388.1014    3.193761  -2.416 8.491e+05   6.01    19.495855   0.5    22.689799   0.5 MC   
   388.2128    388.1028    3.193750  -1.678 1.548e+06   6.01    24.275975   3.5    27.469908   2.5 BRO  
   388.4954    388.3853    3.191426  -1.678 1.159e+06   6.01    24.279437   4.5    27.471046   3.5 BRO  
   392.0078    391.8968    3.162831  -0.512 6.676e+07   6.01    16.332842   0.5    19.495855   0.5 MC   
   392.1791    392.0681    3.161449  -0.212 1.331e+08   6.01    16.334224   1.5    19.495855   0.5 MC   
   394.5313    394.4197    3.142601  -1.270 3.835e+06   6.01    24.271864   1.5    27.414645   2.5 KP   
   394.6117    394.5000    3.141961  -0.670 2.289e+07   6.01    24.271864   1.5    27.414005   1.5 KP   
   394.6349    394.5232    3.141776  -1.150 3.790e+06   6.01    24.273509   2.5    27.415466   3.5 KP   
   394.7380    394.6263    3.140955  -0.560 1.965e+07   6.01    24.273509   2.5    27.414645   2.5 KP   
   394.7565    394.6448    3.140808  -1.500 1.692e+06   6.01    24.273509   2.5    27.414497   3.5 GUES 
   394.8184    394.7067    3.140316  -1.270 5.745e+06   6.01    24.273509   2.5    27.414005   1.5 KP   
   394.8817    394.7700    3.139812  -1.260 2.351e+06   6.01    24.275975   3.5    27.415968   4.5 KP   
   394.8974    394.7857    3.139687  -1.000 7.129e+06   6.01    24.273509   2.5    27.413376   2.5 GUES 
   394.9449    394.8331    3.139310  -0.390 2.178e+07   6.01    24.275975   3.5    27.415466   3.5 KP   
   395.0482    394.9364    3.138489  -1.150 5.043e+06   6.01    24.275975   3.5    27.414645   2.5 KP   
   395.0667    394.9549    3.138342  -0.600 1.342e+07   6.01    24.275975   3.5    27.414497   3.5 GUES 
   395.3175    395.2057    3.136351  -0.210 2.632e+07   6.01    24.279437   4.5    27.415968   4.5 KP   
   395.3809    395.2690    3.135848  -1.250 2.999e+06   6.01    24.279437   4.5    27.415466   3.5 KP   
   395.5030    395.3911    3.134880  -1.500 1.686e+06   6.01    24.279437   4.5    27.414497   3.5 GUES 
   397.0011    396.8888    3.123051  -1.500 3.346e+06   6.01    24.372400   1.5    27.495631   1.5 GUES 
   397.0630    396.9507    3.122563  -1.050 1.885e+07   6.01    24.371714   0.5    27.494456   0.5 KP   
   397.1336    397.0213    3.122008  -1.500 3.343e+06   6.01    24.373443   2.5    27.495631   1.5 GUES 
   397.1503    397.0380    3.121877  -1.050 1.884e+07   6.01    24.372400   1.5    27.494456   0.5 KP   
   397.2697    397.1573    3.120939  -1.050 9.417e+06   6.01    24.371714   0.5    27.492832   1.5 KP   
   397.3535    397.2411    3.120281  -1.500 2.226e+06   6.01    24.372400   1.5    27.492861   2.5 GUES 
   397.3571    397.2447    3.120252  -0.840 1.527e+07   6.01    24.372400   1.5    27.492832   1.5 KP   
   397.4863    397.3739    3.119238  -1.500 2.225e+06   6.01    24.373443   2.5    27.492861   2.5 GUES 
   397.4899    397.3775    3.119210  -0.900 1.329e+07   6.01    24.373443   2.5    27.492832   1.5 KP   
   397.6466    397.5341    3.117981  -0.600 1.766e+07   6.01    24.374701   3.5    27.492861   2.5 GUES 
   397.7045    397.5920    3.117527  -0.900 8.848e+06   6.01    24.372400   1.5    27.490107   2.5 KP   
   397.8375    397.7250    3.116484  -0.500 2.221e+07   6.01    24.373443   2.5    27.490107   2.5 KP   
   397.9836    397.8711    3.115340  -0.990 5.386e+06   6.01    24.373443   2.5    27.488962   3.5 KP   
   397.9980    397.8855    3.115227  -0.990 7.181e+06   6.01    24.374701   3.5    27.490107   2.5 KP   
   398.1443    398.0317    3.114083  -0.210 3.243e+07   6.01    24.374701   3.5    27.488962   3.5 KP   
   401.1016    400.9882    3.091123  -0.530 2.039e+07   6.01    22.900308   1.5    25.991608   2.5 KP   
   401.8408    401.7272    3.085437  -0.710 2.014e+07   6.01    22.900308   1.5    25.985922   1.5 KP   
   402.2303    402.1166    3.082449  -1.010 2.014e+07   6.01    22.900308   1.5    25.982934   0.5 KP   
   407.5630    407.4480    3.042117   0.190 1.555e+08   6.01    24.371714   0.5    27.414005   1.5 KP   
   407.5693    407.4543    3.042070   0.390 1.643e+08   6.01    24.372400   1.5    27.414645   2.5 KP   
   407.5992    407.4841    3.041848   0.580 1.908e+08   6.01    24.373443   2.5    27.415466   3.5 KP   
   407.6551    407.5400    3.041430  -0.210 6.187e+07   6.01    24.372400   1.5    27.414005   1.5 KP   
   407.7003    407.5852    3.041093   0.740 2.205e+08   6.01    24.374701   3.5    27.415968   4.5 KP   
   407.7091    407.5940    3.041027  -0.090 5.436e+07   6.01    24.373443   2.5    27.414645   2.5 KP   
   407.7289    407.6138    3.040879  -0.100 3.984e+07   6.01    24.373443   2.5    27.414497   3.5 GUES 
   407.7394    407.6243    3.040801  -0.400 2.662e+07   6.01    24.372400   1.5    27.413376   2.5 GUES 
   407.7676    407.6525    3.040590  -0.200 3.164e+07   6.01    24.374701   3.5    27.415466   3.5 KP   
   407.7949    407.6798    3.040387  -1.350 4.479e+06   6.01    24.373443   2.5    27.414005   1.5 KP   
   407.8777    407.7626    3.039770  -1.500 2.113e+06   6.01    24.374701   3.5    27.414645   2.5 KP   
   407.8792    407.7641    3.039758  -0.500 2.113e+07   6.01    24.373443   2.5    27.413376   2.5 GUES 
   407.8975    407.7824    3.039622  -0.200 3.162e+07   6.01    24.374701   3.5    27.414497   3.5 GUES 
   426.8202    426.7001    2.904864   0.609 2.480e+08   6.01    18.047027   1.5    20.952057   2.5 BRO  
   426.8462    426.7261    2.904686   0.769 2.688e+08   6.01    18.047204   2.5    20.952057   3.5 BRO  
   426.8462    426.7261    2.904686  -0.531 1.797e+07   6.01    18.047204   2.5    20.952057   2.5 BRO  
   428.6909    428.5703    2.892187  -1.000 9.074e+06   6.01    24.603277   1.5    27.495631   1.5 GUES 
   429.1019    428.9812    2.889417  -1.000 6.037e+06   6.01    24.603277   1.5    27.492861   2.5 GUES 
   429.1061    428.9854    2.889389  -1.000 9.056e+06   6.01    24.603277   1.5    27.492832   1.5 GUES 
   429.3022    429.1815    2.888068  -0.500 1.907e+07   6.01    24.604626   2.5    27.492861   2.5 GUES 
   429.3065    429.1858    2.888040  -0.500 2.861e+07   6.01    24.604626   2.5    27.492832   1.5 GUES 
   429.5112    429.3904    2.886664  -2.500 1.906e+05   6.01    24.603277   1.5    27.490107   2.5 GUES 
   429.7121    429.5912    2.885315  -0.200 3.799e+07   6.01    24.604626   2.5    27.490107   2.5 GUES 
   429.8825    429.7616    2.884170  -2.500 1.427e+05   6.01    24.604626   2.5    27.488962   3.5 GUES 
   430.7552    430.6341    2.878327  -1.500 5.684e+06   6.01    20.151009   0.5    23.029502   0.5 GUES 
   430.8793    430.7581    2.877499  -1.000 1.796e+07   6.01    20.151838   1.5    23.029502   0.5 GUES 
   431.4319    431.3106    2.873813  -0.520 1.804e+07   6.01    23.117631   1.5    25.991608   2.5 KP   
   431.8479    431.7265    2.871044  -0.150 4.220e+07   6.01    23.120399   2.5    25.991608   2.5 KP   
   431.9821    431.8606    2.870153  -0.550 2.518e+07   6.01    23.115604   0.5    25.985922   1.5 KP   
   432.2872    432.1657    2.868127  -1.040 8.138e+06   6.01    23.117631   1.5    25.985922   1.5 KP   
   432.4323    432.3107    2.867165  -1.250 1.003e+07   6.01    23.115604   0.5    25.982934   0.5 KP   
   432.7048    432.5832    2.865358  -0.520 2.690e+07   6.01    23.120399   2.5    25.985922   1.5 KP   
   432.7381    432.6164    2.865139  -0.550 5.019e+07   6.01    23.117631   1.5    25.982934   0.5 KP   
   436.9291    436.8063    2.837656  -0.500 2.762e+07   6.01    24.657812   1.5    27.495631   1.5 GUES 
   436.9499    436.8271    2.837521   0.000 5.823e+07   6.01    24.655177   2.5    27.492861   2.5 GUES 
   436.9543    436.8315    2.837492   0.000 8.734e+07   6.01    24.655177   2.5    27.492832   1.5 GUES 
   437.1099    436.9871    2.836482   0.000 1.745e+08   6.01    24.657812   1.5    27.494456   0.5 GUES 
   437.1919    437.0691    2.835950  -0.500 2.759e+07   6.01    24.659518   0.5    27.495631   1.5 GUES 
   437.3560    437.2331    2.834886   0.400 1.460e+08   6.01    24.657812   1.5    27.492861   2.5 GUES 
   437.3604    437.2375    2.834858   0.400 2.190e+08   6.01    24.657812   1.5    27.492832   1.5 GUES 
   437.3730    437.2501    2.834776   0.000 1.743e+08   6.01    24.659518   0.5    27.494456   0.5 GUES 
   437.3744    437.2515    2.834767   0.200 9.210e+07   6.01    24.655177   2.5    27.490107   2.5 GUES 
   437.5510    437.4281    2.833623   0.660 1.991e+08   6.01    24.655177   2.5    27.488962   3.5 NBS  
   437.6237    437.5008    2.833152  -0.610 2.137e+07   6.01    24.659518   0.5    27.492832   1.5 NBS  
   437.7812    437.6582    2.832132   0.380 1.391e+08   6.01    24.657812   1.5    27.490107   2.5 NBS  
   441.0400    440.9162    2.811206   0.200 9.058e+07   6.01    24.603277   1.5    27.414645   2.5 GUES 
   441.1229    440.9990    2.810678   0.500 1.355e+08   6.01    24.604626   2.5    27.415466   3.5 GUES 
   441.2391    441.1152    2.809938   0.530 1.935e+08   6.01    24.603277   1.5    27.413376   2.5 NBS  
   441.2749    441.1510    2.809710   0.690 2.097e+08   6.01    24.604626   2.5    27.414497   3.5 NBS  
   441.4510    441.3271    2.808589  -0.610 1.400e+07   6.01    24.604626   2.5    27.413376   2.5 NBS  
   461.9853    461.8559    2.683753   1.022 4.109e+08   6.01    24.791247   2.5    27.475154   3.5 BRO  
   462.0543    461.9249    2.683352   1.142 4.333e+08   6.01    24.796434   3.5    27.479940   4.5 BRO  
   462.6935    462.5639    2.679645   0.700 1.952e+08   6.01    24.791247   2.5    27.471046   3.5 GUES 
   462.8798    462.7502    2.678567  -0.408 1.521e+07   6.01    24.796434   3.5    27.475154   3.5 BRO  
   463.1266    462.9969    2.677139   0.500 9.834e+07   6.01    24.796434   3.5    27.473727   4.5 GUES 
   463.8929    463.7630    2.672717  -1.340 3.542e+06   6.01    20.151009   0.5    22.823880   1.5 KP   
   464.0218    463.8919    2.671974  -1.090 4.197e+06   6.01    20.151838   1.5    22.823965   2.5 KP   
   464.0367    463.9068    2.671889  -2.040 7.063e+05   6.01    20.151838   1.5    22.823880   1.5 KP   
   472.8698    472.7376    2.621978   0.500 1.572e+08   6.01    24.791247   2.5    27.413376   2.5 GUES 
   473.6041    473.4717    2.617913   0.500 1.175e+08   6.01    24.796434   3.5    27.414497   3.5 GUES 
   473.6789    473.5464    2.617500  -1.200 4.689e+06   6.01    13.716574   0.5    16.334224   1.5 GUES 
   473.9291    473.7966    2.616118  -1.000 1.485e+07   6.01    13.716574   0.5    16.332842   0.5 GUES 
   474.6093    474.4766    2.612368  -0.600 1.859e+07   6.01    13.721706   1.5    16.334224   1.5 GUES 
   474.8607    474.7279    2.610986  -1.000 1.479e+07   6.01    13.721706   1.5    16.332842   0.5 GUES 
   480.4029    480.2687    2.580864  -0.660 6.323e+06   6.01    20.952057   3.5    23.533069   4.5 KP   
   480.4029    480.2687    2.580864  -2.200 2.279e+05   6.01    20.952057   3.5    23.533069   3.5 KP   
   480.4029    480.2687    2.580864  -0.770 6.135e+06   6.01    20.952057   2.5    23.533069   3.5 KP   
   486.3938    486.2580    2.549075  -1.700 1.406e+06   6.01    19.495855   0.5    22.045076   1.5 GUES 
   486.8425    486.7066    2.546725  -2.000 1.407e+06   6.01    19.495855   0.5    22.042727   0.5 GUES 
   495.5240    495.3857    2.502108  -1.000 1.358e+07   6.01    22.569604   0.5    25.071856   0.5 GUES 
   496.0045    495.8661    2.499684  -1.400 5.397e+06   6.01    22.572029   1.5    25.071856   0.5 GUES 
   496.1304    495.9920    2.499049  -1.500 2.142e+06   6.01    22.569604   0.5    25.068797   1.5 GUES 
   496.6121    496.4736    2.496625  -1.000 6.761e+06   6.01    22.572029   1.5    25.068797   1.5 GUES 
   503.3531    503.2128    2.463190  -0.700 8.754e+06   6.01    20.923534   1.5    23.386865   2.5 GUES 
   503.7347    503.5943    2.461324  -0.800 1.042e+07   6.01    20.921206   0.5    23.382672   1.5 GUES 
   504.2115    504.0709    2.458997  -1.200 4.138e+06   6.01    20.923534   1.5    23.382672   1.5 GUES 
   504.3182    504.1776    2.458476  -1.000 4.371e+06   6.01    24.373443   2.5    26.832061   2.5 GUES 
   504.5763    504.4356    2.457219  -0.500 1.381e+07   6.01    24.374701   3.5    26.832061   2.5 GUES 
   504.6382    504.4975    2.456918  -1.500 2.071e+06   6.01    24.372400   1.5    26.829459   1.5 GUES 
   504.8524    504.7117    2.455875  -1.000 6.542e+06   6.01    24.373443   2.5    26.829459   1.5 GUES 
   505.0651    504.9243    2.454841  -1.200 8.249e+06   6.01    24.372400   1.5    26.827383   0.5 GUES 
   510.9232    510.7809    2.426694  -0.500 2.020e+07   6.01    25.068797   1.5    27.495631   1.5 GUES 
   511.5071    511.3646    2.423924   0.000 4.249e+07   6.01    25.068797   1.5    27.492861   2.5 GUES 
   511.5131    511.3706    2.423896   0.000 6.373e+07   6.01    25.068797   1.5    27.492832   1.5 GUES 
   511.5681    511.4256    2.423635   0.000 6.372e+07   6.01    25.071856   0.5    27.495631   1.5 GUES 
   511.8161    511.6735    2.422461  -0.300 6.381e+07   6.01    25.071856   0.5    27.494456   0.5 GUES 
   512.0889    511.9462    2.421170   0.000 4.239e+07   6.01    25.068797   1.5    27.490107   2.5 GUES 
   512.1503    512.0076    2.420880  -1.000 6.357e+06   6.01    20.151009   0.5    22.572029   1.5 GUES 
   512.1595    512.0168    2.420837  -0.200 4.011e+07   6.01    25.071856   0.5    27.492832   1.5 GUES 
   512.3255    512.1828    2.420052  -0.800 1.007e+07   6.01    20.151838   1.5    22.572029   1.5 GUES 
   512.3512    512.2085    2.419930  -0.530 1.250e+07   6.01    20.846093   1.5    23.266162   2.5 KP   
   512.3699    512.2272    2.419842  -1.680 8.847e+05   6.01    20.846181   2.5    23.266162   2.5 KP   
   512.3699    512.2272    2.419842  -0.380 1.324e+07   6.01    20.846181   2.5    23.266162   3.5 KP   
   512.6636    512.5208    2.418456  -1.000 1.269e+07   6.01    20.151009   0.5    22.569604   0.5 GUES 
   512.8392    512.6963    2.417628  -1.200 8.001e+06   6.01    20.151838   1.5    22.569604   0.5 GUES 
   513.4377    513.2947    2.414810  -0.237 3.665e+07   6.01    20.702682   0.5    23.117631   1.5 PDC  
   513.4711    513.3281    2.414652  -0.197 2.679e+07   6.01    20.705608   1.5    23.120399   2.5 PDC  
   513.8688    513.7257    2.412784  -0.927 1.494e+07   6.01    20.702682   0.5    23.115604   0.5 PDC  
   514.0606    513.9174    2.411884  -0.737 1.156e+07   6.01    20.705608   1.5    23.117631   1.5 PDC  
   514.4928    514.3495    2.409858  -0.237 7.300e+07   6.01    20.705608   1.5    23.115604   0.5 PDC  
   514.6598    514.5165    2.409076   0.163 6.108e+07   6.01    20.711185   2.5    23.120399   2.5 PDC  
   515.2520    515.1085    2.406307  -0.197 3.990e+07   6.01    20.711185   2.5    23.117631   1.5 PDC  
   524.5511    524.4051    2.363649  -2.000 3.030e+05   6.01    24.273509   2.5    26.637293   3.5 GUES 
   525.0989    524.9528    2.361182  -1.500 9.562e+05   6.01    24.275975   3.5    26.637293   3.5 GUES 
   525.1359    524.9898    2.361016  -2.000 4.031e+05   6.01    24.271864   1.5    26.633015   2.5 GUES 
   525.5021    525.3559    2.359371  -1.400 1.603e+06   6.01    24.273509   2.5    26.633015   2.5 GUES 
   525.7552    525.6089    2.358235  -1.500 1.908e+06   6.01    24.271864   1.5    26.630234   1.5 GUES 
   525.8699    525.7236    2.357721  -0.500 9.534e+06   6.01    24.279437   4.5    26.637293   3.5 GUES 
   526.0520    525.9056    2.356905  -1.000 4.017e+06   6.01    24.275975   3.5    26.633015   2.5 GUES 
   526.1128    525.9664    2.356632  -1.200 7.602e+06   6.01    24.271864   1.5    26.628631   0.5 GUES 
   526.1222    525.9758    2.356590  -1.200 3.801e+06   6.01    24.273509   2.5    26.630234   1.5 GUES 
   528.7947    528.6476    2.344680  -0.500 1.257e+07   6.01    26.637293   3.5    28.982108   2.5 GUES 
   529.1548    529.0076    2.343084  -1.000 1.191e+07   6.01    26.630234   1.5    28.973453   0.5 GUES 
   529.1557    529.0085    2.343081  -1.000 5.955e+06   6.01    26.633015   2.5    28.976231   1.5 GUES 
   533.4371    533.2888    2.324274  -1.162 8.071e+06   6.01    20.151009   0.5    22.475417   0.5 MC   
   533.6273    533.4789    2.323446  -0.862 1.609e+07   6.01    20.151838   1.5    22.475417   0.5 MC   
   534.1121    533.9636    2.321337  -1.500 7.394e+05   6.01    20.952057   3.5    23.273528   4.5 GUES 
   534.3862    534.2376    2.320147  -1.860 4.030e+05   6.01    20.952057   3.5    23.272337   3.5 KP   
   534.3862    534.2376    2.320147  -0.430 1.085e+07   6.01    20.952057   2.5    23.272337   3.5 KP   
   534.3862    534.2376    2.320147  -0.320 1.118e+07   6.01    20.952057   3.5    23.272337   4.5 KP   
   536.6149    536.4657    2.310511  -2.000 3.861e+05   6.01    25.985922   1.5    28.296565   2.5 GUES 
   536.9229    536.7736    2.309185  -0.500 9.146e+06   6.01    25.991608   2.5    28.300926   3.5 GUES 
   537.0151    536.8658    2.308789  -1.500 1.828e+06   6.01    20.846181   2.5    23.155102   1.5 GUES 
   547.7067    547.5545    2.263720  -2.000 2.779e+05   6.01    24.373443   2.5    26.637293   3.5 GUES 
   548.0109    547.8587    2.262463  -0.600 6.974e+06   6.01    24.374701   3.5    26.637293   3.5 GUES 
   548.4904    548.3380    2.260485  -1.500 1.169e+06   6.01    24.372400   1.5    26.633015   2.5 GUES 
   548.7435    548.5911    2.259442  -1.000 3.692e+06   6.01    24.373443   2.5    26.633015   2.5 GUES 
   548.9990    548.8465    2.258391  -2.000 5.533e+05   6.01    24.371714   0.5    26.630234   1.5 GUES 
   549.0490    548.8965    2.258185  -1.200 2.327e+06   6.01    24.374701   3.5    26.633015   2.5 GUES 
   549.1660    549.0135    2.257704  -1.500 1.748e+06   6.01    24.372400   1.5    26.630234   1.5 GUES 
   549.3890    549.2364    2.256788  -2.000 1.105e+06   6.01    24.371714   0.5    26.628631   0.5 GUES 
   549.4198    549.2672    2.256661  -2.000 5.524e+05   6.01    24.373443   2.5    26.630234   1.5 GUES 
   549.5562    549.4036    2.256101  -2.000 1.104e+06   6.01    24.372400   1.5    26.628631   0.5 GUES 
   553.6890    553.5353    2.239261  -2.066 4.672e+05   6.01    19.495855   0.5    21.735245   1.5 MC   
   553.9147    553.7609    2.238349  -2.366 4.680e+05   6.01    19.495855   0.5    21.734332   0.5 MC   
   564.2115    564.0549    2.197499  -0.748 9.358e+06   6.01    20.702682   0.5    22.900308   1.5 PDC  
   564.9638    564.8070    2.194573  -0.448 1.862e+07   6.01    20.705608   1.5    22.900308   1.5 PDC  
   566.4031    566.2460    2.188996  -0.268 2.804e+07   6.01    20.711185   2.5    22.900308   1.5 PDC  
   569.5873    569.4293    2.176759   0.000 3.427e+07   6.01    24.655177   2.5    26.832061   2.5 GUES 
   570.2688    570.1106    2.174158   0.000 5.128e+07   6.01    24.655177   2.5    26.829459   1.5 GUES 
   570.2776    570.1194    2.174124   0.000 3.418e+07   6.01    24.657812   1.5    26.832061   2.5 GUES 
   570.9607    570.8023    2.171523  -1.000 5.115e+06   6.01    24.657812   1.5    26.829459   1.5 GUES 
   571.4097    571.2512    2.169817  -0.500 1.615e+07   6.01    24.659518   0.5    26.829459   1.5 GUES 
   571.5073    571.3488    2.169446  -1.000 1.021e+07   6.01    24.657812   1.5    26.827383   0.5 GUES 
   579.3300    579.1694    2.140152  -0.500 5.237e+06   6.01    27.231231   4.5    29.371507   5.5 GUES 
   581.9926    581.8313    2.130361  -1.500 3.114e+06   6.01    22.529034   0.5    24.659518   0.5 GUES 
   582.4590    582.2976    2.128655  -1.500 1.554e+06   6.01    22.529034   0.5    24.657812   1.5 GUES 
   582.4797    582.3183    2.128580  -1.500 3.108e+06   6.01    22.530816   1.5    24.659518   0.5 GUES 
   582.9470    582.7854    2.126874  -1.500 1.552e+06   6.01    22.530816   1.5    24.657812   1.5 GUES 
   583.6700    583.5082    2.124239  -2.000 3.263e+05   6.01    22.530816   1.5    24.655177   2.5 GUES 
   583.7984    583.6366    2.123771  -1.000 4.893e+06   6.01    22.533918   2.5    24.657812   1.5 GUES 
   584.5236    584.3616    2.121137  -1.300 1.631e+06   6.01    22.533918   2.5    24.655177   2.5 GUES 
   585.7685    585.6062    2.116629  -1.000 3.240e+06   6.01    22.538427   3.5    24.655177   2.5 GUES 
   589.0912    588.9280    2.104690  -1.170 3.249e+06   6.01    18.047027   1.5    20.151838   1.5 KP   
   589.1408    588.9776    2.104513  -0.220 2.895e+07   6.01    18.047204   2.5    20.151838   1.5 KP   
   589.3231    589.1598    2.103862  -0.470 3.254e+07   6.01    18.047027   1.5    20.151009   0.5 KP   
   590.8847    590.7210    2.098301   0.300 9.529e+07   6.01    24.655177   2.5    26.753598   1.5 GUES 
   591.6278    591.4639    2.095666   0.200 7.550e+07   6.01    24.657812   1.5    26.753598   1.5 GUES 
   592.1098    591.9458    2.093960   0.000 4.756e+07   6.01    24.659518   0.5    26.753598   1.5 GUES 
   603.5881    603.4210    2.054140  -2.000 2.289e+05   6.01    27.295649   2.5    29.349907   3.5 GUES 
   603.9519    603.7847    2.052903  -1.000 1.829e+06   6.01    27.297023   3.5    29.350043   4.5 GUES 
   609.6977    609.5290    2.033556  -0.700 8.950e+06   6.01    22.569604   0.5    24.603277   1.5 GUES 
   610.0202    609.8514    2.032481  -0.600 7.504e+06   6.01    22.572029   1.5    24.604626   2.5 GUES 
   610.4253    610.2564    2.031132  -1.000 4.475e+06   6.01    22.572029   1.5    24.603277   1.5 GUES 
   615.2967    615.1265    2.015051  -0.150 2.079e+07   6.01    20.846093   1.5    22.861260   2.5 KP   
   615.3236    615.1534    2.014963  -1.290 1.506e+06   6.01    20.846181   2.5    22.861260   2.5 KP   
   615.3236    615.1534    2.014963   0.010 2.253e+07   6.01    20.846181   2.5    22.861260   3.5 KP   
   624.8235    624.6507    1.984327  -1.500 1.351e+06   6.01    24.603277   1.5    26.587719   1.5 GUES 
   625.2485    625.0756    1.982978   0.000 4.265e+07   6.01    24.604626   2.5    26.587719   1.5 GUES 
   625.5564    625.3834    1.982003   0.000 2.131e+07   6.01    24.655177   2.5    26.637293   3.5 GUES 
   625.8253    625.6522    1.981151  -1.000 8.515e+06   6.01    24.603277   1.5    26.584542   0.5 GUES 
   625.8911    625.7180    1.980943  -1.230 2.507e+06   6.01    20.151009   0.5    22.132066   1.5 KP   
   626.1293    625.9562    1.980189  -0.970 3.038e+06   6.01    20.151838   1.5    22.132140   2.5 KP   
   626.1530    625.9798    1.980114  -1.930 4.997e+05   6.01    20.151838   1.5    22.132066   1.5 KP   
   626.9094    626.7360    1.977725  -1.000 2.829e+06   6.01    24.655177   2.5    26.633015   2.5 GUES 
   627.7456    627.5720    1.975091  -0.500 8.921e+06   6.01    24.657812   1.5    26.633015   2.5 GUES 
   628.6307    628.4569    1.972310  -1.000 4.220e+06   6.01    24.657812   1.5    26.630234   1.5 GUES 
   629.1750    629.0010    1.970604  -0.500 1.332e+07   6.01    24.659518   0.5    26.630234   1.5 GUES 
   629.6872    629.5131    1.969000  -1.000 8.411e+06   6.01    24.659518   0.5    26.628631   0.5 GUES 
   638.4583    638.2818    1.941950  -2.000 2.045e+05   6.01    26.633015   2.5    28.575077   3.5 GUES 
   638.7437    638.5672    1.941083  -0.500 5.170e+06   6.01    26.637293   3.5    28.578487   4.5 GUES 
   645.6545    645.4761    1.920306  -1.000 1.600e+06   6.01    20.952057   3.5    22.872474   4.5 GUES 
   646.3736    646.1950    1.918170   0.160 2.308e+07   6.01    20.952057   3.5    22.870337   4.5 KP   
   646.3736    646.1950    1.918170   0.050 2.239e+07   6.01    20.952057   2.5    22.870337   3.5 KP   
   646.3736    646.1950    1.918170  -1.380 8.319e+05   6.01    20.952057   3.5    22.870337   3.5 KP   
   657.9869    657.8052    1.884315   0.118 5.054e+07   6.01    14.449802   0.5    16.334224   1.5 MC   
   658.4700    658.2882    1.882932  -0.182 5.059e+07   6.01    14.449802   0.5    16.332842   0.5 MC   
   662.3859    662.2030    1.871801  -2.880 3.340e+04   6.01    20.952057   2.5    22.823965   2.5 KP   
   662.3859    662.2030    1.871801  -1.580 6.664e+05   6.01    20.952057   3.5    22.823965   2.5 KP   
   662.4162    662.2333    1.871715  -1.730 7.076e+05   6.01    20.952057   2.5    22.823880   1.5 KP   
   672.5180    672.3324    1.843600  -1.120 5.594e+06   6.01    20.846093   1.5    22.689799   0.5 KP   
   672.5180    672.3324    1.843600  -1.820 5.580e+05   6.01    20.846093   1.5    22.689799   1.5 KP   
   672.5501    672.3645    1.843512  -0.860 5.089e+06   6.01    20.846181   2.5    22.689799   1.5 KP   
   672.6419    672.4563    1.843261  -1.500 1.165e+06   6.01    22.529034   0.5    24.372400   1.5 GUES 
   672.8927    672.7070    1.842574  -2.200 4.647e+05   6.01    22.529034   0.5    24.371714   0.5 GUES 
   672.9117    672.7260    1.842522  -1.200 1.549e+06   6.01    22.530816   1.5    24.373443   2.5 GUES 
   673.2928    673.1070    1.841479  -1.000 3.678e+06   6.01    22.530816   1.5    24.372400   1.5 GUES 
   673.5440    673.3581    1.840792  -1.500 2.325e+06   6.01    22.530816   1.5    24.371714   0.5 GUES 
   673.5862    673.4003    1.840677  -1.500 5.811e+05   6.01    22.533918   2.5    24.374701   3.5 GUES 
   674.0466    673.8606    1.839419  -1.000 2.447e+06   6.01    22.533918   2.5    24.373443   2.5 GUES 
   674.4289    674.2428    1.838377  -1.300 1.837e+06   6.01    22.533918   2.5    24.372400   1.5 GUES 
   675.2399    675.0536    1.836169  -0.500 5.783e+06   6.01    22.538427   3.5    24.374701   3.5 GUES 
   675.7026    675.5161    1.834911  -1.000 2.435e+06   6.01    22.538427   3.5    24.373443   2.5 GUES 
   678.1813    677.9942    1.828205   0.043 2.669e+07   6.01    20.705608   1.5    22.533918   2.5 PDC  
   678.2465    678.0594    1.828029  -0.357 1.593e+07   6.01    20.702682   0.5    22.530816   1.5 PDC  
   678.5779    678.3907    1.827136   0.323 3.809e+07   6.01    20.711185   2.5    22.538427   3.5 PDC  
   678.9083    678.7210    1.826247  -0.357 3.180e+07   6.01    20.702682   0.5    22.529034   0.5 PDC  
   679.3339    679.1465    1.825103  -0.247 2.046e+07   6.01    20.705608   1.5    22.530816   1.5 PDC  
   679.9978    679.8102    1.823321  -1.047 6.473e+06   6.01    20.705608   1.5    22.529034   0.5 PDC  
   680.2564    680.0687    1.822628  -0.327 1.131e+07   6.01    20.711185   2.5    22.533918   2.5 PDC  
   681.4161    681.2281    1.819526  -1.277 1.898e+06   6.01    20.711185   2.5    22.530816   1.5 PDC  
   704.8195    704.6252    1.759109  -1.000 6.713e+06   6.01    22.900308   1.5    24.659518   0.5 GUES 
   705.5037    705.3092    1.757403  -0.800 5.310e+06   6.01    22.900308   1.5    24.657812   1.5 GUES 
   706.5630    706.3682    1.754768  -0.600 5.593e+06   6.01    22.900308   1.5    24.655177   2.5 GUES 
   711.4440    711.2479    1.742729   0.246 5.805e+07   6.01    22.529034   0.5    24.271864   1.5 DPD2 
   711.4997    711.3036    1.742593   0.446 6.132e+07   6.01    22.530816   1.5    24.273509   2.5 DPD2 
   711.7595    711.5633    1.741957   0.636 7.118e+07   6.01    22.533918   2.5    24.275975   3.5 DPD2 
   712.1721    711.9758    1.740948  -0.154 2.306e+07   6.01    22.530816   1.5    24.271864   1.5 DPD2 
   712.1873    711.9910    1.740911   0.796 8.221e+07   6.01    22.538427   3.5    24.279437   4.5 DPD2 
   712.7685    712.5721    1.739491  -0.034 2.023e+07   6.01    22.533918   2.5    24.273509   2.5 DPD2 
   713.4433    713.2467    1.737846  -1.274 1.743e+06   6.01    22.533918   2.5    24.271864   1.5 DPD2 
   713.6063    713.4096    1.737449  -0.144 1.175e+07   6.01    22.538427   3.5    24.275975   3.5 DPD2 
   714.6205    714.4236    1.734983  -1.454 7.653e+05   6.01    22.538427   3.5    24.273509   2.5 DPD2 
   723.3326    723.1333    1.714086   0.070 3.744e+07   6.01    16.332842   0.5    18.047027   1.5 KP   
   723.8414    723.6420    1.712881   0.330 4.536e+07   6.01    16.334224   1.5    18.047204   2.5 KP   
   723.9163    723.7169    1.712704  -0.630 7.459e+06   6.01    16.334224   1.5    18.047027   1.5 KP   
   746.3767    746.1712    1.661164  -2.000 2.993e+05   6.01    21.493843   0.5    23.155102   1.5 GUES 
   746.3767    746.1712    1.661164  -2.000 5.987e+05   6.01    21.493843   0.5    23.155102   0.5 GUES 
   750.7327    750.5260    1.651526  -1.300 9.886e+05   6.01    21.735245   1.5    23.386865   2.5 GUES 
   751.0959    750.8891    1.650727  -1.000 2.956e+06   6.01    20.921206   0.5    22.572029   1.5 GUES 
   752.1563    751.9492    1.648400  -1.000 2.947e+06   6.01    20.923534   1.5    22.572029   1.5 GUES 
   752.2004    751.9933    1.648303  -1.000 5.894e+06   6.01    20.921206   0.5    22.569604   0.5 GUES 
   752.2270    752.0199    1.648245  -1.000 2.947e+06   6.01    21.734332   0.5    23.382672   1.5 GUES 
   753.2639    753.0565    1.645976  -2.000 5.878e+05   6.01    20.923534   1.5    22.569604   0.5 GUES 
   803.1058    802.8850    1.543825  -1.500 1.635e+06   6.01    23.115604   0.5    24.659518   0.5 GUES 
   803.9942    803.7732    1.542119  -1.000 2.580e+06   6.01    23.115604   0.5    24.657812   1.5 GUES 
   804.1611    803.9400    1.541799  -1.000 5.157e+06   6.01    23.117631   1.5    24.659518   0.5 GUES 
   805.0518    804.8305    1.540093  -1.500 8.136e+05   6.01    23.117631   1.5    24.657812   1.5 GUES 
   806.4314    806.2097    1.537458  -1.200 1.079e+06   6.01    23.117631   1.5    24.655177   2.5 GUES 
   806.5017    806.2800    1.537324  -1.000 2.564e+06   6.01    23.120399   2.5    24.657812   1.5 GUES 
   807.8863    807.6642    1.534689  -0.500 5.386e+06   6.01    23.120399   2.5    24.655177   2.5 GUES 
   841.5567    841.3255    1.473287  -0.200 5.942e+06   6.01    27.227621   3.5    28.700992   4.5 GUES 
   841.5794    841.3482    1.473247  -0.200 4.952e+06   6.01    27.231231   4.5    28.704563   5.5 GUES 
   841.6686    841.4374    1.473091  -0.500 4.962e+06   6.01    27.223378   1.5    28.696553   2.5 GUES 
   841.6693    841.4381    1.473090  -0.500 3.722e+06   6.01    27.225065   2.5    28.698239   3.5 GUES 
   868.4906    868.2521    1.427597  -1.000 2.211e+06   6.01    19.495855   0.5    20.923534   1.5 GUES 
   869.9087    869.6698    1.425270  -1.500 1.394e+06   6.01    19.495855   0.5    20.921206   0.5 GUES 
   879.6491    879.4076    1.409488  -1.500 3.407e+05   6.01    23.386865   2.5    24.796434   3.5 GUES 
   880.2693    880.0276    1.408494  -2.000 1.435e+05   6.01    23.382672   1.5    24.791247   2.5 GUES 
   922.6573    922.4042    1.343786  -0.170 5.297e+06   6.01    22.189205   3.5    23.533069   4.5 KP   
   922.6573    922.4042    1.343786  -1.720 1.866e+05   6.01    22.189205   3.5    23.533069   3.5 KP   
   922.6573    922.4042    1.343786  -0.290 5.023e+06   6.01    22.189205   2.5    23.533069   3.5 KP   
   923.1735    922.9202    1.343035   0.470 3.850e+07   6.01    20.846093   1.5    22.189205   2.5 KP   
   923.2340    922.9807    1.342947  -0.680 2.725e+06   6.01    20.846181   2.5    22.189205   2.5 KP   
   923.2340    922.9807    1.342947   0.620 4.078e+07   6.01    20.846181   2.5    22.189205   3.5 KP   
   923.3653    923.1120    1.342756  -0.299 1.965e+07   6.01    20.151009   0.5    21.493843   0.5 MC   
   923.9352    923.6817    1.341928   0.001 3.916e+07   6.01    20.151838   1.5    21.493843   0.5 MC   
   924.0837    923.8302    1.341712   0.170 1.926e+07   6.01    22.045076   1.5    23.386865   2.5 KP   
   925.3553    925.1014    1.339868  -0.080 1.620e+07   6.01    22.042727   0.5    23.382672   1.5 KP   
   926.9808    926.7265    1.337519  -0.780 3.221e+06   6.01    22.045076   1.5    23.382672   1.5 KP   
   957.3464    957.0839    1.295095  -2.000 3.639e+05   6.01    21.734332   0.5    23.029502   0.5 GUES 
   958.0214    957.7587    1.294182  -2.000 3.634e+05   6.01    21.735245   1.5    23.029502   0.5 GUES 
   986.5766    986.3062    1.256724  -2.000 1.713e+05   6.01    23.115604   0.5    24.372400   1.5 GUES 
   987.3491    987.0784    1.255741  -2.000 1.140e+05   6.01    23.117631   1.5    24.373443   2.5 GUES 
   988.5389    988.2679    1.254229  -2.000 8.532e+04   6.01    23.120399   2.5    24.374701   3.5 GUES 
   990.6178    990.3463    1.251597   1.010 6.955e+07   6.01    20.952057   3.5    22.203726   4.5 KP   
   990.6178    990.3463    1.251597   0.900 6.749e+07   6.01    20.952057   2.5    22.203726   3.5 KP   
   990.6178    990.3463    1.251597  -0.530 2.507e+06   6.01    20.952057   3.5    22.203726   3.5 KP   
  1036.7647   1036.4807    1.195888  -2.288 7.993e+04   6.01    21.493843   0.5    22.689799   1.5 MC   
  1036.7647   1036.4807    1.195888  -2.588 8.012e+04   6.01    21.493843   0.5    22.689799   0.5 MC   
  1050.7104   1050.4226    1.180015  -2.130 7.465e+04   6.01    20.952057   2.5    22.132140   2.5 KP   
  1050.7104   1050.4226    1.180015  -0.830 1.489e+06   6.01    20.952057   3.5    22.132140   2.5 KP   
  1050.7766   1050.4888    1.179941  -0.990 1.545e+06   6.01    20.952057   2.5    22.132066   1.5 KP   
  1093.3156   1093.0162    1.134032  -0.150 6.584e+06   6.01    22.132066   1.5    23.266162   2.5 KP   
  1093.3873   1093.0879    1.133957  -1.300 4.660e+05   6.01    22.132140   2.5    23.266162   2.5 KP   
  1093.3873   1093.0879    1.133957   0.000 6.974e+06   6.01    22.132140   2.5    23.266162   3.5 KP   
  1138.0189   1137.7074    1.089485  -2.580 3.387e+04   6.01    21.734332   0.5    22.823880   1.5 KP   
  1138.8834   1138.5717    1.088658  -2.330 4.009e+04   6.01    21.735245   1.5    22.823965   2.5 KP   
  1138.9730   1138.6612    1.088572  -3.280 6.746e+03   6.01    21.735245   1.5    22.823880   1.5 KP   
  1144.7594   1144.4461    1.083070  -1.290 3.263e+05   6.01    22.189205   3.5    23.272337   3.5 KP   
  1144.7594   1144.4461    1.083070   0.140 8.782e+06   6.01    22.189205   2.5    23.272337   3.5 KP   
  1144.7594   1144.4461    1.083070   0.250 9.051e+06   6.01    22.189205   3.5    23.272337   4.5 KP   
  1159.0239   1158.7067    1.069740   0.210 8.053e+06   6.01    22.203726   3.5    23.273528   4.5 KP   
  1159.0239   1158.7067    1.069740  -1.430 1.845e+05   6.01    22.203726   4.5    23.273528   4.5 KP   
  1159.0239   1158.7067    1.069740   0.300 8.256e+06   6.01    22.203726   4.5    23.273528   5.5 KP   
  1167.0586   1166.7392    1.062375  -3.360 2.672e+03   6.01    22.203726   3.5    23.266162   3.5 KP   
  1167.0586   1166.7392    1.062375  -1.820 9.265e+04   6.01    22.203726   4.5    23.266162   3.5 KP   
  1167.0586   1166.7392    1.062375  -1.930 9.589e+04   6.01    22.203726   3.5    23.266162   2.5 KP   
  1394.5037   1394.1225    0.889101  -0.760 1.490e+06   6.01    20.846093   1.5    21.735245   1.5 KP   
  1394.6418   1394.2606    0.889013   0.190 1.328e+07   6.01    20.846181   2.5    21.735245   1.5 KP   
  1395.9364   1395.5549    0.888188  -0.060 1.491e+07   6.01    20.846093   1.5    21.734332   0.5 KP   
  1673.1221   1672.6652    0.741042  -0.157 8.299e+06   6.01    21.734332   0.5    22.475417   0.5 MC   
  1675.1850   1674.7275    0.740130   0.143 1.652e+07   6.01    21.735245   1.5    22.475417   0.5 MC   
  1700.4055   1699.9412    0.729152   0.410 9.883e+06   6.01    22.132066   1.5    22.861260   2.5 KP   
  1700.5791   1700.1147    0.729078  -0.730 7.158e+05   6.01    22.132140   2.5    22.861260   2.5 KP   
  1700.5791   1700.1147    0.729078   0.570 1.071e+07   6.01    22.132140   2.5    22.861260   3.5 KP   
  1783.8508   1783.3638    0.695044   0.300 1.046e+07   6.01    20.151009   0.5    20.846093   1.5 KP   
  1785.7525   1785.2650    0.694304   0.550 1.237e+07   6.01    20.151838   1.5    20.846181   2.5 KP   
  1785.9790   1785.4914    0.694216  -0.400 2.081e+06   6.01    20.151838   1.5    20.846093   1.5 KP   
  1820.3895   1819.8925    0.681093   0.950 1.794e+07   6.01    22.189205   3.5    22.870337   4.5 KP   
  1820.3895   1819.8925    0.681093   0.830 1.701e+07   6.01    22.189205   2.5    22.870337   3.5 KP   
  1820.3895   1819.8925    0.681093  -0.600 6.320e+05   6.01    22.189205   3.5    22.870337   3.5 KP   
  1845.6518   1845.1480    0.671770   0.160 3.538e+06   6.01    22.861260   2.5    23.533069   3.5 KP   
  1845.6518   1845.1480    0.671770  -1.270 1.314e+05   6.01    22.861260   3.5    23.533069   3.5 KP   
  1845.6518   1845.1480    0.671770   0.280 3.731e+06   6.01    22.861260   3.5    23.533069   4.5 KP   
  1854.1008   1853.5947    0.668709   1.210 2.622e+07   6.01    22.203726   4.5    22.872474   5.5 KP   
  1854.1008   1853.5947    0.668709  -0.520 5.859e+05   6.01    22.203726   4.5    22.872474   4.5 KP   
  1854.1008   1853.5947    0.668709   1.120 2.558e+07   6.01    22.203726   3.5    22.872474   4.5 KP   
  1876.9826   1876.4702    0.660557  -3.660 4.142e+02   6.01    22.872474   4.5    23.533069   4.5 KP   
  1876.9826   1876.4702    0.660557  -1.930 2.224e+04   6.01    22.872474   5.5    23.533069   4.5 KP   
  1876.9826   1876.4702    0.660557  -2.020 2.260e+04   6.01    22.872474   4.5    23.533069   3.5 KP   
  1885.7215   1885.2068    0.657496  -1.030 2.188e+05   6.01    22.203726   4.5    22.861260   3.5 KP   
  1885.7215   1885.2068    0.657496  -1.140 2.265e+05   6.01    22.203726   3.5    22.861260   2.5 KP   
  1885.7215   1885.2068    0.657496  -2.570 6.311e+03   6.01    22.203726   3.5    22.861260   3.5 KP   
  1890.1806   1889.6646    0.655945   0.258 8.454e+06   6.01    19.495855   0.5    20.151838   1.5 MC   
  1892.5701   1892.0535    0.655117  -0.042 8.453e+06   6.01    19.495855   0.5    20.151009   0.5 MC   
  1953.3768   1952.8436    0.634724  -1.700 5.813e+04   6.01    22.189205   2.5    22.823965   2.5 KP   
  1953.3768   1952.8436    0.634724  -0.400 1.160e+06   6.01    22.189205   3.5    22.823965   2.5 KP   
  1953.6401   1953.1069    0.634638  -0.560 1.203e+06   6.01    22.189205   2.5    22.823880   1.5 KP   

Number of lines in output :  694

Parameter set used in search:

Lower wavelength limit:    200.0000 nm
Upper wavelength limit:   2000.0000 nm
Lower limit on log gf:  -5.000
Upper limit on log gf:   2.000
Lower limit on energy for lower level:        0.000 cm^-1
Upper limit on energy for lower level:  1000000.000 cm^-1
Lower limit on energy for upper level:        0.000 cm^-1
Upper limit on energy for upper level:  1000000.000 cm^-1

Element list:

C II         ( =  6.01 )

Search program by Claas Heise (heise@fz.telekom.de), Jan 17, 1996



