Number of lines in output : 91
--------------------------------------------------------------------------------------------------------
    Wl_vac      Wl_air    E_Photon   log_gf   A-Value   Elem. E_lower_lev.   J   E_upper_lev.   J   Ref.
     / nm        / nm        / eV              / 1/s   (Code)     / eV     lower     / eV     upper     
--------------------------------------------------------------------------------------------------------
   334.8432    334.7470    3.703231  -2.854 2.082e+05  55.00     0.000000   0.5     3.703003   1.5 WA   
   334.9764    334.8801    3.701759  -3.903 3.716e+04  55.00     0.000000   0.5     3.701531   0.5 WA   
   339.8921    339.7946    3.648221  -2.682 3.002e+05  55.00     0.000000   0.5     3.647998   1.5 WA   
   340.0935    339.9959    3.646062  -3.684 5.969e+04  55.00     0.000000   0.5     3.645838   0.5 WA   
   347.7785    347.6790    3.565492  -2.472 4.650e+05  55.00     0.000000   0.5     3.565273   1.5 WA   
   348.1035    348.0039    3.562164  -3.433 1.015e+05  55.00     0.000000   0.5     3.561945   0.5 WA   
   361.2461    361.1431    3.432568  -2.207 7.933e+05  55.00     0.000000   0.5     3.432357   1.5 WA   
   361.8300    361.7268    3.427029  -3.122 1.923e+05  55.00     0.000000   0.5     3.426818   0.5 WA   
   387.7205    387.6106    3.198185  -1.848 1.574e+06  55.00     0.000000   0.5     3.197989   1.5 WA   
   388.9667    388.8565    3.187938  -2.697 4.429e+05  55.00     0.000000   0.5     3.187742   0.5 WA   
   455.6502    455.5225    2.721390  -1.283 4.186e+06  55.00     0.000000   0.5     2.721194   1.5 WA   
   459.4395    459.3108    2.698945  -2.001 1.576e+06  55.00     0.000000   0.5     2.698750   0.5 WA   
   556.9957    556.8411    2.226232  -2.452 3.797e+05  55.00     1.386022   0.5     3.612118   0.5 WA   
   566.5520    566.3948    2.188681  -1.511 1.602e+06  55.00     1.386022   0.5     3.574569   1.5 WA   
   574.7318    574.5724    2.157531  -2.286 5.226e+05  55.00     1.454719   1.5     3.612118   0.5 WA   
   584.0454    583.8835    2.123126  -2.237 5.665e+05  55.00     1.386022   0.5     3.509018   0.5 WA   
   584.6670    584.5050    2.120868  -1.099 2.589e+06  55.00     1.454719   1.5     3.575457   2.5 WA   
   584.9119    584.7498    2.119980  -2.065 4.196e+05  55.00     1.454719   1.5     3.574569   1.5 WA   
   601.2152    601.0487    2.062492  -1.210 2.845e+06  55.00     1.386022   0.5     3.448388   1.5 WA   
   603.5761    603.4090    2.054425  -2.003 9.091e+05  55.00     1.454719   1.5     3.509018   0.5 WA   
   621.4796    621.3077    1.995241  -0.839 4.170e+06  55.00     1.454719   1.5     3.449838   2.5 WA   
   621.9315    621.7595    1.993791  -1.790 6.992e+05  55.00     1.454719   1.5     3.448388   1.5 WA   
   635.6312    635.4555    1.950820  -1.932 9.654e+05  55.00     1.386022   0.5     3.336722   0.5 WA   
   650.8102    650.6304    1.905320  -4.879 5.202e+02  55.00     1.797800   1.5     3.703003   1.5 WA   
   651.3133    651.1334    1.903848  -3.719 1.501e+04  55.00     1.797800   1.5     3.701531   0.5 WA   
   654.9700    654.7891    1.893219  -4.513 1.193e+03  55.00     1.809900   2.5     3.703003   1.5 WA   
   658.8329    658.6510    1.882119  -1.660 1.681e+06  55.00     1.454719   1.5     3.336722   0.5 WA   
   670.1585    669.9735    1.850311  -4.342 1.689e+03  55.00     1.797800   1.5     3.647998   1.5 WA   
   670.9418    670.7566    1.848151  -3.265 4.025e+04  55.00     1.797800   1.5     3.645838   0.5 WA   
   672.5135    672.3279    1.843832  -0.845 5.268e+06  55.00     1.386022   0.5     3.229741   1.5 WA   
   674.5702    674.3840    1.838210  -4.316 1.770e+03  55.00     1.809900   2.5     3.647998   1.5 WA   
   697.5192    697.3269    1.777731  -0.483 7.514e+06  55.00     1.454719   1.5     3.232341   2.5 WA   
   698.5410    698.3484    1.775131  -1.421 1.296e+06  55.00     1.454719   1.5     3.229741   1.5 WA   
   702.8478    702.6540    1.764254  -3.666 1.457e+04  55.00     1.797800   1.5     3.561945   0.5 WA   
   706.3601    706.1654    1.755481  -3.014 3.236e+04  55.00     1.809900   2.5     3.565273   1.5 WA   
   723.0526    722.8534    1.714954  -0.437 7.774e+06  55.00     1.797800   1.5     3.512648   2.5 WA   
   728.1908    727.9902    1.702853  -1.652 4.672e+05  55.00     1.809900   2.5     3.512648   2.5 WA   
   728.1963    727.9957    1.702840  -0.351 7.007e+06  55.00     1.809900   2.5     3.512636   3.5 WA   
   758.5698    758.3610    1.634657  -4.056 2.547e+03  55.00     1.797800   1.5     3.432357   1.5 WA   
   761.0999    760.8904    1.629223  -1.466 1.969e+06  55.00     1.386022   0.5     3.015146   0.5 WA   
   761.1490    760.9395    1.629118  -2.936 6.670e+04  55.00     1.797800   1.5     3.426818   0.5 WA   
   764.2271    764.0168    1.622557  -2.662 6.218e+04  55.00     1.809900   2.5     3.432357   1.5 WA   
   794.6067    794.3882    1.560523  -1.164 3.621e+06  55.00     1.454719   1.5     3.015146   0.5 WA   
   801.7931    801.5726    1.546536  -0.123 1.303e+07  55.00     1.797800   1.5     3.344241   2.5 WA   
   808.1162    807.8940    1.534435  -1.342 7.745e+05  55.00     1.809900   2.5     3.344241   2.5 WA   
   808.1258    807.9036    1.534417  -0.041 1.162e+07  55.00     1.809900   2.5     3.344223   3.5 WA   
   852.3472    852.1131    1.454808   0.152 3.257e+07  55.00     0.000000   0.5     1.454719   1.5 WA   
   876.3766    876.1360    1.414919  -0.343 9.856e+06  55.00     1.386022   0.5     2.800854   1.5 WA   
   885.5417    885.2986    1.400275  -3.198 1.348e+04  55.00     1.797800   1.5     3.197989   1.5 WA   
   892.0700    891.8251    1.390027  -2.218 2.537e+05  55.00     1.797800   1.5     3.187742   0.5 WA   
   893.2611    893.0159    1.388174  -2.050 1.863e+05  55.00     1.809900   2.5     3.197989   1.5 WA   
   894.5928    894.3473    1.386107  -0.159 2.890e+07  55.00     0.000000   0.5     1.386022   0.5 WA   
   917.4714    917.2197    1.351543   0.053 1.492e+07  55.00     1.454719   1.5     2.806179   2.5 WA   
   921.1002    920.8475    1.346218  -0.866 2.676e+06  55.00     1.454719   1.5     2.800854   1.5 WA   
   978.6257    978.3574    1.267085  -2.125 1.306e+05  55.00     2.298266   0.5     3.565273   1.5 WA   
   981.2030    980.9340    1.263757  -3.076 2.908e+04  55.00     2.298266   0.5     3.561945   0.5 WA   
  1002.7103   1002.4355    1.236650   0.310 2.257e+07  55.00     1.797800   1.5     3.034374   2.5 WA   
  1012.6191   1012.3416    1.224549  -0.903 1.355e+06  55.00     1.809900   2.5     3.034374   2.5 WA   
  1012.6376   1012.3601    1.224527   0.398 2.033e+07  55.00     1.809900   2.5     3.034352   3.5 WA   
  1093.3215   1093.0221    1.134160  -1.742 2.527e+05  55.00     2.298266   0.5     3.432357   1.5 WA   
  1098.6872   1098.3864    1.128621  -2.593 7.053e+04  55.00     2.298266   0.5     3.426818   0.5 WA   
  1342.7500   1342.3829    0.923479  -2.089 7.535e+04  55.00     1.797800   1.5     2.721194   1.5 WA   
  1357.5745   1357.2034    0.913395  -2.009 1.772e+05  55.00     2.698779   0.5     3.612118   0.5 WA   
  1359.2037   1358.8321    0.912300  -0.514 5.527e+06  55.00     1.386022   0.5     2.298266   0.5 WA   
  1360.5784   1360.2065    0.911378  -1.033 8.349e+05  55.00     1.809900   2.5     2.721194   1.5 WA   
  1374.4136   1374.0379    0.902204  -3.278 4.654e+03  55.00     2.800854   1.5     3.703003   1.5 WA   
  1376.1986   1375.8224    0.901034  -1.148 1.252e+06  55.00     1.797800   1.5     2.698750   0.5 WA   
  1376.6596   1376.2833    0.900732  -2.470 5.963e+04  55.00     2.800854   1.5     3.701531   0.5 WA   
  1378.1202   1377.7435    0.899778  -1.134 6.449e+05  55.00     2.298266   0.5     3.197989   1.5 WA   
  1382.5732   1382.1953    0.896880  -2.382 3.620e+04  55.00     2.806179   2.5     3.703003   1.5 WA   
  1391.7753   1391.3949    0.890950  -1.830 2.547e+05  55.00     2.721223   1.5     3.612118   0.5 WA   
  1393.9961   1393.6151    0.889530  -1.821 2.592e+05  55.00     2.298266   0.5     3.187742   0.5 WA   
  1415.7788   1415.3919    0.875844  -1.165 5.690e+05  55.00     2.698779   0.5     3.574569   1.5 WA   
  1451.5052   1451.1086    0.854287  -0.772 8.919e+05  55.00     2.721223   1.5     3.575457   2.5 WA   
  1453.0153   1452.6182    0.853399  -0.721 1.502e+06  55.00     2.721223   1.5     3.574569   1.5 WA   
  1463.6553   1463.2553    0.847195  -2.996 7.856e+03  55.00     2.800854   1.5     3.647998   1.5 WA   
  1467.3967   1466.9957    0.845035  -2.157 1.079e+05  55.00     2.800854   1.5     3.645838   0.5 WA   
  1469.8941   1469.4925    0.843599  -0.103 1.218e+07  55.00     1.454719   1.5     2.298266   0.5 WA   
  1472.9124   1472.5099    0.841871  -2.160 5.318e+04  55.00     2.806179   2.5     3.647998   1.5 WA   
  1530.3207   1529.9026    0.810289  -1.703 2.822e+05  55.00     2.698779   0.5     3.509018   0.5 WA   
  1573.9188   1573.4889    0.787844  -1.483 4.427e+05  55.00     2.721223   1.5     3.509018   0.5 WA   
  1622.0495   1621.6065    0.764466  -2.857 8.809e+03  55.00     2.800854   1.5     3.565273   1.5 WA   
  1629.1420   1628.6971    0.761138  -1.979 1.319e+05  55.00     2.800854   1.5     3.561945   0.5 WA   
  1633.4264   1632.9803    0.759141  -1.714 1.207e+05  55.00     2.806179   2.5     3.565273   1.5 WA   
  1654.0955   1653.6438    0.749655  -0.821 9.203e+05  55.00     2.698779   0.5     3.448388   1.5 WA   
  1701.7569   1701.2922    0.728660  -0.439 1.397e+06  55.00     2.721223   1.5     3.449838   2.5 WA   
  1705.1490   1704.6834    0.727210  -1.372 2.435e+05  55.00     2.721223   1.5     3.448388   1.5 WA   
  1943.6293   1943.0988    0.637983  -1.234 5.151e+05  55.00     2.698779   0.5     3.336722   0.5 WA   
  1963.4523   1962.9164    0.631542  -2.341 1.973e+04  55.00     2.800854   1.5     3.432357   1.5 WA   
  1980.1470   1979.6066    0.626217  -1.285 2.206e+05  55.00     2.806179   2.5     3.432357   1.5 WA   
  1980.8256   1980.2850    0.626002  -1.466 2.907e+05  55.00     2.800854   1.5     3.426818   0.5 WA   

Number of lines in output : 91
Parameter set used in search:
Lower wavelength limit: 200.0000 nm
Upper wavelength limit: 2000.0000 nm
Lower limit on log gf: -5.000 Upper limit on log gf: 3.000 Lower limit on energy for lower level: 0.000 cm^-1
Upper limit on energy for lower level: 1000000.000 cm^-1
Lower limit on energy for upper level: 0.000 cm^-1
Upper limit on energy for upper level: 1000000.000 cm^-1
Element list:
Cs I ( = 55.00 )
Search program by Claas Heise (heise@fz.telekom.de), Jan 17, 1996
