-----------------------------------------------------------------------------------------------------------------------------------------------------------------
Initial                       Warm-0   Initial CI                                    Number of Partition Function Temperatures = 5
Spectra   Element    Element  Hot--1   Abundance    Eion      Vo        c                                       
 Match     File       Code    Both-?   Lodders'09             km/s      Jones'97  T= 3000K     4400K     6000K    10000K    20000K  ! Part funct source: NIST
-----------------------------------------------------------------------------------------------------------------------------------------------------------------
   0     H-I.txt      1.00      0      5.89E+00    13.5984    51.92     1.13E-05     2.000     2.000     2.000     2.000     2.000  !
   0     H-II.txt     1.01      1      5.89E+00    13.5984    51.92     1.13E-05     1.000     1.000     1.000     1.000     1.000  !
   0     Li-I.txt     3.00      0      6.46E-05     5.3917    13.65     2.28E-05     2.000     2.052     2.199     3.870    24.400  !
   0     Li-II.txt    3.01      1      6.46E-05    75.6400    13.65     2.28E-05     1.000     1.000     1.000     1.000     1.000  !
   0     Be-I.txt     4.00      0      7.08E-07     9.3227    16.21     6.76E-05     1.000     1.008     1.008     1.410     6.100  !
   0     Be-II.txt    4.01      1      7.08E-07    18.21114   16.21     6.76E-05     2.000     2.000     2.000     2.060     2.650  !
   0     C-I.txt      6.00      0      8.71E-01    11.2603    16.04     1.64E-05     8.910     9.097     9.377    10.210    14.920  !
   0     C-II.txt     6.01      1      8.71E-01    24.3833    16.04     1.64E-05     5.880     5.916     5.939     5.990     6.580  !
   0     N-I.txt      7.00      0      1.86E+08    14.5341    17.28     3.93E-05     4.000     4.022     4.105     4.720     7.850  ! atmospheric N
   0     N-II.txt     7.01      1      1.86E+08    29.6013    17.28     3.93E-05     8.630     8.776     8.937     9.450    10.900  ! atmospheric N
   0     O-I.txt      8.00      0      5.00E+07    13.6181    16.01     8.14E-06     8.680     8.805     8.947     9.420    11.360  ! atmospheric O
   0     O-II.txt     8.01      1      5.00E+07    35.1211    16.01     8.14E-06     4.000     4.002     4.016     4.230     5.780  ! atmospheric O
   0     F-I.txt      9.00      0      9.34E-04    17.4228    17.17     1.74E-05     5.650     5.750     5.852     5.890     6.030  !
   0     F-II.txt     9.01      1      9.34E-04    34.9708    17.17     1.74E-05     8.340     8.536     8.686     9.040    10.050  !
   0     Ne-I.txt    10.00      0      2.17E+03    21.5646    18.77     4.29E-05     1.000     1.000     1.000     1.000     1.010  ! atmospheric Ne
   0     Ne-II.txt   10.01      1      2.17E+03    40.96296   18.77     4.29E-05     5.380     5.545     5.658     5.790     5.890  ! atmospheric Ne
   0     Na-I.txt    11.00      0      6.61E-02     5.1391     8.83     1.58E-05     2.000     2.035     2.221     5.850    58.960  !
   0     Na-II.txt   11.01      1      6.61E-02    47.2864     8.83     1.58E-05     1.000     1.000     1.000     1.000     1.000  !
   0     Mg-I.txt    12.00      0      1.20E+00     7.6462    10.61     5.11E-05     1.000     1.009     1.049     1.640    18.190  !
   0     Mg-II.txt   12.01      1      1.20E+00    15.03527   10.61     5.11E-05     2.000     2.000     2.000     2.040     2.720  !
   0     Al-I.txt    13.00      0      9.55E-02     5.9858     9.13     4.98E-06     5.790     5.858     5.926     7.050    30.070  !
   0     Al-II.txt   13.01      1      9.55E-02    18.82855    9.13     4.98E-06     1.000     1.000     1.001     1.040     1.740  !
   0     Si-I.txt    14.00      0      1.15E+00     8.1517    10.54     1.46E-05     8.630     9.214     9.817    11.360    40.330  !
   0     Si-II.txt   14.01      1      1.15E+00    16.34584   10.54     1.46E-05     5.490     5.638     5.734     5.870     6.840  !
   0     P-I.txt     15.00      0      9.55E-03    10.4867    11.68     3.68E-05     4.040     4.267     4.722     6.380    16.130  !
   0     P-II.txt    15.01      1      9.55E-03    19.7695    11.68     3.68E-05     7.840     8.402     8.952    10.050    12.160  !
   0     S-I.txt     16.00      0      5.01E-01    10.3609    11.51     8.81E-06     8.300     8.708     9.150    10.140    15.770  !
   0     S-II.txt    16.01      1      5.01E-01    23.33788   11.51     8.81E-06     4.010     4.086     4.299     5.350     8.550  !
   0     Cl-I.txt    17.00      0      6.03E-03    12.9676    12.58     2.12E-05     5.310     5.494     5.619     5.760     7.340  !
   0     Cl-II.txt   17.01      1      6.03E-03    23.8136    12.58     2.12E-05     7.790     8.232     8.644     9.530    11.130  !
   0     Ar-I.txt    18.00      0      1.11E+06    15.7596    13.52     5.38E-05     1.000     1.000     1.000     1.000     1.320  ! atmospheric Ar
   0     Ar-II.txt   18.01      1      1.11E+06    27.62965   13.52     5.38E-05     5.010     5.247     5.419     5.630     5.810  ! atmospheric Ar
   0     K-I.txt     19.00      0      4.27E-03     4.3407     7.13     1.50E-05     2.010     2.131     2.610     9.820    76.410  !
   0     K-II.txt    19.01      1      4.27E-03    31.630      7.13     1.50E-05     1.000     1.000     1.000     1.000     1.000  !
   0     Ca-I.txt    20.00      0      6.92E-02     6.1132     8.42     5.24E-05     1.010     1.099     1.418     5.690    87.480  !
   0     Ca-II.txt   20.01      1      6.92E-02    11.87172    8.42     5.24E-05     2.010     2.124     2.389     3.560     7.840  !
   0     Sc-I.txt    21.00      0      3.98E-05     6.5615     8.51     4.97E-05     9.690    11.002    14.186    33.080   150.230  !
   0     Sc-II.txt   21.01      1      3.98E-05    12.79977    8.51     4.97E-05    17.810    21.303    25.096    33.640    55.880  !
   0     Ti-I.txt    22.00      0      2.89E-03     6.8281     8.58     4.89E-05    20.820    26.402    36.052    83.180   350.910  !
   0     Ti-II.txt   22.01      1      2.89E-03    13.5755     8.58     4.89E-05    44.020    52.037    61.050    83.720   146.030  !
   0     V-I.txt     23.00      0      3.24E-04     6.7462     8.44     2.27E-05    34.790    43.471    55.939   111.440   384.780  !
   0     V-II.txt    23.01      1      3.24E-04    14.618      8.44     2.27E-05    31.820    39.778    49.760    80.880   182.790  !
   0     Cr-I.txt    24.00      0      1.55E-02     6.7665     8.42     1.75E-05     7.650     9.413    12.666    33.160   207.570  !
   0     Cr-II.txt   24.01      1      1.55E-02    16.4857     8.42     1.75E-05     6.090     6.690     8.263    18.480    86.190  !
   0     Mn-I.txt    25.00      0      1.07E-02     7.4340     8.74     2.76E-05     6.010     6.222     7.043    15.340   108.620  !
   0     Mn-II.txt   25.01      1      1.07E-02    15.6400     8.74     2.76E-05     7.080     7.477     8.423    14.560    63.410  !
   0     Fe-I.txt    26.00      0      1.00E+00     7.9024     8.97     3.46E-05    21.950    25.884    31.734    59.650   274.720  !
   0     Fe-II.txt   26.01      1      1.00E+00    16.1877     8.97     3.46E-05    34.310    40.857    47.560    66.900   146.700  !
   0     Co-I.txt    27.00      0      2.63E-03     7.8810     8.89     1.93E-05    24.470    30.929    38.046    60.830   178.450  !
   0     Co-II.txt   27.01      1      2.63E-03    17.084      8.89     1.93E-05    20.950    27.288    34.046    50.470   100.110  !
   0     Ni-I.txt    28.00      0      5.63E-02     7.6398     8.76     7.51E-06    26.350    29.698    32.635    41.580   108.930  !
   0     Ni-II.txt   28.01      1      5.63E-02    18.16884    8.76     7.51E-06     8.300     9.982    12.373    19.400    40.540  !
   0     Cu-I.txt    29.00      0      6.31E-04     7.7264     8.70     1.00E-05     2.030     2.216     2.583     4.180    21.890  !
   0     Cu-II.txt   29.01      1      6.31E-04    20.2924     8.70     1.00E-05     1.000     1.013     1.076     1.700     5.400  !
   0     Zn-I.txt    30.00      0      1.51E-03     9.3942     9.56     3.68E-05     1.000     1.000     1.004     1.110     6.410  !
   0     Zn-II.txt   30.01      1      1.51E-03    17.96439    9.56     3.68E-05     2.000     2.000     2.000     2.010     2.350  !
   0     Ge-I.txt    32.00      0      1.35E-04     7.8994     8.63     1.26E-05     6.000     7.129     8.119    10.190    43.610  !
   0     Ge-II.txt   32.01      1      1.35E-04    15.93461    8.63     1.26E-05     3.710     4.233     4.618     5.110     6.070  ! 
   0     Rb-I.txt    37.00      0      8.13E-06     4.1771     6.14     1.40E-05     2.010     2.181     2.970    11.360    84.750  !
   0     Rb-II.txt   37.01      1      8.13E-06    27.2895     6.14     1.40E-05     1.000     1.000     1.000     1.000     1.000  !
   0     Sr-I.txt    38.00      0      2.69E-05     5.6949     7.15     4.82E-05     1.010     1.139     1.554     6.200    69.450  !
   0     Sr-II.txt   38.01      1      2.69E-05    11.0301     7.15     4.82E-05     2.010     2.091     2.311     3.400     8.250  !
   0     Y-I.txt     39.00      0      5.25E-06     6.2171     7.55     3.32E-05     8.860    10.630    14.339    33.200   115.900  !
   0     Y-II.txt    39.01      1      5.25E-06    12.220      7.55     3.32E-05     6.380    10.950    18.097    27.020    53.500  !
   0     Zr-I.txt    40.00      0      1.20E-05     6.6339     7.80     3.22E-05    19.970    29.303    42.974    92.850   283.500  !
   0     Zr-II.txt   40.01      1      1.20E-05    13.1000     7.80     3.22E-05    29.140    40.442    52.824    81.220   149.300  !
   0     Cs-I.txt    55.00      0      4.27E-07     3.8939     5.66     1.32E-05     2.030     2.324     3.370    16.930   112.990  !
   0     Cs-II.txt   55.01      1      4.27E-07    23.15744    5.66     1.32E-05     1.000     1.000     1.000     1.000     1.000  !
   0     Ba-I.txt    56.00      0      5.37E-06     5.2117     6.53     4.98E-05     1.210     2.033     3.678    16.610   132.050  !
   0     Ba-II.txt   56.01      1      5.37E-06    10.00383    6.53     4.98E-05     2.780     3.753     4.818     6.970    14.530  !
   0     Pb-I.txt    82.00      0      3.89E-06     7.4167     7.56     3.09E-05     1.100     1.399     1.881     3.490    14.440  !
   0     Pb-II.txt   82.01      1      3.89E-06    15.03248    7.56     3.09E-05     2.000     2.052     2.178     2.530     3.870  !
   0     N2-I.txt     7.50      0      0.00E-06     0.000      1.00     0.00E-05     1.000     1.000     1.000     1.000     1.000  ! N2 first positive band
   0     N2-II.txt    7.51      1      0.00E-06     0.000      1.00     0.00E-05     1.000     1.000     1.000     1.000     1.000  ! N2 first positive band
 
