Number of lines in output : 58
--------------------------------------------------------------------------------------------------------
    Wl_vac      Wl_air    E_Photon   log_gf   A-Value   Elem. E_lower_lev.   J   E_upper_lev.   J   Ref.
     / nm        / nm        / eV              / 1/s   (Code)     / eV     lower     / eV     upper     
--------------------------------------------------------------------------------------------------------
   201.9720    201.9068    6.139475  -0.630 7.666e+07  32.00     0.069080   1.0     6.208178   2.0 CB   
   204.2368    204.1712    6.071393  -0.700 1.063e+08  32.00     0.000000   0.0     6.071021   1.0 LCG  
   204.4425    204.3769    6.065284  -0.510 7.045e+07  32.00     0.174825   2.0     6.239735   3.0 CB   
   205.5119    205.4461    6.033722  -1.020 3.016e+07  32.00     0.174825   2.0     6.208178   2.0 CB   
   205.7896    205.7238    6.025579  -1.000 3.150e+07  32.00     0.883484   2.0     6.908693   2.0 CB   
   206.5875    206.5215    6.002308  -0.770 8.847e+07  32.00     0.069080   1.0     6.071021   1.0 LCG  
   206.9317    206.8656    5.992325  -0.410 1.212e+08  32.00     0.069080   1.0     6.061037   2.0 LCG  
   208.6685    208.6021    5.942448  -0.900 3.857e+07  32.00     0.069080   1.0     6.011165   2.0 LCG  
   209.4924    209.4258    5.919079  -0.350 9.698e+07  32.00     0.174825   2.0     6.093540   3.0 LCG  
   210.6492    210.5824    5.886573  -1.240 1.730e+07  32.00     0.174825   2.0     6.061037   2.0 LCG  
   212.5416    212.4744    5.834161  -1.660 1.077e+07  32.00     0.883484   2.0     6.717288   1.0 CB'  
   219.9401    219.8714    5.637907  -0.800 3.122e+07  32.00     0.883484   2.0     6.521045   3.0 CB'  
   225.6700    225.6001    5.494757  -1.920 3.149e+06  32.00     0.883484   2.0     6.377905   2.0 LCG  
   231.4914    231.4202    5.356579  -0.950 1.995e+07  32.00     0.883484   2.0     6.239735   3.0 CB   
   232.8633    232.7918    5.325021  -0.780 4.083e+07  32.00     0.883484   2.0     6.208178   2.0 CB   
   237.9870    237.9144    5.210376  -0.650 3.766e+07  32.00     0.883484   2.0     6.093540   3.0 CB   
   241.8102    241.7367    5.127997  -0.310 1.117e+08  32.00     0.883484   2.0     6.011165   2.0 LCG  
   249.8716    249.7963    4.962555  -1.420 1.354e+07  32.00     0.000000   0.0     4.962252   1.0 LCG  
   253.3991    253.3230    4.893473  -1.510 1.070e+07  32.00     0.069080   1.0     4.962252   1.0 LCG  
   255.7065    255.6298    4.849317  -1.360 1.484e+07  32.00     2.029428   0.0     6.878447   1.0 CB'  
   258.9963    258.9188    4.787721  -1.820 5.017e+06  32.00     0.174825   2.0     4.962252   1.0 LCG  
   259.3309    259.2534    4.781542  -0.410 7.717e+07  32.00     0.069080   1.0     4.850329   2.0 LCG  
   264.4972    264.4184    4.688148  -1.000 3.178e+07  32.00     2.029428   0.0     6.717288   1.0 CB'  
   265.1961    265.1172    4.675791  -0.060 1.652e+08  32.00     0.174825   2.0     4.850329   2.0 LCG  
   265.2357    265.1568    4.675093  -0.580 8.313e+07  32.00     0.000000   0.0     4.674805   1.0 LCG  
   269.2140    269.1341    4.606008  -0.770 5.210e+07  32.00     0.069080   1.0     4.674805   1.0 LCG  
   271.0427    270.9624    4.574931  -0.520 2.742e+08  32.00     0.069080   1.0     4.643731   0.0 LCG  
   274.1237    274.0426    4.523512  -0.200 1.867e+08  32.00     2.029428   0.0     6.552662   1.0 CB'  
   275.5402    275.4588    4.500257  -0.510 9.050e+07  32.00     0.174825   2.0     4.674805   1.0 LCG  
   279.4749    279.3925    4.436899  -0.970 3.050e+07  32.00     2.029428   0.0     6.466054   1.0 CB'  
   282.9840    282.9008    4.381879  -0.920 3.338e+07  32.00     2.029428   0.0     6.411038   1.0 LCG  
   303.9951    303.9067    4.079018   0.020 2.519e+08  32.00     0.883484   2.0     4.962252   1.0 LCG  
   306.7912    306.7021    4.041842   0.490 7.300e+08  32.00     2.029428   0.0     6.071021   1.0 CB   
   312.5723    312.4817    3.967088  -1.640 3.128e+06  32.00     0.883484   2.0     4.850329   2.0 LCG  
   327.0431    326.9489    3.791554  -0.920 2.499e+07  32.00     0.883484   2.0     4.674805   1.0 LCG  
   422.7753    422.6563    2.933004  -0.770 2.112e+07  32.00     2.029428   0.0     4.962252   1.0 LCG  
   468.7140    468.5829    2.645540  -2.010 9.890e+05  32.00     2.029428   0.0     4.674805   1.0 LCG  
   860.2736    860.0373    1.441404  -1.000 3.004e+06  32.00     4.643731   0.0     6.085046   1.0 GUES 
   879.2297    878.9883    1.410327  -0.130 2.132e+07  32.00     4.674805   1.0     6.085046   1.0 CB   
   907.1269    906.8780    1.366955  -0.800 2.569e+06  32.00     4.674805   1.0     6.041676   2.0 GUES 
   909.8451    909.5954    1.362871  -0.500 2.548e+07  32.00     4.962252   1.0     6.325039   0.0 GUES 
   940.1442    939.8863    1.318948  -0.400 1.001e+07  32.00     4.643731   0.0     5.962598   1.0 GUES 
   962.8298    962.5658    1.287872  -0.300 1.202e+07  32.00     4.674805   1.0     5.962598   1.0 GUES 
   994.9316    994.6589    1.246319  -2.000 6.738e+05  32.00     4.643731   0.0     5.889973   0.0 GUES 
  1004.2181   1003.9429    1.234793  -1.000 2.205e+06  32.00     4.850329   2.0     6.085046   1.0 GUES 
  1038.5265   1038.2420    1.194001  -0.500 6.519e+06  32.00     4.962252   1.0     6.156180   1.0 GUES 
  1040.7757   1040.4906    1.191421  -0.500 3.894e+06  32.00     4.850329   2.0     6.041676   2.0 GUES 
  1073.6994   1073.4053    1.154887  -0.500 6.099e+06  32.00     4.643731   0.0     5.798547   1.0 GUES 
  1095.0409   1094.7411    1.132379  -0.500 3.518e+06  32.00     4.674805   1.0     5.807115   2.0 GUES 
  1103.3901   1103.0880    1.123811  -1.200 1.152e+06  32.00     4.674805   1.0     5.798547   1.0 GUES 
  1112.8172   1112.5125    1.114291  -0.500 2.433e+06  32.00     4.850329   2.0     5.964551   3.0 GUES 
  1114.7708   1114.4656    1.112338  -1.000 1.789e+06  32.00     4.850329   2.0     5.962598   1.0 GUES 
  1171.7954   1171.4747    1.058207   0.300 3.231e+07  32.00     4.643731   0.0     5.701873   1.0 GUES 
  1207.2488   1206.9185    1.027130   0.600 6.073e+07  32.00     4.674805   1.0     5.701873   1.0 GUES 
  1239.4959   1239.1568    1.000408   0.600 5.761e+07  32.00     4.962252   1.0     5.962598   1.0 GUES 
  1295.9274   1295.5730    0.956845  -0.300 3.981e+06  32.00     4.850329   2.0     5.807115   2.0 GUES 
  1482.6406   1482.2355    0.836347   0.150 1.429e+07  32.00     4.962252   1.0     5.798547   1.0 GUES 
  1676.4341   1675.9763    0.739666  -0.300 3.965e+06  32.00     4.962252   1.0     5.701873   1.0 GUES 

Number of lines in output : 58
Parameter set used in search:
Lower wavelength limit: 200.0000 nm
Upper wavelength limit: 2000.0000 nm
Lower limit on log gf: -5.000 Upper limit on log gf: 3.000 Lower limit on energy for lower level: 0.000 cm^-1
Upper limit on energy for lower level: 1000000.000 cm^-1
Lower limit on energy for upper level: 0.000 cm^-1
Upper limit on energy for upper level: 1000000.000 cm^-1
Element list:
Ge I ( = 32.00 )
Search program by Claas Heise (heise@fz.telekom.de), Jan 17, 1996
