Number of lines in output :  278
--------------------------------------------------------------------------------------------------------
    Wl_vac      Wl_air    E_Photon   log_gf   A-Value   Elem. E_lower_lev.   J   E_upper_lev.   J   Ref.
     / nm        / nm       / eV               / 1/s   (Code)     / eV     lower     / eV     upper     
--------------------------------------------------------------------------------------------------------
   294.3519    294.2659    4.212150  -4.920 2.314e+03  19.00     0.000000   0.5     4.212392   1.5 NBS  
   296.4066    296.3200    4.182951  -4.770 3.223e+03  19.00     0.000000   0.5     4.183192   1.5 NBS  
   299.2992    299.2119    4.142526  -4.539 5.381e+03  19.00     0.000000   0.5     4.142764   1.5 NBS  
   299.3095    299.2222    4.142382  -4.839 5.393e+03  19.00     0.000000   0.5     4.142620   0.5 NBS  
   303.5643    303.4760    4.084321  -4.288 9.323e+03  19.00     0.000000   0.5     4.084555   1.5 NBS  
   303.5803    303.4920    4.084106  -4.588 9.344e+03  19.00     0.000000   0.5     4.084341   0.5 NBS  
   310.2689    310.1789    3.996064  -3.980 1.814e+04  19.00     0.000000   0.5     3.996294   1.5 NBS  
   310.2946    310.2046    3.995733  -4.280 1.818e+04  19.00     0.000000   0.5     3.995963   0.5 NBS  
   321.8083    321.7154    3.852773  -3.549 4.549e+04  19.00     0.000000   0.5     3.852994   1.5 NBS  
   321.8549    321.7620    3.852215  -3.849 4.558e+04  19.00     0.000000   0.5     3.852436   0.5 NBS  
   344.7360    344.6372    3.596534  -2.920 1.687e+05  19.00     0.000000   0.5     3.596740   1.5 NBS  
   344.8363    344.7375    3.595487  -3.220 1.690e+05  19.00     0.000000   0.5     3.595694   0.5 NBS  
   404.5285    404.4142    3.064937  -1.920 1.225e+06  19.00     0.000000   0.5     3.065113   1.5 NBS  
   404.8356    404.7213    3.062612  -2.220 1.226e+06  19.00     0.000000   0.5     3.062788   0.5 NBS  
   474.2247    474.0921    2.614487  -3.270 7.964e+04  19.00     1.610064   0.5     4.224702   0.5 NBS  
   474.5672    474.4345    2.612600  -2.880 9.760e+04  19.00     1.610064   0.5     4.222815   1.5 NBS  
   475.5259    475.3930    2.607332  -2.970 1.580e+05  19.00     1.617220   1.5     4.224702   0.5 NBS  
   475.8704    475.7374    2.605445  -3.580 1.937e+04  19.00     1.617220   1.5     4.222815   1.5 NBS  
   475.8717    475.7387    2.605438  -2.620 1.178e+05  19.00     1.617220   1.5     4.222807   2.5 NBS  
   478.7829    478.6491    2.589596  -3.090 1.183e+05  19.00     1.610064   0.5     4.199809   0.5 NBS  
   479.2388    479.1049    2.587132  -2.750 1.291e+05  19.00     1.610064   0.5     4.197345   1.5 NBS  
   480.1095    479.9753    2.582441  -2.790 2.346e+05  19.00     1.617220   1.5     4.199809   0.5 NBS  
   480.5679    480.4336    2.579978  -3.450 2.562e+04  19.00     1.617220   1.5     4.197345   1.5 NBS  
   480.5688    480.4345    2.579973  -2.490 1.558e+05  19.00     1.617220   1.5     4.197340   2.5 NBS  
   485.1220    484.9865    2.555758  -2.990 1.450e+05  19.00     1.610064   0.5     4.165969   0.5 NBS  
   485.7449    485.6092    2.552481  -2.620 1.695e+05  19.00     1.610064   0.5     4.162692   1.5 NBS  
   486.4839    486.3480    2.548603  -2.690 2.877e+05  19.00     1.617220   1.5     4.165969   0.5 NBS  
   487.1102    486.9742    2.545326  -3.320 3.364e+04  19.00     1.617220   1.5     4.162692   1.5 NBS  
   487.1114    486.9754    2.545320  -2.360 2.045e+05  19.00     1.617220   1.5     4.162686   2.5 NBS  
   494.3386    494.2007    2.508107  -2.807 2.128e+05  19.00     1.610064   0.5     4.118316   0.5 NBS  
   495.2196    495.0814    2.503645  -2.500 2.150e+05  19.00     1.610064   0.5     4.113854   1.5 NBS  
   495.7529    495.6146    2.500952  -2.507 4.222e+05  19.00     1.617220   1.5     4.118316   0.5 NBS  
   496.6388    496.5003    2.496491  -3.200 4.266e+04  19.00     1.617220   1.5     4.113854   1.5 NBS  
   496.6416    496.5030    2.496477  -2.240 2.594e+05  19.00     1.617220   1.5     4.113840   2.5 NBS  
   508.5647    508.4230    2.437948  -2.568 3.487e+05  19.00     1.610064   0.5     4.048153   0.5 NBS  
   509.8592    509.7171    2.431759  -2.340 2.932e+05  19.00     1.610064   0.5     4.041963   1.5 NBS  
   510.0616    509.9195    2.430793  -2.268 6.916e+05  19.00     1.617220   1.5     4.048153   0.5 NBS  
   511.3637    511.2212    2.424604  -3.040 5.816e+04  19.00     1.617220   1.5     4.041963   1.5 NBS  
   511.3671    511.2246    2.424588  -2.080 3.536e+05  19.00     1.617220   1.5     4.041947   2.5 NBS  
   532.4757    532.3276    2.328471  -2.270 6.317e+05  19.00     1.610064   0.5     3.938670   0.5 NBS  
   534.1168    533.9683    2.321317  -1.970 1.253e+06  19.00     1.617220   1.5     3.938670   0.5 NBS  
   534.4455    534.2969    2.319889  -2.180 3.857e+05  19.00     1.610064   0.5     3.930087   1.5 NBS  
   536.0989    535.9498    2.312734  -2.880 7.648e+04  19.00     1.617220   1.5     3.930087   1.5 NBS  
   536.1064    535.9573    2.312702  -1.920 4.650e+05  19.00     1.617220   1.5     3.930055   2.5 NBS  
   578.3988    578.2384    2.143598  -1.910 1.226e+06  19.00     1.610064   0.5     3.753785   0.5 NBS  
   580.3358    580.1749    2.136443  -1.610 2.431e+06  19.00     1.617220   1.5     3.753785   0.5 NBS  
   581.3761    581.2149    2.132620  -2.250 2.774e+05  19.00     1.610064   0.5     3.742807   1.5 NBS  
   583.3331    583.1714    2.125466  -2.950 5.498e+04  19.00     1.617220   1.5     3.742807   1.5 NBS  
   583.3501    583.1884    2.125404  -1.990 3.343e+05  19.00     1.617220   1.5     3.742745   2.5 NBS  
   691.2989    691.1082    1.793514  -1.410 2.715e+06  19.00     1.610064   0.5     3.403682   0.5 NBS  
   693.8191    693.6278    1.786999  -3.130 2.568e+04  19.00     1.610064   0.5     3.397166   1.5 NBS  
   694.0677    693.8763    1.786359  -1.110 5.374e+06  19.00     1.617220   1.5     3.403682   0.5 NBS  
   696.6082    696.4161    1.779845  -3.830 5.083e+03  19.00     1.617220   1.5     3.397166   1.5 NBS  
   696.6601    696.4680    1.779712  -2.870 3.090e+04  19.00     1.617220   1.5     3.397034   2.5 NBS  
   732.3169    732.1152    1.693057  -2.540 1.793e+05  19.00     2.607136   0.5     4.300290   0.5 KP   
   732.3169    732.1152    1.693057  -2.240 1.789e+05  19.00     2.607136   0.5     4.300290   1.5 KP   
   734.4177    734.2154    1.688214  -2.640 1.416e+05  19.00     2.607136   0.5     4.295447   0.5 KP   
   734.4177    734.2154    1.688214  -2.340 1.413e+05  19.00     2.607136   0.5     4.295447   1.5 KP   
   736.9350    736.7320    1.682448  -2.740 1.117e+05  19.00     2.607136   0.5     4.289680   0.5 KP   
   736.9350    736.7320    1.682448  -2.440 1.115e+05  19.00     2.607136   0.5     4.289680   1.5 KP   
   739.9794    739.7756    1.675525  -2.540 8.783e+04  19.00     2.607136   0.5     4.282758   1.5 KP   
   739.9909    739.7871    1.675499  -2.840 8.803e+04  19.00     2.607136   0.5     4.282732   0.5 KP   
   743.7223    743.5175    1.667093  -2.610 7.400e+04  19.00     2.607136   0.5     4.274325   1.5 KP   
   743.7361    743.5313    1.667062  -2.910 7.418e+04  19.00     2.607136   0.5     4.274294   0.5 KP   
   748.3960    748.1900    1.656682  -2.660 6.513e+04  19.00     2.607136   0.5     4.263913   1.5 KP   
   748.4128    748.2068    1.656645  -2.960 6.528e+04  19.00     2.607136   0.5     4.263876   0.5 KP   
   754.3412    754.1336    1.643625  -3.780 4.863e+03  19.00     2.607136   0.5     4.250856   1.5 NBS  
   754.3629    754.1552    1.643578  -4.080 4.875e+03  19.00     2.607136   0.5     4.250808   0.5 NBS  
   760.6205    760.4112    1.630056  -1.860 3.979e+05  19.00     2.670140   2.5     4.300290   1.5 KP   
   760.7541    760.5447    1.629770  -2.810 4.462e+04  19.00     2.670426   1.5     4.300290   1.5 KP   
   760.7541    760.5447    1.629770  -2.110 4.473e+05  19.00     2.670426   1.5     4.300290   0.5 KP   
   762.0743    761.8646    1.626947  -3.650 6.428e+03  19.00     2.607136   0.5     4.234176   1.5 NBS  
   762.1022    761.8925    1.626887  -3.950 6.443e+03  19.00     2.607136   0.5     4.234117   0.5 NBS  
   762.8871    762.6771    1.625214  -1.950 3.215e+05  19.00     2.670140   2.5     4.295447   1.5 KP   
   763.0214    762.8114    1.624927  -2.210 3.532e+05  19.00     2.670426   1.5     4.295447   0.5 KP   
   763.0214    762.8114    1.624927  -2.910 3.524e+04  19.00     2.670426   1.5     4.295447   1.5 KP   
   765.6036    765.3929    1.619447  -2.040 2.595e+05  19.00     2.670140   2.5     4.289680   1.5 KP   
   765.7388    765.5281    1.619161  -2.990 2.910e+04  19.00     2.670426   1.5     4.289680   1.5 KP   
   765.7388    765.5281    1.619161  -2.290 2.917e+05  19.00     2.670426   1.5     4.289680   0.5 KP   
   766.7021    766.4911    1.617127   0.130 3.827e+07  19.00     0.000000   0.5     1.617220   1.5 NBS  
   768.8901    768.6785    1.612525  -2.100 2.240e+05  19.00     2.670140   2.5     4.282758   1.5 KP   
   769.0265    768.8149    1.612239  -3.060 2.456e+04  19.00     2.670426   1.5     4.282758   1.5 KP   
   769.0389    768.8273    1.612213  -2.360 2.461e+05  19.00     2.670426   1.5     4.282732   0.5 KP   
   770.1093    769.8974    1.609972  -0.170 3.802e+07  19.00     0.000000   0.5     1.610064   0.5 NBS  
   772.4161    772.2036    1.605164  -3.500 8.838e+03  19.00     2.607136   0.5     4.212392   1.5 NBS  
   772.4519    772.2394    1.605089  -3.800 8.858e+03  19.00     2.607136   0.5     4.212317   0.5 NBS  
   772.9319    772.7192    1.604093  -2.180 1.844e+05  19.00     2.670140   2.5     4.274325   1.5 KP   
   773.0698    772.8571    1.603806  -3.130 2.068e+04  19.00     2.670426   1.5     4.274325   1.5 KP   
   773.0847    772.8720    1.603775  -2.430 2.073e+05  19.00     2.670426   1.5     4.274294   0.5 KP   
   777.9812    777.7672    1.593682  -2.230 1.622e+05  19.00     2.670140   2.5     4.263913   1.5 KP   
   778.1210    777.9069    1.593395  -3.190 1.778e+04  19.00     2.670426   1.5     4.263913   1.5 KP   
   778.1391    777.9250    1.593358  -2.490 1.782e+05  19.00     2.670426   1.5     4.263876   0.5 KP   
   784.4079    784.1921    1.580625  -2.270 1.455e+05  19.00     2.670140   2.5     4.250856   1.5 KP   
   784.5499    784.3341    1.580339  -3.220 1.632e+04  19.00     2.670426   1.5     4.250856   1.5 KP   
   784.5732    784.3574    1.580291  -2.520 1.636e+05  19.00     2.670426   1.5     4.250808   0.5 KP   
   786.7270    786.5106    1.575965  -3.330 1.260e+04  19.00     2.607136   0.5     4.183192   1.5 NBS  
   786.7790    786.5626    1.575861  -3.630 1.263e+04  19.00     2.607136   0.5     4.183087   0.5 NBS  
   792.7730    792.5550    1.563946  -3.250 1.492e+04  19.00     2.670140   2.5     4.234176   1.5 KP   
   792.9182    792.7001    1.563660  -4.210 1.635e+03  19.00     2.670426   1.5     4.234176   1.5 KP   
   792.9483    792.7302    1.563600  -3.510 1.639e+04  19.00     2.670426   1.5     4.234117   0.5 KP   
   795.7551    795.5363    1.558085  -2.730 3.269e+04  19.00     2.670140   2.5     4.228315   2.5 KP   
   795.7551    795.5363    1.558085  -1.430 4.892e+05  19.00     2.670140   2.5     4.228315   3.5 KP   
   795.9013    795.6824    1.557799  -1.590 4.511e+05  19.00     2.670426   1.5     4.228315   2.5 KP   
   803.9709    803.7499    1.542163  -3.100 2.049e+04  19.00     2.670140   2.5     4.212392   1.5 NBS  
   804.1202    803.8991    1.541877  -4.060 2.246e+03  19.00     2.670426   1.5     4.212392   1.5 NBS  
   804.1590    803.9379    1.541803  -3.360 2.251e+04  19.00     2.670426   1.5     4.212317   0.5 NBS  
   807.4388    807.2168    1.535540  -3.120 1.940e+04  19.00     2.607136   0.5     4.142764   1.5 NBS  
   807.5144    807.2924    1.535396  -3.420 1.944e+04  19.00     2.607136   0.5     4.142620   0.5 NBS  
   808.0324    807.8103    1.534412  -2.590 4.376e+04  19.00     2.670140   2.5     4.204640   2.5 KP   
   808.0324    807.8103    1.534412  -1.290 6.549e+05  19.00     2.670140   2.5     4.204640   3.5 KP   
   808.1832    807.9610    1.534125  -1.450 6.039e+05  19.00     2.670426   1.5     4.204640   2.5 KP   
   819.4867    819.2615    1.512965  -2.950 2.786e+04  19.00     2.670140   2.5     4.183192   1.5 NBS  
   819.6418    819.4165    1.512678  -3.910 3.054e+03  19.00     2.670426   1.5     4.183192   1.5 NBS  
   819.6982    819.4729    1.512574  -3.210 3.060e+04  19.00     2.670426   1.5     4.183087   0.5 NBS  
   825.2432    825.0164    1.502411  -1.110 9.503e+05  19.00     2.670140   2.5     4.172637   3.5 NBS  
   825.2432    825.0164    1.502411  -2.410 6.351e+04  19.00     2.670140   2.5     4.172637   2.5 NBS  
   825.4003    825.1735    1.502125  -1.270 8.763e+05  19.00     2.670426   1.5     4.172637   2.5 NBS  
   839.2508    839.0202    1.477335  -2.870 3.194e+04  19.00     2.607136   0.5     4.084555   1.5 NBS  
   839.3727    839.1421    1.477120  -3.170 3.200e+04  19.00     2.607136   0.5     4.084341   0.5 NBS  
   841.9840    841.7527    1.472539  -2.770 3.994e+04  19.00     2.670140   2.5     4.142764   1.5 NBS  
   842.1477    841.9163    1.472253  -3.730 4.378e+03  19.00     2.670426   1.5     4.142764   1.5 NBS  
   842.2299    841.9985    1.472109  -3.030 4.388e+04  19.00     2.670426   1.5     4.142620   0.5 NBS  
   850.5773    850.3437    1.457662  -2.220 9.259e+04  19.00     2.670140   2.5     4.127886   2.5 NBS  
   850.5773    850.3437    1.457662  -0.920 1.386e+06  19.00     2.670140   2.5     4.127886   3.5 NBS  
   850.7444    850.5107    1.457376  -1.080 1.278e+06  19.00     2.670426   1.5     4.127886   2.5 NBS  
   876.6347    876.3940    1.414334  -2.560 5.976e+04  19.00     2.670140   2.5     4.084555   1.5 NBS  
   876.8120    876.5713    1.414048  -3.520 6.550e+03  19.00     2.670426   1.5     4.084555   1.5 NBS  
   876.9451    876.7043    1.413833  -2.820 6.564e+04  19.00     2.670426   1.5     4.084341   0.5 NBS  
   890.4624    890.2180    1.392371  -0.690 2.147e+06  19.00     2.670140   2.5     4.062591   3.5 NBS  
   890.4624    890.2180    1.392371  -1.990 1.435e+05  19.00     2.670140   2.5     4.062591   2.5 NBS  
   890.6455    890.4010    1.392085  -0.850 1.980e+06  19.00     2.670426   1.5     4.062591   2.5 NBS  
   892.5735    892.3285    1.389078  -2.550 5.899e+04  19.00     2.607136   0.5     3.996294   1.5 NBS  
   892.7863    892.5412    1.388747  -2.850 5.910e+04  19.00     2.607136   0.5     3.995963   0.5 NBS  
   934.9788    934.7223    1.326078  -2.300 9.560e+04  19.00     2.670140   2.5     3.996294   1.5 NBS  
   935.1805    934.9240    1.325791  -3.260 1.048e+04  19.00     2.670426   1.5     3.996294   1.5 NBS  
   935.4141    935.1575    1.325460  -2.560 1.050e+05  19.00     2.670426   1.5     3.995963   0.5 NBS  
   959.8320    959.5688    1.291741  -0.410 3.521e+06  19.00     2.670140   2.5     3.961955   3.5 NBS  
   959.8320    959.5688    1.291741  -1.710 2.353e+05  19.00     2.670140   2.5     3.961955   2.5 NBS  
   960.0447    959.7814    1.291455  -0.570 3.246e+06  19.00     2.670426   1.5     3.961955   2.5 NBS  
   995.2379    994.9651    1.245787  -2.100 1.337e+05  19.00     2.607136   0.5     3.852994   1.5 NBS  
   995.6838    995.4109    1.245229  -2.400 1.339e+05  19.00     2.607136   0.5     3.852436   0.5 NBS  
  1048.2488   1047.9616    1.182786  -1.940 1.742e+05  19.00     2.670140   2.5     3.852994   1.5 NBS  
  1048.5024   1048.2152    1.182500  -2.900 1.910e+04  19.00     2.670426   1.5     3.852994   1.5 NBS  
  1048.9974   1048.7100    1.181942  -2.200 1.912e+05  19.00     2.670426   1.5     3.852436   0.5 NBS  
  1067.1404   1066.8481    1.161847  -2.880 3.861e+04  19.00     3.062788   0.5     4.224702   0.5 NBS  
  1068.8765   1068.5837    1.159960  -3.090 1.186e+04  19.00     3.062788   0.5     4.222815   1.5 NBS  
  1069.2807   1068.9878    1.159522  -2.580 7.672e+04  19.00     3.065113   1.5     4.224702   0.5 NBS  
  1071.0237   1070.7304    1.157635  -3.790 2.358e+03  19.00     3.065113   1.5     4.222815   1.5 NBS  
  1071.0306   1070.7373    1.157627  -2.830 1.433e+04  19.00     3.065113   1.5     4.222807   2.5 NBS  
  1090.5032   1090.2046    1.136956  -2.720 5.344e+04  19.00     3.062788   0.5     4.199809   0.5 NBS  
  1092.7384   1092.4392    1.134631  -2.420 1.062e+05  19.00     3.065113   1.5     4.199809   0.5 NBS  
  1092.8713   1092.5720    1.134493  -3.020 1.333e+04  19.00     3.062788   0.5     4.197345   1.5 NBS  
  1095.1162   1094.8163    1.132167  -3.720 2.649e+03  19.00     3.065113   1.5     4.197345   1.5 NBS  
  1095.1210   1094.8211    1.132162  -2.760 1.611e+04  19.00     3.065113   1.5     4.197340   2.5 NBS  
  1102.2866   1101.9848    1.124802  -0.010 6.706e+06  19.00     2.670140   2.5     3.795007   3.5 NBS  
  1102.2866   1101.9848    1.124802  -1.310 4.481e+05  19.00     2.670140   2.5     3.795007   2.5 NBS  
  1102.5672   1102.2653    1.124516  -0.170 6.183e+06  19.00     2.670426   1.5     3.795007   2.5 NBS  
  1123.9544   1123.6467    1.103118  -2.540 7.614e+04  19.00     3.062788   0.5     4.165969   0.5 NBS  
  1126.3289   1126.0206    1.100792  -2.240 1.513e+05  19.00     3.065113   1.5     4.165969   0.5 NBS  
  1127.3032   1126.9946    1.099841  -2.950 1.472e+04  19.00     3.062788   0.5     4.162692   1.5 NBS  
  1129.6918   1129.3826    1.097516  -3.650 2.925e+03  19.00     3.065113   1.5     4.162692   1.5 NBS  
  1129.6982   1129.3890    1.097509  -2.690 1.778e+04  19.00     3.065113   1.5     4.162686   2.5 NBS  
  1169.3420   1169.0220    1.060301   0.250 2.169e+07  19.00     1.610064   0.5     2.670426   1.5 NBS  
  1174.6971   1174.3756    1.055467  -2.330 1.130e+05  19.00     3.062788   0.5     4.118316   0.5 NBS  
  1177.2861   1176.9639    1.053146  -0.450 4.269e+06  19.00     1.617220   1.5     2.670426   1.5 NBS  
  1177.2911   1176.9689    1.053142  -2.030 2.246e+05  19.00     3.065113   1.5     4.118316   0.5 NBS  
  1177.6061   1177.2838    1.052860   0.510 2.594e+07  19.00     1.617220   1.5     2.670140   2.5 NBS  
  1179.6837   1179.3609    1.051006  -2.920 1.441e+04  19.00     3.062788   0.5     4.113854   1.5 NBS  
  1182.2998   1181.9763    1.048680  -3.620 2.862e+03  19.00     3.065113   1.5     4.113854   1.5 NBS  
  1182.3152   1181.9917    1.048666  -2.660 1.740e+04  19.00     3.065113   1.5     4.113840   2.5 NBS  
  1243.5675   1243.2273    0.997014  -0.439 7.848e+06  19.00     1.610064   0.5     2.607136   0.5 NBS  
  1252.5560   1252.2134    0.989859  -0.139 1.543e+07  19.00     1.617220   1.5     2.607136   0.5 NBS  
  1252.9508   1252.6081    0.989548  -1.380 4.428e+05  19.00     2.607136   0.5     3.596740   1.5 NBS  
  1254.2772   1253.9341    0.988501  -1.680 4.429e+05  19.00     2.607136   0.5     3.595694   0.5 NBS  
  1258.3415   1257.9973    0.985308  -2.090 1.712e+05  19.00     3.062788   0.5     4.048153   0.5 NBS  
  1261.3186   1260.9736    0.982983  -1.790 3.400e+05  19.00     3.065113   1.5     4.048153   0.5 NBS  
  1266.2959   1265.9496    0.979119  -3.040 9.484e+03  19.00     3.062788   0.5     4.041963   1.5 NBS  
  1269.3107   1268.9636    0.976793  -3.740 1.883e+03  19.00     3.065113   1.5     4.041963   1.5 NBS  
  1269.3318   1268.9846    0.976777  -2.780 1.145e+04  19.00     3.065113   1.5     4.041947   2.5 NBS  
  1338.1452   1337.7794    0.926547  -1.400 3.707e+05  19.00     2.670140   2.5     3.596740   1.5 NBS  
  1338.5587   1338.1927    0.926261  -2.360 4.062e+04  19.00     2.670426   1.5     3.596740   1.5 NBS  
  1340.0726   1339.7062    0.925214  -1.660 4.063e+05  19.00     2.670426   1.5     3.595694   0.5 NBS  
  1372.7282   1372.3530    0.903205  -1.210 5.456e+05  19.00     3.397034   2.5     4.300290   1.5 KP   
  1372.9299   1372.5546    0.903072  -2.170 5.981e+04  19.00     3.397166   1.5     4.300290   1.5 KP   
  1372.9299   1372.5546    0.903072  -1.470 5.995e+05  19.00     3.397166   1.5     4.300290   0.5 KP   
  1380.1283   1379.7510    0.898362  -1.310 4.288e+05  19.00     3.397034   2.5     4.295447   1.5 KP   
  1380.3321   1379.9548    0.898229  -1.560 4.821e+05  19.00     3.397166   1.5     4.295447   0.5 KP   
  1380.3321   1379.9548    0.898229  -2.260 4.809e+04  19.00     3.397166   1.5     4.295447   1.5 KP   
  1382.9062   1382.5282    0.896557  -1.880 1.149e+05  19.00     3.403682   0.5     4.300290   1.5 KP   
  1382.9062   1382.5282    0.896557  -2.180 1.152e+05  19.00     3.403682   0.5     4.300290   0.5 KP   
  1389.0446   1388.6649    0.892595  -1.390 3.521e+05  19.00     3.397034   2.5     4.289680   1.5 KP   
  1389.2510   1388.8713    0.892462  -1.640 3.959e+05  19.00     3.397166   1.5     4.289680   0.5 KP   
  1389.2510   1388.8713    0.892462  -2.340 3.949e+04  19.00     3.397166   1.5     4.289680   1.5 KP   
  1390.4167   1390.0367    0.891714  -2.280 9.053e+04  19.00     3.403682   0.5     4.295447   0.5 KP   
  1390.4167   1390.0367    0.891714  -1.980 9.032e+04  19.00     3.403682   0.5     4.295447   1.5 KP   
  1399.4669   1399.0844    0.885948  -2.360 7.433e+04  19.00     3.403682   0.5     4.289680   0.5 KP   
  1399.4669   1399.0844    0.885948  -2.060 7.416e+04  19.00     3.403682   0.5     4.289680   1.5 KP   
  1399.9008   1399.5182    0.885673  -1.450 3.019e+05  19.00     3.397034   2.5     4.282758   1.5 KP   
  1400.1106   1399.7279    0.885540  -2.400 3.386e+04  19.00     3.397166   1.5     4.282758   1.5 KP   
  1400.1517   1399.7690    0.885514  -1.700 3.394e+05  19.00     3.397166   1.5     4.282732   0.5 KP   
  1410.4873   1410.1018    0.879026  -2.150 5.934e+04  19.00     3.403682   0.5     4.282758   1.5 KP   
  1410.5291   1410.1436    0.878999  -2.450 5.947e+04  19.00     3.403682   0.5     4.282732   0.5 KP   
  1413.3570   1412.9707    0.877241  -1.520 2.521e+05  19.00     3.397034   2.5     4.274325   1.5 KP   
  1413.5707   1413.1844    0.877108  -2.470 2.828e+04  19.00     3.397166   1.5     4.274325   1.5 KP   
  1413.6208   1413.2344    0.877077  -1.770 2.834e+05  19.00     3.397166   1.5     4.274294   0.5 KP   
  1415.6309   1415.2440    0.875832  -1.760 2.892e+05  19.00     3.062788   0.5     3.938670   0.5 NBS  
  1419.3998   1419.0119    0.873506  -1.460 5.740e+05  19.00     3.065113   1.5     3.938670   0.5 NBS  
  1424.1488   1423.7596    0.870593  -2.210 5.069e+04  19.00     3.403682   0.5     4.274325   1.5 KP   
  1424.1995   1423.8103    0.870562  -2.510 5.081e+04  19.00     3.403682   0.5     4.274294   0.5 KP   
  1429.6399   1429.2492    0.867249  -4.530 2.408e+02  19.00     3.062788   0.5     3.930087   1.5 NBS  
  1430.3321   1429.9412    0.866830  -1.570 2.194e+05  19.00     3.397034   2.5     4.263913   1.5 KP   
  1430.5511   1430.1601    0.866697  -2.530 2.405e+04  19.00     3.397166   1.5     4.263913   1.5 KP   
  1430.6125   1430.2215    0.866660  -1.830 2.410e+05  19.00     3.397166   1.5     4.263876   0.5 KP   
  1433.5374   1433.1456    0.864892  -4.270 2.905e+02  19.00     3.065113   1.5     3.930055   2.5 NBS  
  1441.3857   1440.9918    0.860182  -2.260 4.411e+04  19.00     3.403682   0.5     4.263913   1.5 KP   
  1441.4480   1441.0541    0.860145  -2.560 4.421e+04  19.00     3.403682   0.5     4.263876   0.5 KP   
  1452.2064   1451.8096    0.853773  -1.600 1.986e+05  19.00     3.397034   2.5     4.250856   1.5 KP   
  1452.4321   1452.0352    0.853640  -2.550 2.228e+04  19.00     3.397166   1.5     4.250856   1.5 KP   
  1452.5123   1452.1154    0.853593  -1.850 2.233e+05  19.00     3.397166   1.5     4.250808   0.5 KP   
  1463.6020   1463.2021    0.847125  -2.270 4.180e+04  19.00     3.403682   0.5     4.250856   1.5 KP   
  1463.6835   1463.2835    0.847078  -2.570 4.190e+04  19.00     3.403682   0.5     4.250808   0.5 KP   
  1481.1407   1480.7360    0.837094  -2.560 2.094e+04  19.00     3.397034   2.5     4.234176   1.5 NBS  
  1481.3755   1480.9707    0.836962  -3.520 2.295e+03  19.00     3.397166   1.5     4.234176   1.5 NBS  
  1481.4808   1481.0760    0.836902  -2.820 2.300e+04  19.00     3.397166   1.5     4.234117   0.5 NBS  
  1491.5837   1491.1762    0.831233  -1.220 2.258e+05  19.00     3.397034   2.5     4.228315   3.5 KP   
  1491.5837   1491.1762    0.831233  -2.530 1.475e+04  19.00     3.397034   2.5     4.228315   2.5 KP   
  1491.8218   1491.4142    0.831101  -1.380 2.082e+05  19.00     3.397166   1.5     4.228315   2.5 KP   
  1492.9967   1492.5888    0.830447  -3.240 4.305e+03  19.00     3.403682   0.5     4.234176   1.5 KP   
  1493.1038   1492.6958    0.830387  -3.540 4.314e+03  19.00     3.403682   0.5     4.234117   0.5 KP   
  1516.7211   1516.3067    0.817457   0.640 1.582e+07  19.00     2.670140   2.5     3.487644   3.5 NBS  
  1516.7211   1516.3067    0.817457  -0.660 1.057e+06  19.00     2.670140   2.5     3.487644   2.5 NBS  
  1517.2521   1516.8376    0.817171   0.480 1.458e+07  19.00     2.670426   1.5     3.487644   2.5 NBS  
  1520.7129   1520.2974    0.815311  -2.410 2.805e+04  19.00     3.397034   2.5     4.212392   1.5 NBS  
  1520.9604   1520.5449    0.815179  -3.370 3.075e+03  19.00     3.397166   1.5     4.212392   1.5 NBS  
  1521.0992   1520.6836    0.815104  -2.670 3.082e+04  19.00     3.397166   1.5     4.212317   0.5 NBS  
  1533.2137   1532.7948    0.808664  -3.070 6.038e+03  19.00     3.403682   0.5     4.212392   1.5 KP   
  1533.3547   1532.9358    0.808589  -3.370 6.051e+03  19.00     3.403682   0.5     4.212317   0.5 KP   
  1535.3098   1534.8904    0.807560  -2.380 1.966e+04  19.00     3.397034   2.5     4.204640   2.5 KP   
  1535.3098   1534.8904    0.807560  -1.070 3.011e+05  19.00     3.397034   2.5     4.204640   3.5 KP   
  1535.5621   1535.1426    0.807427  -1.230 2.776e+05  19.00     3.397166   1.5     4.204640   2.5 KP   
  1577.1967   1576.7659    0.786113  -2.240 3.857e+04  19.00     3.397034   2.5     4.183192   1.5 NBS  
  1577.4629   1577.0320    0.785980  -3.200 4.228e+03  19.00     3.397166   1.5     4.183192   1.5 NBS  
  1577.6719   1577.2410    0.785876  -2.500 4.237e+04  19.00     3.397166   1.5     4.183087   0.5 NBS  
  1590.6475   1590.2130    0.779465  -2.870 8.890e+03  19.00     3.403682   0.5     4.183192   1.5 KP   
  1590.8600   1590.4255    0.779361  -3.170 8.909e+03  19.00     3.403682   0.5     4.183087   0.5 KP   
  1598.6589   1598.2222    0.775559  -2.180 2.874e+04  19.00     3.397034   2.5     4.172637   2.5 NBS  
  1598.6589   1598.2222    0.775559  -0.880 4.301e+05  19.00     3.397034   2.5     4.172637   3.5 NBS  
  1598.9323   1598.4956    0.775426  -1.040 3.966e+05  19.00     3.397166   1.5     4.172637   2.5 NBS  
  1662.7003   1662.2462    0.745687  -2.040 5.501e+04  19.00     3.397034   2.5     4.142764   1.5 NBS  
  1662.9961   1662.5419    0.745555  -3.000 6.030e+03  19.00     3.397166   1.5     4.142764   1.5 NBS  
  1663.3169   1662.8627    0.745411  -2.300 6.042e+04  19.00     3.397166   1.5     4.142620   0.5 NBS  
  1677.6558   1677.1977    0.739040  -2.630 1.389e+04  19.00     3.403682   0.5     4.142764   1.5 KP   
  1677.9823   1677.5241    0.738896  -2.930 1.392e+04  19.00     3.403682   0.5     4.142620   0.5 KP   
  1686.5824   1686.1218    0.735128  -2.730 1.092e+04  19.00     3.487644   2.5     4.222815   1.5 KP   
  1686.5994   1686.1388    0.735121  -2.570 1.052e+04  19.00     3.487644   3.5     4.222807   2.5 KP   
  1686.5994   1686.1388    0.735121  -3.870 5.272e+02  19.00     3.487644   2.5     4.222807   2.5 KP   
  1696.5476   1696.0843    0.730810  -1.980 4.044e+04  19.00     3.397034   2.5     4.127886   2.5 NBS  
  1696.5476   1696.0843    0.730810  -0.680 6.052e+05  19.00     3.397034   2.5     4.127886   3.5 NBS  
  1696.8557   1696.3923    0.730678  -0.840 5.581e+05  19.00     3.397166   1.5     4.127886   2.5 NBS  
  1794.3985   1793.9086    0.690958  -1.270 5.562e+05  19.00     3.062788   0.5     3.753785   0.5 NBS  
  1800.4583   1799.9668    0.688633  -0.970 1.102e+06  19.00     3.065113   1.5     3.753785   0.5 NBS  
  1803.4710   1802.9786    0.687482  -1.790 8.315e+04  19.00     3.397034   2.5     4.084555   1.5 NBS  
  1803.8191   1803.3266    0.687350  -2.750 9.113e+03  19.00     3.397166   1.5     4.084555   1.5 NBS  
  1804.3822   1803.8896    0.687135  -2.050 9.129e+04  19.00     3.397166   1.5     4.084341   0.5 NBS  
  1821.0796   1820.5824    0.680835  -2.310 2.463e+04  19.00     3.403682   0.5     4.084555   1.5 KP   
  1821.6535   1821.1562    0.680620  -2.610 2.467e+04  19.00     3.403682   0.5     4.084341   0.5 KP   
  1823.3674   1822.8696    0.679981  -1.810 7.768e+04  19.00     3.062788   0.5     3.742807   1.5 NBS  
  1829.6249   1829.1254    0.677655  -2.510 1.539e+04  19.00     3.065113   1.5     3.742807   1.5 NBS  
  1829.7923   1829.2928    0.677593  -1.550 9.358e+04  19.00     3.065113   1.5     3.742745   2.5 NBS  
  1836.7968   1836.2954    0.675009  -2.360 2.157e+04  19.00     3.487644   2.5     4.162692   1.5 KP   
  1836.8137   1836.3123    0.675003  -2.200 2.079e+04  19.00     3.487644   3.5     4.162686   2.5 KP   
  1836.8137   1836.3123    0.675003  -3.500 1.042e+03  19.00     3.487644   2.5     4.162686   2.5 KP   
  1862.9873   1862.4787    0.665519  -0.430 8.925e+05  19.00     3.397034   2.5     4.062591   3.5 NBS  
  1862.9873   1862.4787    0.665519  -1.730 5.964e+04  19.00     3.397034   2.5     4.062591   2.5 NBS  
  1863.3588   1862.8501    0.665387  -0.590 8.230e+05  19.00     3.397166   1.5     4.062591   2.5 NBS  
  1980.0489   1979.5085    0.626174  -2.110 3.302e+04  19.00     3.487644   2.5     4.113854   1.5 KP   
  1980.0921   1979.5517    0.626160  -1.960 3.109e+04  19.00     3.487644   3.5     4.113840   2.5 KP   
  1980.0921   1979.5517    0.626160  -3.260 1.558e+03  19.00     3.487644   2.5     4.113840   2.5 KP   

Number of lines in output :  278

Parameter set used in search:

Lower wavelength limit:    200.0000 nm
Upper wavelength limit:   2000.0000 nm
Lower limit on log gf:  -5.000
Upper limit on log gf:   2.000
Lower limit on energy for lower level:        0.000 cm^-1
Upper limit on energy for lower level:  1000000.000 cm^-1
Lower limit on energy for upper level:        0.000 cm^-1
Upper limit on energy for upper level:  1000000.000 cm^-1

Element list:

K I          ( = 19.00 )

Search program by Claas Heise (heise@fz.telekom.de), Jan 17, 1996



