Number of lines in output :  63
--------------------------------------------------------------------------------------------------------
    Wl_vac      Wl_air    E_Photon   log_gf   A-Value   Elem. E_lower_lev.   J   E_upper_lev.   J   Ref.
     / nm        / nm       / eV               / 1/s   (Code)     / eV     lower     / eV     upper     
--------------------------------------------------------------------------------------------------------
   306.3031    306.2141    4.047802   0.209 2.301e+08  19.01    22.716479   1.0    26.764513   2.0 BBB  
   314.3626    314.2716    3.944026  -1.230 1.325e+07  19.01    22.716479   1.0    26.660732   1.0 KP   
   317.0668    316.9751    3.910389  -1.250 3.731e+07  19.01    20.240174   1.0    24.150787   0.0 KP   
   317.2730    317.1812    3.907847  -1.370 2.827e+07  19.01    22.716479   1.0    26.624551   0.0 KP   
   335.7451    335.6486    3.692844  -0.980 2.065e+07  19.01    22.716479   1.0    26.409535   1.0 KP   
   340.5171    340.4194    3.641093  -0.400 4.580e+07  19.01    22.716479   1.0    26.357781   2.0 KP   
   344.0990    344.0004    3.603190   0.453 3.197e+08  19.01    23.575301   1.0    27.178698   2.0 BBB  
   352.9428    352.8419    3.512904  -1.270 9.585e+06  19.01    23.147626   2.0    26.660732   1.0 KP   
   353.1747    353.0738    3.510598  -0.386 2.199e+08  19.01    20.639988   1.0    24.150787   0.0 BBB  
   361.9543    361.8511    3.425445  -0.680 3.546e+07  19.01    20.149659   2.0    23.575301   1.0 KP   
   363.7991    363.6954    3.408075  -1.370 7.166e+06  19.01    23.252461   1.0    26.660732   1.0 KP   
   367.7025    367.5978    3.371896  -0.780 8.187e+07  19.01    23.252461   1.0    26.624551   0.0 KP   
   368.2604    368.1556    3.366787   0.104 1.250e+08  19.01    20.149659   2.0    23.516640   2.0 BBB  
   371.7776    371.6719    3.334936  -1.810 2.491e+06  19.01    20.240174   1.0    23.575301   1.0 KP   
   372.2398    372.1340    3.330794  -0.690 3.276e+07  19.01    23.329746   2.0    26.660732   1.0 KP   
   374.0177    373.9114    3.314962  -1.130 1.178e+07  19.01    20.149659   2.0    23.464811   1.0 KP   
   376.8607    376.7537    3.289954  -0.460 1.628e+08  19.01    20.240174   1.0    23.530316   0.0 KP   
   378.4338    378.3263    3.276278  -0.660 2.038e+07  19.01    20.240174   1.0    23.516640   2.0 KP   
   380.1226    380.0147    3.261722  -0.190 9.935e+07  19.01    23.147626   2.0    26.409535   1.0 KP   
   381.8688    381.7605    3.246807   0.544 3.201e+08  19.01    23.110787   3.0    26.357781   2.0 BBB  
   384.5163    384.4073    3.224452  -0.870 2.028e+07  19.01    20.240174   1.0    23.464811   1.0 KP   
   386.2510    386.1415    3.209971  -0.500 2.828e+07  19.01    23.147626   2.0    26.357781   2.0 KP   
   387.9713    387.8614    3.195737  -0.810 2.288e+07  19.01    23.464811   1.0    26.660732   1.0 KP   
   389.9030    389.7926    3.179904   0.139 1.208e+08  19.01    20.149659   2.0    23.329746   2.0 BBB  
   392.4139    392.3028    3.159558  -0.600 1.088e+08  19.01    23.464811   1.0    26.624551   0.0 KP   
   392.7452    392.6340    3.156892  -0.470 4.884e+07  19.01    23.252461   1.0    26.409535   1.0 KP   
   394.3669    394.2553    3.143911   0.336 3.099e+08  19.01    23.516640   2.0    26.660732   1.0 BBB  
   396.0898    395.9778    3.130236  -1.180 9.363e+06  19.01    23.530316   0.0    26.660732   1.0 KP   
   399.2909    399.1780    3.105141  -1.220 5.042e+06  19.01    23.252461   1.0    26.357781   2.0 KP   
   399.6148    399.5018    3.102624  -0.950 1.562e+07  19.01    20.149659   2.0    23.252461   1.0 KP   
   400.2353    400.1222    3.097813   0.125 1.851e+08  19.01    20.477309   0.0    23.575301   1.0 BBB  
   401.3260    401.2126    3.089395  -0.420 3.149e+07  19.01    20.240174   1.0    23.329746   2.0 KP   
   401.8647    401.7511    3.085254  -0.520 4.158e+07  19.01    23.575301   1.0    26.660732   1.0 KP   
   402.6008    402.4871    3.079612  -0.570 3.692e+07  19.01    23.329746   2.0    26.409535   1.0 KP   
   406.6330    406.5182    3.049075  -0.810 6.248e+07  19.01    23.575301   1.0    26.624551   0.0 KP   
   409.4820    409.3665    3.027861  -0.410 3.095e+07  19.01    23.329746   2.0    26.357781   2.0 KP   
   411.6226    411.5065    3.012115  -0.160 9.078e+07  19.01    20.240174   1.0    23.252461   1.0 KP   
   413.5889    413.4723    2.997794  -0.250 4.385e+07  19.01    20.149659   2.0    23.147626   2.0 KP   
   415.0376    414.9206    2.987330  -0.360 5.634e+07  19.01    20.477309   0.0    23.464811   1.0 KP   
   418.7342    418.6162    2.960958   0.358 1.239e+08  19.01    20.149659   2.0    23.110787   3.0 BBB  
   421.0668    420.9482    2.944555  -0.950 1.407e+07  19.01    23.464811   1.0    26.409535   1.0 KP   
   422.4168    422.2979    2.935145  -0.240 7.170e+07  19.01    20.639988   1.0    23.575301   1.0 KP   
   426.4647    426.3447    2.907285   0.070 8.618e+07  19.01    20.240174   1.0    23.147626   2.0 KP   
   428.5996    428.4790    2.892803  -1.450 2.577e+06  19.01    23.464811   1.0    26.357781   2.0 KP   
   428.6106    428.4900    2.892729  -1.740 2.202e+06  19.01    23.516640   2.0    26.409535   1.0 KP   
   428.9912    428.8705    2.890163  -1.370 1.546e+07  19.01    20.639988   1.0    23.530316   0.0 KP   
   430.6465    430.5254    2.879054  -0.900 1.509e+07  19.01    23.530316   0.0    26.409535   1.0 KP   
   431.0308    430.9096    2.876487   0.050 8.056e+07  19.01    20.639988   1.0    23.516640   2.0 KP   
   434.1220    434.0000    2.856005  -0.015 1.140e+08  19.01    20.396293   1.0    23.252461   1.0 BBB  
   436.4182    436.2956    2.840978  -0.780 1.162e+07  19.01    23.516640   2.0    26.357781   2.0 KP   
   437.4817    437.3588    2.834072  -3.160 8.037e+04  19.01    23.575301   1.0    26.409535   1.0 KP   
   438.9392    438.8159    2.824661  -0.076 9.687e+07  19.01    20.639988   1.0    23.464811   1.0 BBB  
   445.6189    445.4939    2.782320  -1.020 6.415e+06  19.01    23.575301   1.0    26.357781   2.0 KP   
   446.7956    446.6702    2.774993  -0.590 2.863e+07  19.01    20.477309   0.0    23.252461   1.0 KP   
   450.6636    450.5372    2.751175   0.182 9.987e+07  19.01    20.396293   1.0    23.147626   2.0 BBB  
   460.9803    460.8512    2.689604  -0.280 3.295e+07  19.01    20.639988   1.0    23.329746   2.0 KP   
   474.6175    474.4848    2.612324  -2.590 2.537e+05  19.01    20.639988   1.0    23.252461   1.0 KP   
   483.0591    482.9242    2.566672  -0.230 5.611e+07  19.01    20.149659   2.0    22.716479   1.0 KP   
   494.0052    493.8673    2.509800  -1.010 8.903e+06  19.01    24.150787   0.0    26.660732   1.0 KP   
   500.7160    500.5764    2.476163  -0.690 1.811e+07  19.01    20.240174   1.0    22.716479   1.0 KP   
   548.9438    548.7913    2.258618  -1.430 2.741e+06  19.01    24.150787   0.0    26.409535   1.0 KP   
   553.7436    553.5898    2.239041  -1.250 4.077e+06  19.01    20.477309   0.0    22.716479   1.0 KP   
   597.1254    596.9600    2.076372  -1.510 1.927e+06  19.01    20.639988   1.0    22.716479   1.0 KP   

Number of lines in output :  63

Parameter set used in search:

Lower wavelength limit:    200.0000 nm
Upper wavelength limit:   2000.0000 nm
Lower limit on log gf:  -5.000
Upper limit on log gf:   2.000
Lower limit on energy for lower level:        0.000 cm^-1
Upper limit on energy for lower level:  1000000.000 cm^-1
Lower limit on energy for upper level:        0.000 cm^-1
Upper limit on energy for upper level:  1000000.000 cm^-1

Element list:

K II         ( = 19.01 )

Search program by Claas Heise (heise@fz.telekom.de), Jan 17, 1996



