Number of lines in output : 5191
-----------------------------------------
N2 First Positive Band at T=4400 K
Wl_vac(nm)  Emission_Coef(W/m2/nm/ster)           
-----------------------------------------
200.0  2.1177e-16
200.2  2.0556e-16
200.4  1.9799e-16
200.6  1.9080e-16
200.8  1.8420e-16
201.0  1.7891e-16
201.2  1.7535e-16
201.4  1.7276e-16
201.6  1.6936e-16
201.8  1.6520e-16
202.0  1.6031e-16
202.2  1.5538e-16
202.4  1.5015e-16
202.6  1.4543e-16
202.8  1.4146e-16
203.0  1.3925e-16
203.2  1.4042e-16
203.4  1.4108e-16
203.6  1.4108e-16
203.8  1.4076e-16
204.0  1.3943e-16
204.2  1.3702e-16
204.4  1.3344e-16
204.6  1.2917e-16
204.8  1.2444e-16
205.0  1.2009e-16
205.2  1.1693e-16
205.4  1.1481e-16
205.6  1.1276e-16
205.8  1.1028e-16
206.0  1.0740e-16
206.2  1.0500e-16
206.4  1.0289e-16
206.6  1.0113e-16
206.8  9.9938e-17
207.0  1.0042e-16
207.2  1.0271e-16
207.4  1.0536e-16
207.6  1.0728e-16
207.8  1.0842e-16
208.0  1.0899e-16
208.2  1.0909e-16
208.4  1.0897e-16
208.6  1.0835e-16
208.8  1.0777e-16
209.0  1.0733e-16
209.2  1.0780e-16
209.4  1.0832e-16
209.6  1.0834e-16
209.8  1.0804e-16
210.0  1.0701e-16
210.2  1.0521e-16
210.4  1.0285e-16
210.6  9.9913e-17
210.8  9.7415e-17
211.0  9.5607e-17
211.2  9.4917e-17
211.4  9.5455e-17
211.6  9.5760e-17
211.8  9.5769e-17
212.0  9.5663e-17
212.2  9.4820e-17
212.4  9.2976e-17
212.6  8.9820e-17
212.8  8.6583e-17
213.0  8.3658e-17
213.2  8.1293e-17
213.4  7.9511e-17
213.6  7.8353e-17
213.8  7.7491e-17
214.0  7.6963e-17
214.2  7.6553e-17
214.4  7.6015e-17
214.6  7.5200e-17
214.8  7.4480e-17
215.0  7.4081e-17
215.2  7.4060e-17
215.4  7.4422e-17
215.6  7.4629e-17
215.8  7.4617e-17
216.0  7.4356e-17
216.2  7.3597e-17
216.4  7.2412e-17
216.6  7.0951e-17
216.8  6.9501e-17
217.0  6.8516e-17
217.2  6.8417e-17
217.4  6.9452e-17
217.6  7.1021e-17
217.8  7.2258e-17
218.0  7.3087e-17
218.2  7.3558e-17
218.4  7.3682e-17
218.6  7.3661e-17
218.8  7.3379e-17
219.0  7.3044e-17
219.2  7.2613e-17
219.4  7.2910e-17
219.6  7.3496e-17
219.8  7.3669e-17
220.0  7.3663e-17
220.2  7.3351e-17
220.4  7.2865e-17
220.6  7.2588e-17
220.8  7.3160e-17
221.0  7.4733e-17
221.2  7.7483e-17
221.4  8.0730e-17
221.6  8.4112e-17
221.8  8.6641e-17
222.0  8.7864e-17
222.2  8.7964e-17
222.4  8.7560e-17
222.6  8.5578e-17
222.8  8.1584e-17
223.0  7.6890e-17
223.2  7.2417e-17
223.4  6.8540e-17
223.6  6.5552e-17
223.8  6.3441e-17
224.0  6.1972e-17
224.2  6.1048e-17
224.4  6.0451e-17
224.6  5.9708e-17
224.8  5.8559e-17
225.0  5.7197e-17
225.2  5.6183e-17
225.4  5.5588e-17
225.6  5.5908e-17
225.8  5.6625e-17
226.0  5.7302e-17
226.2  5.8045e-17
226.4  5.8598e-17
226.6  5.8823e-17
226.8  5.8824e-17
227.0  5.8636e-17
227.2  5.8837e-17
227.4  5.9285e-17
227.6  5.9770e-17
227.8  6.0041e-17
228.0  6.0047e-17
228.2  5.9896e-17
228.4  5.9331e-17
228.6  5.8063e-17
228.8  5.5891e-17
229.0  5.2648e-17
229.2  4.8909e-17
229.4  4.4883e-17
229.6  4.0774e-17
229.8  3.7119e-17
230.0  3.4129e-17
230.2  3.1856e-17
230.4  3.0573e-17
230.6  3.1246e-17
230.8  3.3439e-17
231.0  3.6402e-17
231.2  3.9734e-17
231.4  4.3355e-17
231.6  4.6976e-17
231.8  5.0454e-17
232.0  5.3395e-17
232.2  5.5422e-17
232.4  5.6524e-17
232.6  5.7163e-17
232.8  5.7290e-17
233.0  5.7254e-17
233.2  5.7092e-17
233.4  5.7013e-17
233.6  5.7042e-17
233.8  5.7218e-17
234.0  5.7299e-17
234.2  5.7274e-17
234.4  5.6939e-17
234.6  5.6149e-17
234.8  5.4880e-17
235.0  5.3215e-17
235.2  5.1245e-17
235.4  4.9440e-17
235.6  4.7911e-17
235.8  4.6820e-17
236.0  4.6198e-17
236.2  4.6030e-17
236.4  4.5895e-17
236.6  4.5929e-17
236.8  4.6051e-17
237.0  4.6216e-17
237.2  4.6773e-17
237.4  4.7719e-17
237.6  4.9078e-17
237.8  5.0516e-17
238.0  5.1697e-17
238.2  5.2327e-17
238.4  5.2375e-17
238.6  5.2169e-17
238.8  5.1105e-17
239.0  4.9256e-17
239.2  4.6549e-17
239.4  4.3853e-17
239.6  4.1623e-17
239.8  4.0091e-17
240.0  3.9436e-17
240.2  4.0129e-17
240.4  4.1265e-17
240.6  4.2675e-17
240.8  4.4072e-17
241.0  4.5307e-17
241.2  4.6540e-17
241.4  4.8115e-17
241.6  4.9929e-17
241.8  5.1803e-17
242.0  5.3462e-17
242.2  5.4711e-17
242.4  5.5389e-17
242.6  5.5530e-17
242.8  5.5443e-17
243.0  5.4639e-17
243.2  5.2971e-17
243.4  5.0746e-17
243.6  4.8851e-17
243.8  4.7558e-17
244.0  4.6802e-17
244.2  4.6546e-17
244.4  4.6738e-17
244.6  4.6971e-17
244.8  4.7001e-17
245.0  4.6903e-17
245.2  4.6252e-17
245.4  4.4878e-17
245.6  4.3396e-17
245.8  4.1814e-17
246.0  4.0322e-17
246.2  3.9134e-17
246.4  3.8307e-17
246.6  3.7722e-17
246.8  3.7612e-17
247.0  3.8027e-17
247.2  3.8690e-17
247.4  3.9654e-17
247.6  4.0836e-17
247.8  4.2222e-17
248.0  4.3681e-17
248.2  4.5072e-17
248.4  4.6151e-17
248.6  4.6822e-17
248.8  4.7050e-17
249.0  4.7058e-17
249.2  4.6969e-17
249.4  4.6556e-17
249.6  4.6105e-17
249.8  4.5976e-17
250.0  4.6296e-17
250.2  4.6777e-17
250.4  4.7219e-17
250.6  4.7325e-17
250.8  4.7321e-17
251.0  4.7076e-17
251.2  4.6362e-17
251.4  4.5124e-17
251.6  4.3466e-17
251.8  4.1932e-17
252.0  4.0588e-17
252.2  3.9601e-17
252.4  3.8941e-17
252.6  3.8567e-17
252.8  3.8997e-17
253.0  4.0264e-17
253.2  4.2465e-17
253.4  4.5854e-17
253.6  5.1158e-17
253.8  5.8685e-17
254.0  6.7852e-17
254.2  7.6648e-17
254.4  8.4307e-17
254.6  9.0042e-17
254.8  9.3279e-17
255.0  9.3755e-17
255.2  9.3267e-17
255.4  8.9202e-17
255.6  8.0833e-17
255.8  7.1604e-17
256.0  6.2958e-17
256.2  5.5283e-17
256.4  4.8776e-17
256.6  4.3631e-17
256.8  4.0065e-17
257.0  3.8312e-17
257.2  3.7738e-17
257.4  3.6925e-17
257.6  3.5819e-17
257.8  3.4792e-17
258.0  3.4103e-17
258.2  3.4009e-17
258.4  3.4489e-17
258.6  3.5196e-17
258.8  3.5882e-17
259.0  3.6458e-17
259.2  3.6752e-17
259.4  3.6773e-17
259.6  3.6646e-17
259.8  3.6210e-17
260.0  3.5829e-17
260.2  3.5442e-17
260.4  3.5176e-17
260.6  3.4991e-17
260.8  3.4883e-17
261.0  3.4711e-17
261.2  3.4483e-17
261.4  3.4116e-17
261.6  3.3669e-17
261.8  3.3144e-17
262.0  3.2834e-17
262.2  3.2866e-17
262.4  3.3231e-17
262.6  3.3749e-17
262.8  3.4187e-17
263.0  3.4504e-17
263.2  3.4595e-17
263.4  3.4596e-17
263.6  3.4482e-17
263.8  3.4149e-17
264.0  3.3859e-17
264.2  3.3841e-17
264.4  3.4086e-17
264.6  3.4535e-17
264.8  3.5000e-17
265.0  3.5414e-17
265.2  3.5724e-17
265.4  3.5884e-17
265.6  3.5887e-17
265.8  3.5761e-17
266.0  3.5731e-17
266.2  3.5958e-17
266.4  3.6265e-17
266.6  3.6572e-17
266.8  3.6778e-17
267.0  3.6841e-17
267.2  3.6836e-17
267.4  3.6713e-17
267.6  3.6318e-17
267.8  3.5604e-17
268.0  3.4742e-17
268.2  3.4116e-17
268.4  3.3713e-17
268.6  3.3423e-17
268.8  3.3155e-17
269.0  3.2760e-17
269.2  3.2186e-17
269.4  3.1488e-17
269.6  3.0674e-17
269.8  2.9899e-17
270.0  2.9644e-17
270.2  3.0937e-17
270.4  3.3180e-17
270.6  3.5808e-17
270.8  3.8613e-17
271.0  4.1078e-17
271.2  4.2902e-17
271.4  4.3795e-17
271.6  4.3833e-17
271.8  4.3409e-17
272.0  4.1573e-17
272.2  3.9451e-17
272.4  3.7389e-17
272.6  3.5566e-17
272.8  3.4145e-17
273.0  3.3142e-17
273.2  3.2521e-17
273.4  3.2412e-17
273.6  3.2423e-17
273.8  3.2398e-17
274.0  3.2253e-17
274.2  3.2341e-17
274.4  3.2758e-17
274.6  3.3279e-17
274.8  3.3796e-17
275.0  3.4119e-17
275.2  3.4157e-17
275.4  3.4089e-17
275.6  3.3657e-17
275.8  3.2794e-17
276.0  3.1443e-17
276.2  2.9916e-17
276.4  2.8730e-17
276.6  2.8007e-17
276.8  2.7904e-17
277.0  2.8371e-17
277.2  2.9006e-17
277.4  2.9785e-17
277.6  3.0424e-17
277.8  3.0730e-17
278.0  3.0733e-17
278.2  3.0653e-17
278.4  3.0783e-17
278.6  3.1028e-17
278.8  3.1214e-17
279.0  3.1292e-17
279.2  3.1295e-17
279.4  3.1225e-17
279.6  3.1111e-17
279.8  3.0795e-17
280.0  3.0155e-17
280.2  2.9206e-17
280.4  2.8436e-17
280.6  2.7981e-17
280.8  2.7973e-17
281.0  2.8225e-17
281.2  2.8542e-17
281.4  2.8952e-17
281.6  2.9369e-17
281.8  2.9716e-17
282.0  2.9920e-17
282.2  3.0249e-17
282.4  3.0903e-17
282.6  3.1944e-17
282.8  3.3092e-17
283.0  3.4209e-17
283.2  3.5128e-17
283.4  3.5729e-17
283.6  3.5915e-17
283.8  3.5912e-17
284.0  3.5586e-17
284.2  3.4590e-17
284.4  3.3168e-17
284.6  3.1927e-17
284.8  3.0885e-17
285.0  3.0050e-17
285.2  2.9455e-17
285.4  2.9039e-17
285.6  2.9291e-17
285.8  3.0342e-17
286.0  3.2061e-17
286.2  3.4763e-17
286.4  3.8929e-17
286.6  4.4755e-17
286.8  5.1627e-17
287.0  5.8177e-17
287.2  6.3797e-17
287.4  6.7960e-17
287.6  7.0286e-17
287.8  7.0586e-17
288.0  7.0197e-17
288.2  6.7259e-17
288.4  6.1381e-17
288.6  5.5287e-17
288.8  4.9635e-17
289.0  4.4717e-17
289.2  4.0587e-17
289.4  3.7395e-17
289.6  3.5222e-17
289.8  3.4243e-17
290.0  3.3729e-17
290.2  3.2878e-17
290.4  3.1689e-17
290.6  3.0562e-17
290.8  2.9731e-17
291.0  2.9314e-17
291.2  2.9331e-17
291.4  2.9632e-17
291.6  2.9985e-17
291.8  3.0281e-17
292.0  3.0367e-17
292.2  3.0351e-17
292.4  3.0014e-17
292.6  2.9462e-17
292.8  2.9136e-17
293.0  2.9026e-17
293.2  2.9149e-17
293.4  2.9291e-17
293.6  2.9353e-17
293.8  2.9411e-17
294.0  2.9399e-17
294.2  2.9172e-17
294.4  2.8601e-17
294.6  2.7808e-17
294.8  2.7168e-17
295.0  2.6701e-17
295.2  2.6461e-17
295.4  2.6362e-17
295.6  2.6467e-17
295.8  2.6682e-17
296.0  2.6827e-17
296.2  2.6887e-17
296.4  2.6884e-17
296.6  2.6922e-17
296.8  2.7310e-17
297.0  2.7931e-17
297.2  2.8577e-17
297.4  2.9257e-17
297.6  2.9861e-17
297.8  3.0373e-17
298.0  3.0747e-17
298.2  3.0874e-17
298.4  3.0868e-17
298.6  3.0657e-17
298.8  3.0602e-17
299.0  3.0944e-17
299.2  3.1341e-17
299.4  3.1656e-17
299.6  3.1832e-17
299.8  3.1894e-17
300.0  3.1898e-17
300.2  3.1779e-17
300.4  3.1264e-17
300.6  3.0240e-17
300.8  2.9037e-17
301.0  2.7991e-17
301.2  2.7117e-17
301.4  2.6335e-17
301.6  2.5599e-17
301.8  2.4899e-17
302.0  2.4321e-17
302.2  2.3979e-17
302.4  2.3872e-17
302.6  2.4284e-17
302.8  2.5453e-17
303.0  2.7386e-17
303.2  2.9799e-17
303.4  3.2126e-17
303.6  3.4085e-17
303.8  3.5565e-17
304.0  3.6372e-17
304.2  3.6456e-17
304.4  3.6242e-17
304.6  3.4957e-17
304.8  3.2658e-17
305.0  3.0518e-17
305.2  2.8843e-17
305.4  2.7579e-17
305.6  2.6672e-17
305.8  2.6130e-17
306.0  2.6175e-17
306.2  2.6425e-17
306.4  2.6453e-17
306.6  2.6389e-17
306.8  2.6078e-17
307.0  2.6135e-17
307.2  2.6749e-17
307.4  2.7543e-17
307.6  2.8442e-17
307.8  2.9337e-17
308.0  3.0125e-17
308.2  3.0670e-17
308.4  3.0779e-17
308.6  3.0729e-17
308.8  3.0147e-17
309.0  2.9336e-17
309.2  2.8667e-17
309.4  2.8147e-17
309.6  2.7749e-17
309.8  2.7448e-17
310.0  2.7213e-17
310.2  2.7190e-17
310.4  2.7190e-17
310.6  2.7067e-17
310.8  2.6697e-17
311.0  2.6149e-17
311.2  2.5803e-17
311.4  2.5699e-17
311.6  2.5669e-17
311.8  2.5542e-17
312.0  2.5356e-17
312.2  2.5179e-17
312.4  2.5041e-17
312.6  2.4808e-17
312.8  2.4365e-17
313.0  2.3803e-17
313.2  2.3811e-17
313.4  2.4290e-17
313.6  2.4907e-17
313.8  2.5558e-17
314.0  2.6199e-17
314.2  2.6821e-17
314.4  2.7220e-17
314.6  2.7300e-17
314.8  2.7275e-17
315.0  2.7010e-17
315.2  2.6772e-17
315.4  2.6783e-17
315.6  2.6889e-17
315.8  2.6966e-17
316.0  2.6979e-17
316.2  2.6981e-17
316.4  2.6941e-17
316.6  2.6751e-17
316.8  2.6311e-17
317.0  2.5521e-17
317.2  2.4741e-17
317.4  2.4211e-17
317.6  2.3966e-17
317.8  2.3924e-17
318.0  2.4023e-17
318.2  2.4611e-17
318.4  2.6424e-17
318.6  3.0049e-17
318.8  3.6251e-17
319.0  4.5918e-17
319.2  5.9985e-17
319.4  7.9384e-17
319.6  1.0066e-16
319.8  1.2033e-16
320.0  1.3686e-16
320.2  1.4863e-16
320.4  1.5402e-16
320.6  1.5420e-16
320.8  1.5142e-16
321.0  1.3911e-16
321.2  1.1824e-16
321.4  9.7295e-17
321.6  7.7747e-17
321.8  6.0358e-17
322.0  4.5830e-17
322.2  3.4944e-17
322.4  2.8317e-17
322.6  2.7202e-17
322.8  2.7514e-17
323.0  2.7729e-17
323.2  2.8142e-17
323.4  2.8879e-17
323.6  2.9865e-17
323.8  3.0784e-17
324.0  3.1490e-17
324.2  3.1904e-17
324.4  3.1996e-17
324.6  3.1977e-17
324.8  3.1625e-17
325.0  3.0640e-17
325.2  2.8953e-17
325.4  2.7123e-17
325.6  2.5556e-17
325.8  2.4310e-17
326.0  2.3271e-17
326.2  2.2406e-17
326.4  2.1776e-17
326.6  2.1482e-17
326.8  2.1530e-17
327.0  2.1540e-17
327.2  2.1688e-17
327.4  2.2369e-17
327.6  2.3589e-17
327.8  2.5084e-17
328.0  2.6583e-17
328.2  2.7974e-17
328.4  2.9212e-17
328.6  3.0192e-17
328.8  3.0641e-17
329.0  3.0649e-17
329.2  3.0349e-17
329.4  2.9420e-17
329.6  2.8486e-17
329.8  2.7626e-17
330.0  2.6796e-17
330.2  2.5943e-17
330.4  2.5075e-17
330.6  2.4251e-17
330.8  2.3537e-17
331.0  2.2791e-17
331.2  2.1975e-17
331.4  2.1146e-17
331.6  2.0650e-17
331.8  2.1063e-17
332.0  2.1826e-17
332.2  2.2850e-17
332.4  2.3921e-17
332.6  2.4979e-17
332.8  2.5881e-17
333.0  2.6470e-17
333.2  2.6595e-17
333.4  2.6552e-17
333.6  2.6497e-17
333.8  2.6441e-17
334.0  2.6386e-17
334.2  2.6292e-17
334.4  2.6138e-17
334.6  2.5907e-17
334.8  2.5681e-17
335.0  2.5672e-17
335.2  2.5997e-17
335.4  2.6763e-17
335.6  2.8340e-17
335.8  3.0890e-17
336.0  3.3874e-17
336.2  3.6780e-17
336.4  3.9293e-17
336.6  4.1166e-17
336.8  4.2241e-17
337.0  4.2379e-17
337.2  4.2190e-17
337.4  4.0638e-17
337.6  3.7799e-17
337.8  3.5044e-17
338.0  3.2517e-17
338.2  3.0276e-17
338.4  2.8282e-17
338.6  2.6600e-17
338.8  2.5397e-17
339.0  2.4851e-17
339.2  2.4498e-17
339.4  2.4106e-17
339.6  2.3791e-17
339.8  2.4319e-17
340.0  2.5236e-17
340.2  2.6231e-17
340.4  2.7186e-17
340.6  2.7964e-17
340.8  2.8523e-17
341.0  2.8688e-17
341.2  2.8673e-17
341.4  2.8256e-17
341.6  2.7247e-17
341.8  2.6219e-17
342.0  2.5422e-17
342.2  2.4889e-17
342.4  2.4520e-17
342.6  2.4270e-17
342.8  2.4192e-17
343.0  2.4277e-17
343.2  2.4277e-17
343.4  2.4157e-17
343.6  2.3876e-17
343.8  2.3712e-17
344.0  2.4190e-17
344.2  2.4845e-17
344.4  2.5513e-17
344.6  2.6156e-17
344.8  2.6671e-17
345.0  2.6946e-17
345.2  2.6954e-17
345.4  2.6806e-17
345.6  2.6150e-17
345.8  2.5087e-17
346.0  2.4255e-17
346.2  2.3646e-17
346.4  2.3265e-17
346.6  2.3093e-17
346.8  2.3221e-17
347.0  2.3515e-17
347.2  2.3717e-17
347.4  2.3747e-17
347.6  2.3711e-17
347.8  2.3486e-17
348.0  2.3296e-17
348.2  2.3177e-17
348.4  2.3086e-17
348.6  2.2863e-17
348.8  2.2507e-17
349.0  2.2014e-17
349.2  2.1429e-17
349.4  2.0665e-17
349.6  1.9753e-17
349.8  1.8689e-17
350.0  1.7948e-17
350.2  1.7867e-17
350.4  1.8434e-17
350.6  1.9311e-17
350.8  2.0400e-17
351.0  2.1736e-17
351.2  2.3387e-17
351.4  2.5281e-17
351.6  2.7540e-17
351.8  3.0441e-17
352.0  3.4276e-17
352.2  3.9256e-17
352.4  4.4411e-17
352.6  4.8947e-17
352.8  5.2508e-17
353.0  5.4757e-17
353.2  5.5341e-17
353.4  5.5306e-17
353.6  5.3866e-17
353.8  4.9946e-17
354.0  4.4140e-17
354.2  3.8699e-17
354.4  3.3903e-17
354.6  2.9872e-17
354.8  2.6664e-17
355.0  2.4330e-17
355.2  2.3067e-17
355.4  2.3110e-17
355.6  2.3111e-17
355.8  2.2947e-17
356.0  2.2515e-17
356.2  2.2182e-17
356.4  2.2034e-17
356.6  2.2108e-17
356.8  2.2226e-17
357.0  2.2386e-17
357.2  2.2617e-17
357.4  2.2785e-17
357.6  2.2804e-17
357.8  2.2757e-17
358.0  2.2469e-17
358.2  2.2239e-17
358.4  2.2315e-17
358.6  2.2510e-17
358.8  2.2714e-17
359.0  2.2985e-17
359.2  2.3378e-17
359.4  2.3837e-17
359.6  2.4194e-17
359.8  2.4383e-17
360.0  2.4630e-17
360.2  2.5067e-17
360.4  2.5698e-17
360.6  2.6272e-17
360.8  2.6668e-17
361.0  2.6888e-17
361.2  2.6910e-17
361.4  2.6893e-17
361.6  2.6663e-17
361.8  2.6136e-17
362.0  2.5235e-17
362.2  2.4169e-17
362.4  2.3341e-17
362.6  2.2747e-17
362.8  2.2347e-17
363.0  2.2019e-17
363.2  2.1696e-17
363.4  2.1346e-17
363.6  2.0948e-17
363.8  2.0393e-17
364.0  1.9721e-17
364.2  1.9019e-17
364.4  1.8688e-17
364.6  1.9249e-17
364.8  2.0135e-17
365.0  2.1287e-17
365.2  2.2484e-17
365.4  2.3645e-17
365.6  2.4534e-17
365.8  2.4977e-17
366.0  2.5002e-17
366.2  2.4817e-17
366.4  2.4416e-17
366.6  2.3878e-17
366.8  2.3254e-17
367.0  2.2548e-17
367.2  2.1817e-17
367.4  2.1142e-17
367.6  2.0649e-17
367.8  2.0649e-17
368.0  2.1181e-17
368.2  2.2380e-17
368.4  2.4430e-17
368.6  2.7380e-17
368.8  3.0589e-17
369.0  3.3585e-17
369.2  3.6063e-17
369.4  3.7845e-17
369.6  3.8747e-17
369.8  3.8795e-17
370.0  3.8413e-17
370.2  3.6624e-17
370.4  3.3860e-17
370.6  3.1254e-17
370.8  2.9039e-17
371.0  2.7212e-17
371.2  2.5759e-17
371.4  2.4717e-17
371.6  2.4426e-17
371.8  2.4650e-17
372.0  2.4706e-17
372.2  2.4684e-17
372.4  2.4533e-17
372.6  2.4664e-17
372.8  2.4921e-17
373.0  2.5048e-17
373.2  2.5067e-17
373.4  2.5043e-17
373.6  2.4902e-17
373.8  2.4679e-17
374.0  2.4252e-17
374.2  2.3559e-17
374.4  2.2571e-17
374.6  2.1762e-17
374.8  2.1287e-17
375.0  2.1111e-17
375.2  2.1245e-17
375.4  2.1526e-17
375.6  2.1968e-17
375.8  2.2545e-17
376.0  2.3098e-17
376.2  2.3599e-17
376.4  2.4306e-17
376.6  2.5397e-17
376.8  2.6831e-17
377.0  2.8297e-17
377.2  2.9580e-17
377.4  3.0548e-17
377.6  3.1040e-17
377.8  3.1108e-17
378.0  3.0972e-17
378.2  3.0116e-17
378.4  2.8443e-17
378.6  2.6278e-17
378.8  2.4193e-17
379.0  2.2302e-17
379.2  2.0658e-17
379.4  1.9312e-17
379.6  1.8332e-17
379.8  1.7717e-17
380.0  1.7457e-17
380.2  1.7270e-17
380.4  1.7075e-17
380.6  1.6877e-17
380.8  1.7046e-17
381.0  1.7318e-17
381.2  1.7562e-17
381.4  1.7701e-17
381.6  1.7717e-17
381.8  1.7691e-17
382.0  1.7512e-17
382.2  1.7059e-17
382.4  1.6291e-17
382.6  1.5269e-17
382.8  1.4356e-17
383.0  1.3687e-17
383.2  1.3340e-17
383.4  1.3297e-17
383.6  1.3676e-17
383.8  1.4624e-17
384.0  1.6372e-17
384.2  1.9196e-17
384.4  2.3311e-17
384.6  2.9282e-17
384.8  3.7527e-17
385.0  4.8186e-17
385.2  5.8851e-17
385.4  6.8378e-17
385.6  7.5964e-17
385.8  8.0891e-17
386.0  8.2484e-17
386.2  8.2451e-17
386.4  7.9798e-17
386.6  7.2185e-17
386.8  6.1748e-17
387.0  5.1855e-17
387.2  4.2946e-17
387.4  3.5276e-17
387.6  2.9079e-17
387.8  2.4729e-17
388.0  2.2513e-17
388.2  2.2693e-17
388.4  2.2697e-17
388.6  2.2550e-17
388.8  2.2160e-17
389.0  2.1825e-17
389.2  2.1557e-17
389.4  2.1266e-17
389.6  2.0826e-17
389.8  2.0252e-17
390.0  1.9619e-17
390.2  1.8969e-17
390.4  1.8205e-17
390.6  1.7270e-17
390.8  1.6222e-17
391.0  1.5500e-17
391.2  1.5220e-17
391.4  1.5472e-17
391.6  1.5892e-17
391.8  1.6471e-17
392.0  1.7192e-17
392.2  1.7924e-17
392.4  1.8506e-17
392.6  1.8888e-17
392.8  1.9363e-17
393.0  2.0041e-17
393.2  2.0917e-17
393.4  2.1789e-17
393.6  2.2529e-17
393.8  2.3095e-17
394.0  2.3452e-17
394.2  2.3556e-17
394.4  2.3527e-17
394.6  2.3057e-17
394.8  2.2005e-17
395.0  2.0625e-17
395.2  1.9309e-17
395.4  1.8070e-17
395.6  1.6900e-17
395.8  1.5796e-17
396.0  1.4837e-17
396.2  1.4133e-17
396.4  1.3687e-17
396.6  1.3318e-17
396.8  1.3040e-17
397.0  1.3241e-17
397.2  1.3979e-17
397.4  1.5036e-17
397.6  1.6236e-17
397.8  1.7537e-17
398.0  1.8823e-17
398.2  2.0010e-17
398.4  2.0920e-17
398.6  2.1433e-17
398.8  2.1537e-17
399.0  2.1597e-17
399.2  2.1666e-17
399.4  2.1743e-17
399.6  2.1787e-17
399.8  2.1820e-17
400.0  2.1896e-17
400.2  2.2119e-17
400.4  2.2479e-17
400.6  2.2946e-17
400.8  2.3607e-17
401.0  2.4795e-17
401.2  2.6714e-17
401.4  2.9345e-17
401.6  3.1942e-17
401.8  3.4267e-17
402.0  3.6134e-17
402.2  3.7361e-17
402.4  3.7714e-17
402.6  3.7689e-17
402.8  3.6772e-17
403.0  3.4372e-17
403.2  3.1420e-17
403.4  2.8749e-17
403.6  2.6386e-17
403.8  2.4317e-17
404.0  2.2581e-17
404.2  2.1288e-17
404.4  2.0541e-17
404.6  2.0227e-17
404.8  1.9727e-17
405.0  1.8941e-17
405.2  1.7991e-17
405.4  1.7208e-17
405.6  1.6622e-17
405.8  1.6168e-17
406.0  1.5827e-17
406.2  1.5676e-17
406.4  1.5939e-17
406.6  1.6322e-17
406.8  1.6655e-17
407.0  1.6955e-17
407.2  1.7523e-17
407.4  1.8302e-17
407.6  1.9216e-17
407.8  2.0068e-17
408.0  2.0770e-17
408.2  2.1376e-17
408.4  2.1950e-17
408.6  2.2401e-17
408.8  2.2640e-17
409.0  2.2715e-17
409.2  2.2951e-17
409.4  2.3507e-17
409.6  2.4339e-17
409.8  2.5170e-17
410.0  2.5871e-17
410.2  2.6418e-17
410.4  2.6761e-17
410.6  2.6821e-17
410.8  2.6772e-17
411.0  2.6284e-17
411.2  2.5272e-17
411.4  2.4156e-17
411.6  2.3221e-17
411.8  2.2585e-17
412.0  2.2154e-17
412.2  2.1912e-17
412.4  2.2056e-17
412.6  2.2382e-17
412.8  2.2597e-17
413.0  2.2646e-17
413.2  2.2628e-17
413.4  2.2698e-17
413.6  2.3035e-17
413.8  2.3538e-17
414.0  2.4089e-17
414.2  2.7001e-17
414.4  3.6181e-17
414.6  5.0475e-17
414.8  6.9794e-17
415.0  9.4807e-17
415.2  1.2637e-16
415.4  1.6550e-16
415.6  2.1262e-16
415.8  2.5919e-16
416.0  3.0574e-16
416.2  3.5529e-16
416.4  4.0800e-16
416.6  4.6505e-16
416.8  5.2629e-16
417.0  1.1545e-15
417.2  3.2193e-15
417.4  6.2364e-15
417.6  9.9724e-15
417.8  1.4291e-14
418.0  1.9056e-14
418.2  2.4042e-14
418.4  2.9041e-14
418.6  3.2254e-14
418.8  3.4523e-14
419.0  3.7208e-14
419.2  4.0467e-14
419.4  4.3769e-14
419.6  4.7292e-14
419.8  5.1153e-14
420.0  5.5478e-14
420.2  5.9597e-14
420.4  6.1912e-14
420.6  6.1917e-14
420.8  6.0697e-14
421.0  5.7874e-14
421.2  5.3893e-14
421.4  4.8837e-14
421.6  4.2956e-14
421.8  3.6773e-14
422.0  3.1208e-14
422.2  2.6904e-14
422.4  2.3717e-14
422.6  2.0957e-14
422.8  1.8506e-14
423.0  1.6270e-14
423.2  1.4219e-14
423.4  1.2332e-14
423.6  1.0648e-14
423.8  9.1808e-15
424.0  7.9207e-15
424.2  6.8392e-15
424.4  5.9241e-15
424.6  5.1569e-15
424.8  4.5221e-15
425.0  3.9960e-15
425.2  3.5358e-15
425.4  3.1284e-15
425.6  2.7716e-15
425.8  2.4490e-15
426.0  2.1501e-15
426.2  1.8696e-15
426.4  1.6060e-15
426.6  1.3577e-15
426.8  1.1201e-15
427.0  8.9246e-16
427.2  6.7690e-16
427.4  4.9505e-16
427.6  3.4973e-16
427.8  2.3846e-16
428.0  1.5746e-16
428.2  1.0512e-16
428.4  7.8023e-17
428.6  8.4069e-17
428.8  1.0065e-16
429.0  1.2508e-16
429.2  1.5783e-16
429.4  2.0001e-16
429.6  2.5925e-16
429.8  3.3971e-16
430.0  4.4480e-16
430.2  5.7656e-16
430.4  7.3317e-16
430.6  9.2801e-16
430.8  1.1854e-15
431.0  1.5076e-15
431.2  1.8940e-15
431.4  2.3633e-15
431.6  2.9482e-15
431.8  3.7071e-15
432.0  4.7485e-15
432.2  6.1147e-15
432.4  8.0847e-15
432.6  1.0893e-14
432.8  1.4667e-14
433.0  1.9842e-14
433.2  2.7515e-14
433.4  3.8245e-14
433.6  5.4296e-14
433.8  7.7164e-14
434.0  1.0706e-13
434.2  1.4476e-13
434.4  1.9492e-13
434.6  2.6469e-13
434.8  3.5364e-13
435.0  4.6049e-13
435.2  5.8229e-13
435.4  7.1961e-13
435.6  8.7281e-13
435.8  1.0410e-12
436.0  1.2075e-12
436.2  1.3676e-12
436.4  1.5217e-12
436.6  1.6702e-12
436.8  1.8131e-12
437.0  1.9499e-12
437.2  2.0795e-12
437.4  2.2111e-12
437.6  2.3764e-12
437.8  2.5908e-12
438.0  2.8976e-12
438.2  3.4098e-12
438.4  4.1480e-12
438.6  5.1025e-12
438.8  6.1931e-12
439.0  7.3135e-12
439.2  8.3658e-12
439.4  9.3016e-12
439.6  9.8914e-12
439.8  1.0048e-11
440.0  1.0041e-11
440.2  9.6996e-12
440.4  9.0063e-12
440.6  8.1347e-12
440.8  7.2226e-12
441.0  6.3637e-12
441.2  5.6287e-12
441.4  5.1114e-12
441.6  4.7918e-12
441.8  4.6232e-12
442.0  4.4966e-12
442.2  4.3143e-12
442.4  4.0271e-12
442.6  3.6186e-12
442.8  3.1074e-12
443.0  2.5449e-12
443.2  1.9852e-12
443.4  1.4680e-12
443.6  1.0266e-12
443.8  6.7604e-13
444.0  4.1882e-13
444.2  2.4826e-13
444.4  1.4645e-13
444.6  9.0962e-14
444.8  6.1988e-14
445.0  4.8052e-14
445.2  3.9841e-14
445.4  3.5490e-14
445.6  3.2574e-14
445.8  3.0616e-14
446.0  2.9675e-14
446.2  3.0578e-14
446.4  3.2756e-14
446.6  3.5960e-14
446.8  4.0851e-14
447.0  4.7003e-14
447.2  5.5406e-14
447.4  6.5994e-14
447.6  8.0265e-14
447.8  9.9718e-14
448.0  1.2657e-13
448.2  1.6504e-13
448.4  2.1552e-13
448.6  2.8010e-13
448.8  3.5936e-13
449.0  4.5996e-13
449.2  5.8337e-13
449.4  7.3820e-13
449.6  9.3358e-13
449.8  1.1918e-12
450.0  1.5313e-12
450.2  1.9756e-12
450.4  2.5334e-12
450.6  3.2287e-12
450.8  4.0717e-12
451.0  5.0847e-12
451.2  6.2701e-12
451.4  7.6313e-12
451.6  9.1514e-12
451.8  1.0826e-11
452.0  1.2661e-11
452.2  1.4602e-11
452.4  1.6644e-11
452.6  1.8781e-11
452.8  2.0942e-11
453.0  2.3146e-11
453.2  2.5384e-11
453.4  2.7676e-11
453.6  3.0053e-11
453.8  3.2489e-11
454.0  3.5085e-11
454.2  3.7828e-11
454.4  4.0772e-11
454.6  4.4089e-11
454.8  4.7832e-11
455.0  5.2104e-11
455.2  5.7106e-11
455.4  6.2921e-11
455.6  6.9760e-11
455.8  7.7530e-11
456.0  8.6317e-11
456.2  9.6003e-11
456.4  1.0647e-10
456.6  1.1767e-10
456.8  1.2938e-10
457.0  1.4155e-10
457.2  1.5415e-10
457.4  1.6726e-10
457.6  1.8095e-10
457.8  1.9534e-10
458.0  2.1053e-10
458.2  2.2666e-10
458.4  2.4380e-10
458.6  2.6226e-10
458.8  2.8176e-10
459.0  3.0271e-10
459.2  3.2498e-10
459.4  3.4882e-10
459.6  3.7454e-10
459.8  4.0231e-10
460.0  4.3145e-10
460.2  4.6142e-10
460.4  4.9226e-10
460.6  5.2388e-10
460.8  5.5557e-10
461.0  5.8791e-10
461.2  6.1966e-10
461.4  6.4986e-10
461.6  6.7853e-10
461.8  7.0634e-10
462.0  7.3307e-10
462.2  7.5658e-10
462.4  7.7574e-10
462.6  7.8975e-10
462.8  8.0094e-10
463.0  8.1023e-10
463.2  8.1554e-10
463.4  8.1599e-10
463.6  8.1519e-10
463.8  8.1308e-10
464.0  8.1215e-10
464.2  8.1169e-10
464.4  8.0780e-10
464.6  7.9989e-10
464.8  7.9212e-10
465.0  7.8856e-10
465.2  7.8514e-10
465.4  7.7694e-10
465.6  7.6366e-10
465.8  7.5069e-10
466.0  7.4369e-10
466.2  7.3827e-10
466.4  7.2786e-10
466.6  7.1210e-10
466.8  6.9561e-10
467.0  6.8420e-10
467.2  6.7814e-10
467.4  6.6947e-10
467.6  6.5740e-10
467.8  6.4349e-10
468.0  6.3422e-10
468.2  6.3767e-10
468.4  6.4321e-10
468.6  6.5063e-10
468.8  6.5958e-10
469.0  6.7570e-10
469.2  6.9901e-10
469.4  7.2285e-10
469.6  7.4521e-10
469.8  7.6447e-10
470.0  7.7797e-10
470.2  7.9347e-10
470.4  8.0853e-10
470.6  8.2140e-10
470.8  8.3166e-10
471.0  8.3973e-10
471.2  8.4786e-10
471.4  8.5771e-10
471.6  8.6931e-10
471.8  8.8412e-10
472.0  9.0043e-10
472.2  9.1651e-10
472.4  9.3807e-10
472.6  9.6746e-10
472.8  1.0092e-09
473.0  1.0638e-09
473.2  1.1334e-09
473.4  1.2173e-09
473.6  1.3203e-09
473.8  1.4314e-09
474.0  1.5585e-09
474.2  1.6873e-09
474.4  1.8230e-09
474.6  1.9480e-09
474.8  2.0785e-09
475.0  2.2002e-09
475.2  2.3188e-09
475.4  2.4373e-09
475.6  2.5582e-09
475.8  2.6786e-09
476.0  2.8061e-09
476.2  2.9429e-09
476.4  3.0763e-09
476.6  3.2292e-09
476.8  3.3841e-09
477.0  3.5478e-09
477.2  3.7235e-09
477.4  3.9131e-09
477.6  4.1095e-09
477.8  4.3271e-09
478.0  4.5605e-09
478.2  4.8030e-09
478.4  5.0748e-09
478.6  5.3514e-09
478.8  5.6428e-09
479.0  5.9512e-09
479.2  6.2729e-09
479.4  6.6012e-09
479.6  6.9452e-09
479.8  7.3079e-09
480.0  7.6738e-09
480.2  8.0613e-09
480.4  8.4671e-09
480.6  8.8886e-09
480.8  9.3311e-09
481.0  9.7954e-09
481.2  1.0266e-08
481.4  1.0776e-08
481.6  1.1297e-08
481.8  1.1844e-08
482.0  1.2431e-08
482.2  1.3032e-08
482.4  1.3658e-08
482.6  1.4318e-08
482.8  1.4971e-08
483.0  1.5632e-08
483.2  1.6278e-08
483.4  1.6928e-08
483.6  1.7588e-08
483.8  1.8226e-08
484.0  1.8825e-08
484.2  1.9403e-08
484.4  1.9948e-08
484.6  2.0419e-08
484.8  2.0860e-08
485.0  2.1207e-08
485.2  2.1501e-08
485.4  2.1805e-08
485.6  2.2072e-08
485.8  2.2335e-08
486.0  2.2658e-08
486.2  2.2978e-08
486.4  2.3327e-08
486.6  2.3664e-08
486.8  2.3969e-08
487.0  2.4280e-08
487.2  2.4617e-08
487.4  2.4932e-08
487.6  2.5258e-08
487.8  2.5615e-08
488.0  2.5958e-08
488.2  2.6310e-08
488.4  2.6588e-08
488.6  2.6791e-08
488.8  2.7017e-08
489.0  2.7193e-08
489.2  2.7357e-08
489.4  2.7559e-08
489.6  2.7806e-08
489.8  2.8056e-08
490.0  2.8332e-08
490.2  2.8588e-08
490.4  2.8741e-08
490.6  2.8878e-08
490.8  2.9030e-08
491.0  2.9209e-08
491.2  2.9398e-08
491.4  2.9659e-08
491.6  2.9978e-08
491.8  3.0418e-08
492.0  3.0853e-08
492.2  3.1184e-08
492.4  3.1391e-08
492.6  3.1644e-08
492.8  3.1845e-08
493.0  3.2084e-08
493.2  3.2301e-08
493.4  3.2590e-08
493.6  3.2943e-08
493.8  3.3377e-08
494.0  3.3762e-08
494.2  3.3976e-08
494.4  3.4054e-08
494.6  3.4161e-08
494.8  3.4229e-08
495.0  3.4336e-08
495.2  3.4457e-08
495.4  3.4669e-08
495.6  3.4986e-08
495.8  3.5397e-08
496.0  3.5789e-08
496.2  3.6022e-08
496.4  3.6114e-08
496.6  3.6217e-08
496.8  3.6247e-08
497.0  3.6372e-08
497.2  3.6485e-08
497.4  3.6748e-08
497.6  3.7115e-08
497.8  3.7593e-08
498.0  3.8044e-08
498.2  3.8439e-08
498.4  3.8629e-08
498.6  3.8764e-08
498.8  3.8840e-08
499.0  3.8892e-08
499.2  3.9058e-08
499.4  3.9328e-08
499.6  3.9703e-08
499.8  4.0102e-08
500.0  4.0732e-08
500.2  4.1302e-08
500.4  4.1778e-08
500.6  4.2066e-08
500.8  4.2296e-08
501.0  4.2374e-08
501.2  4.2632e-08
501.4  4.3012e-08
501.6  4.3294e-08
501.8  4.3838e-08
502.0  4.4567e-08
502.2  4.5349e-08
502.4  4.6066e-08
502.6  4.6851e-08
502.8  4.7328e-08
503.0  4.7808e-08
503.2  4.8189e-08
503.4  4.8644e-08
503.6  4.9182e-08
503.8  4.9858e-08
504.0  5.0735e-08
504.2  5.1610e-08
504.4  5.2665e-08
504.6  5.3909e-08
504.8  5.5031e-08
505.0  5.6002e-08
505.2  5.6916e-08
505.4  5.7891e-08
505.6  5.8673e-08
505.8  5.9745e-08
506.0  6.0934e-08
506.2  6.2105e-08
506.4  6.3590e-08
506.6  6.5240e-08
506.8  6.6946e-08
507.0  6.8718e-08
507.2  7.0468e-08
507.4  7.2018e-08
507.6  7.3547e-08
507.8  7.4838e-08
508.0  7.6226e-08
508.2  7.7568e-08
508.4  7.8894e-08
508.6  8.0192e-08
508.8  8.1500e-08
509.0  8.2847e-08
509.2  8.4273e-08
509.4  8.5555e-08
509.6  8.6728e-08
509.8  8.7844e-08
510.0  8.8927e-08
510.2  8.9979e-08
510.4  9.1022e-08
510.6  9.2095e-08
510.8  9.3487e-08
511.0  9.4672e-08
511.2  9.5869e-08
511.4  9.7437e-08
511.6  9.8811e-08
511.8  1.0020e-07
512.0  1.0166e-07
512.2  1.0308e-07
512.4  1.0424e-07
512.6  1.0582e-07
512.8  1.0715e-07
513.0  1.0870e-07
513.2  1.1041e-07
513.4  1.1223e-07
513.6  1.1402e-07
513.8  1.1593e-07
514.0  1.1765e-07
514.2  1.1966e-07
514.4  1.2137e-07
514.6  1.2310e-07
514.8  1.2478e-07
515.0  1.2620e-07
515.2  1.2778e-07
515.4  1.2981e-07
515.6  1.3133e-07
515.8  1.3323e-07
516.0  1.3538e-07
516.2  1.3752e-07
516.4  1.3983e-07
516.6  1.4219e-07
516.8  1.4419e-07
517.0  1.4638e-07
517.2  1.4854e-07
517.4  1.5040e-07
517.6  1.5210e-07
517.8  1.5385e-07
518.0  1.5540e-07
518.2  1.5750e-07
518.4  1.5951e-07
518.6  1.6113e-07
518.8  1.6358e-07
519.0  1.6595e-07
519.2  1.6831e-07
519.4  1.7099e-07
519.6  1.7359e-07
519.8  1.7553e-07
520.0  1.7816e-07
520.2  1.8057e-07
520.4  1.8231e-07
520.6  1.8417e-07
520.8  1.8571e-07
521.0  1.8729e-07
521.2  1.8947e-07
521.4  1.9146e-07
521.6  1.9319e-07
521.8  1.9565e-07
522.0  1.9839e-07
522.2  2.0071e-07
522.4  2.0379e-07
522.6  2.0660e-07
522.8  2.0857e-07
523.0  2.1134e-07
523.2  2.1401e-07
523.4  2.1564e-07
523.6  2.1715e-07
523.8  2.1889e-07
524.0  2.2003e-07
524.2  2.2201e-07
524.4  2.2394e-07
524.6  2.2557e-07
524.8  2.2748e-07
525.0  2.3014e-07
525.2  2.3289e-07
525.4  2.3588e-07
525.6  2.3901e-07
525.8  2.4120e-07
526.0  2.4375e-07
526.2  2.4636e-07
526.4  2.4874e-07
526.6  2.4984e-07
526.8  2.5136e-07
527.0  2.5226e-07
527.2  2.5321e-07
527.4  2.5505e-07
527.6  2.5634e-07
527.8  2.5779e-07
528.0  2.5995e-07
528.2  2.6265e-07
528.4  2.6521e-07
528.6  2.6834e-07
528.8  2.7131e-07
529.0  2.7339e-07
529.2  2.7583e-07
529.4  2.7830e-07
529.6  2.8055e-07
529.8  2.8098e-07
530.0  2.8181e-07
530.2  2.8220e-07
530.4  2.8265e-07
530.6  2.8377e-07
530.8  2.8479e-07
531.0  2.8564e-07
531.2  2.8726e-07
531.4  2.8960e-07
531.6  2.9237e-07
531.8  2.9535e-07
532.0  2.9820e-07
532.2  3.0054e-07
532.4  3.0248e-07
532.6  3.0486e-07
532.8  3.0656e-07
533.0  3.0750e-07
533.2  3.0749e-07
533.4  3.0768e-07
533.6  3.0758e-07
533.8  3.0701e-07
534.0  3.0719e-07
534.2  3.0778e-07
534.4  3.0831e-07
534.6  3.1059e-07
534.8  3.1219e-07
535.0  3.1522e-07
535.2  3.1815e-07
535.4  3.2050e-07
535.6  3.2248e-07
535.8  3.2421e-07
536.0  3.2595e-07
536.2  3.2757e-07
536.4  3.2808e-07
536.6  3.2753e-07
536.8  3.2650e-07
537.0  3.2524e-07
537.2  3.2435e-07
537.4  3.2390e-07
537.6  3.2342e-07
537.8  3.2325e-07
538.0  3.2491e-07
538.2  3.2659e-07
538.4  3.2957e-07
538.6  3.3207e-07
538.8  3.3375e-07
539.0  3.3517e-07
539.2  3.3702e-07
539.4  3.3876e-07
539.6  3.3917e-07
539.8  3.3968e-07
540.0  3.3911e-07
540.2  3.3704e-07
540.4  3.3559e-07
540.6  3.3425e-07
540.8  3.3246e-07
541.0  3.3056e-07
541.2  3.2978e-07
541.4  3.3096e-07
541.6  3.3289e-07
541.8  3.3392e-07
542.0  3.3639e-07
542.2  3.3895e-07
542.4  3.4037e-07
542.6  3.4200e-07
542.8  3.4352e-07
543.0  3.4353e-07
543.2  3.4392e-07
543.4  3.4408e-07
543.6  3.4314e-07
543.8  3.4117e-07
544.0  3.3863e-07
544.2  3.3648e-07
544.4  3.3344e-07
544.6  3.3170e-07
544.8  3.3166e-07
545.0  3.3183e-07
545.2  3.3389e-07
545.4  3.3569e-07
545.6  3.3927e-07
545.8  3.4180e-07
546.0  3.4260e-07
546.2  3.4359e-07
546.4  3.4541e-07
546.6  3.4682e-07
546.8  3.4813e-07
547.0  3.4815e-07
547.2  3.4656e-07
547.4  3.4386e-07
547.6  3.4197e-07
547.8  3.4038e-07
548.0  3.3846e-07
548.2  3.3590e-07
548.4  3.3407e-07
548.6  3.3507e-07
548.8  3.3839e-07
549.0  3.4067e-07
549.2  3.4295e-07
549.4  3.4573e-07
549.6  3.4836e-07
549.8  3.5202e-07
550.0  3.5538e-07
550.2  3.5625e-07
550.4  3.5701e-07
550.6  3.5902e-07
550.8  3.5915e-07
551.0  3.5901e-07
551.2  3.5884e-07
551.4  3.5770e-07
551.6  3.5487e-07
551.8  3.5302e-07
552.0  3.5242e-07
552.2  3.5327e-07
552.4  3.5467e-07
552.6  3.5650e-07
552.8  3.5940e-07
553.0  3.6404e-07
553.2  3.6916e-07
553.4  3.7305e-07
553.6  3.7571e-07
553.8  3.7881e-07
554.0  3.8388e-07
554.2  3.8969e-07
554.4  3.9343e-07
554.6  3.9345e-07
554.8  3.9435e-07
555.0  3.9628e-07
555.2  3.9884e-07
555.4  3.9991e-07
555.6  3.9991e-07
555.8  3.9912e-07
556.0  4.0183e-07
556.2  4.0428e-07
556.4  4.0746e-07
556.6  4.1177e-07
556.8  4.1464e-07
557.0  4.1850e-07
557.2  4.2280e-07
557.4  4.2822e-07
557.6  4.3582e-07
557.8  4.4231e-07
558.0  4.4690e-07
558.2  4.5178e-07
558.4  4.5848e-07
558.6  4.6663e-07
558.8  4.7405e-07
559.0  4.7522e-07
559.2  4.7786e-07
559.4  4.8284e-07
559.6  4.8860e-07
559.8  4.9354e-07
560.0  4.9657e-07
560.2  4.9878e-07
560.4  5.0417e-07
560.6  5.0977e-07
560.8  5.1334e-07
561.0  5.1750e-07
561.2  5.2306e-07
561.4  5.2827e-07
561.6  5.3321e-07
561.8  5.3946e-07
562.0  5.4737e-07
562.2  5.5799e-07
562.4  5.6815e-07
562.6  5.7550e-07
562.8  5.8250e-07
563.0  5.9377e-07
563.2  6.0474e-07
563.4  6.1455e-07
563.6  6.1978e-07
563.8  6.2525e-07
564.0  6.3368e-07
564.2  6.4254e-07
564.4  6.4924e-07
564.6  6.5383e-07
564.8  6.5794e-07
565.0  6.6526e-07
565.2  6.7133e-07
565.4  6.7351e-07
565.6  6.7719e-07
565.8  6.8501e-07
566.0  6.9194e-07
566.2  6.9679e-07
566.4  7.0346e-07
566.6  7.1352e-07
566.8  7.2818e-07
567.0  7.4288e-07
567.2  7.5345e-07
567.4  7.6205e-07
567.6  7.7542e-07
567.8  7.9052e-07
568.0  8.0477e-07
568.2  8.1290e-07
568.4  8.1904e-07
568.6  8.2742e-07
568.8  8.3917e-07
569.0  8.4788e-07
569.2  8.5251e-07
569.4  8.5734e-07
569.6  8.6208e-07
569.8  8.6905e-07
570.0  8.7171e-07
570.2  8.7327e-07
570.4  8.7680e-07
570.6  8.8435e-07
570.8  8.8987e-07
571.0  8.9748e-07
571.2  9.0404e-07
571.4  9.1902e-07
571.6  9.3517e-07
571.8  9.5205e-07
572.0  9.6553e-07
572.2  9.7785e-07
572.4  9.9341e-07
572.6  1.0108e-06
572.8  1.0243e-06
573.0  1.0327e-06
573.2  1.0407e-06
573.4  1.0481e-06
573.6  1.0579e-06
573.8  1.0679e-06
574.0  1.0715e-06
574.2  1.0736e-06
574.4  1.0777e-06
574.6  1.0842e-06
574.8  1.0842e-06
575.0  1.0822e-06
575.2  1.0801e-06
575.4  1.0847e-06
575.6  1.0889e-06
575.8  1.0972e-06
576.0  1.1017e-06
576.2  1.1165e-06
576.4  1.1349e-06
576.6  1.1551e-06
576.8  1.1713e-06
577.0  1.1863e-06
577.2  1.2021e-06
577.4  1.2179e-06
577.6  1.2355e-06
577.8  1.2462e-06
578.0  1.2519e-06
578.2  1.2616e-06
578.4  1.2701e-06
578.6  1.2762e-06
578.8  1.2834e-06
579.0  1.2848e-06
579.2  1.2848e-06
579.4  1.2849e-06
579.6  1.2870e-06
579.8  1.2845e-06
580.0  1.2779e-06
580.2  1.2713e-06
580.4  1.2684e-06
580.6  1.2702e-06
580.8  1.2773e-06
581.0  1.2816e-06
581.2  1.2992e-06
581.4  1.3179e-06
581.6  1.3394e-06
581.8  1.3563e-06
582.0  1.3750e-06
582.2  1.3931e-06
582.4  1.4067e-06
582.6  1.4209e-06
582.8  1.4325e-06
583.0  1.4378e-06
583.2  1.4433e-06
583.4  1.4482e-06
583.6  1.4521e-06
583.8  1.4594e-06
584.0  1.4611e-06
584.2  1.4609e-06
584.4  1.4562e-06
584.6  1.4504e-06
584.8  1.4465e-06
585.0  1.4315e-06
585.2  1.4189e-06
585.4  1.4093e-06
585.6  1.4016e-06
585.8  1.3970e-06
586.0  1.4037e-06
586.2  1.4157e-06
586.4  1.4332e-06
586.6  1.4523e-06
586.8  1.4706e-06
587.0  1.4909e-06
587.2  1.5093e-06
587.4  1.5209e-06
587.6  1.5327e-06
587.8  1.5414e-06
588.0  1.5530e-06
588.2  1.5543e-06
588.4  1.5554e-06
588.6  1.5566e-06
588.8  1.5567e-06
589.0  1.5587e-06
589.2  1.5587e-06
589.4  1.5559e-06
589.6  1.5440e-06
589.8  1.5334e-06
590.0  1.5216e-06
590.2  1.5016e-06
590.4  1.4835e-06
590.6  1.4650e-06
590.8  1.4496e-06
591.0  1.4379e-06
591.2  1.4352e-06
591.4  1.4448e-06
591.6  1.4604e-06
591.8  1.4764e-06
592.0  1.4948e-06
592.2  1.5158e-06
592.4  1.5331e-06
592.6  1.5441e-06
592.8  1.5508e-06
593.0  1.5584e-06
593.2  1.5650e-06
593.4  1.5669e-06
593.6  1.5663e-06
593.8  1.5620e-06
594.0  1.5601e-06
594.2  1.5583e-06
594.4  1.5569e-06
594.6  1.5515e-06
594.8  1.5430e-06
595.0  1.5253e-06
595.2  1.5078e-06
595.4  1.4813e-06
595.6  1.4535e-06
595.8  1.4276e-06
596.0  1.4035e-06
596.2  1.3773e-06
596.4  1.3617e-06
596.6  1.3549e-06
596.8  1.3635e-06
597.0  1.3764e-06
597.2  1.3902e-06
597.4  1.4060e-06
597.6  1.4230e-06
597.8  1.4372e-06
598.0  1.4453e-06
598.2  1.4506e-06
598.4  1.4555e-06
598.6  1.4576e-06
598.8  1.4568e-06
599.0  1.4534e-06
599.2  1.4473e-06
599.4  1.4454e-06
599.6  1.4400e-06
599.8  1.4344e-06
600.0  1.4270e-06
600.2  1.4166e-06
600.4  1.4008e-06
600.6  1.3827e-06
600.8  1.3550e-06
601.0  1.3211e-06
601.2  1.2893e-06
601.4  1.2592e-06
601.6  1.2300e-06
601.8  1.2036e-06
602.0  1.1883e-06
602.2  1.1883e-06
602.4  1.1920e-06
602.6  1.2003e-06
602.8  1.2129e-06
603.0  1.2279e-06
603.2  1.2390e-06
603.4  1.2461e-06
603.6  1.2519e-06
603.8  1.2552e-06
604.0  1.2560e-06
604.2  1.2548e-06
604.4  1.2507e-06
604.6  1.2463e-06
604.8  1.2438e-06
605.0  1.2425e-06
605.2  1.2373e-06
605.4  1.2274e-06
605.6  1.2197e-06
605.8  1.2147e-06
606.0  1.2038e-06
606.2  1.1848e-06
606.4  1.1580e-06
606.6  1.1248e-06
606.8  1.0990e-06
607.0  1.0765e-06
607.2  1.0458e-06
607.4  1.0164e-06
607.6  1.0022e-06
607.8  9.9740e-07
608.0  1.0009e-06
608.2  1.0037e-06
608.4  1.0140e-06
608.6  1.0296e-06
608.8  1.0391e-06
609.0  1.0424e-06
609.2  1.0466e-06
609.4  1.0513e-06
609.6  1.0541e-06
609.8  1.0548e-06
610.0  1.0542e-06
610.2  1.0536e-06
610.4  1.0516e-06
610.6  1.0525e-06
610.8  1.0525e-06
611.0  1.0479e-06
611.2  1.0464e-06
611.4  1.0466e-06
611.6  1.0466e-06
611.8  1.0395e-06
612.0  1.0250e-06
612.2  1.0072e-06
612.4  9.9150e-07
612.6  9.8149e-07
612.8  9.6425e-07
613.0  9.4074e-07
613.2  9.2173e-07
613.4  9.2662e-07
613.6  9.2885e-07
613.8  9.2928e-07
614.0  9.3447e-07
614.2  9.4945e-07
614.4  9.6345e-07
614.6  9.7444e-07
614.8  9.7832e-07
615.0  9.8499e-07
615.2  9.9604e-07
615.4  1.0085e-06
615.6  1.0136e-06
615.8  1.0163e-06
616.0  1.0179e-06
616.2  1.0236e-06
616.4  1.0346e-06
616.6  1.0469e-06
616.8  1.0501e-06
617.0  1.0510e-06
617.2  1.0553e-06
617.4  1.0679e-06
617.6  1.0730e-06
617.8  1.0741e-06
618.0  1.0714e-06
618.2  1.0667e-06
618.4  1.0717e-06
618.6  1.0736e-06
618.8  1.0730e-06
619.0  1.0740e-06
619.2  1.0854e-06
619.4  1.0972e-06
619.6  1.1004e-06
619.8  1.1086e-06
620.0  1.1274e-06
620.2  1.1529e-06
620.4  1.1673e-06
620.6  1.1726e-06
620.8  1.1919e-06
621.0  1.2139e-06
621.2  1.2351e-06
621.4  1.2472e-06
621.6  1.2594e-06
621.8  1.2738e-06
622.0  1.2948e-06
622.2  1.3140e-06
622.4  1.3295e-06
622.6  1.3407e-06
622.8  1.3555e-06
623.0  1.3672e-06
623.2  1.3783e-06
623.4  1.4002e-06
623.6  1.4161e-06
623.8  1.4229e-06
624.0  1.4240e-06
624.2  1.4427e-06
624.4  1.4641e-06
624.6  1.4791e-06
624.8  1.4837e-06
625.0  1.4901e-06
625.2  1.5098e-06
625.4  1.5342e-06
625.6  1.5469e-06
625.8  1.5592e-06
626.0  1.5828e-06
626.2  1.6066e-06
626.4  1.6347e-06
626.6  1.6480e-06
626.8  1.6653e-06
627.0  1.6919e-06
627.2  1.7299e-06
627.4  1.7532e-06
627.6  1.7657e-06
627.8  1.7938e-06
628.0  1.8301e-06
628.2  1.8708e-06
628.4  1.8897e-06
628.6  1.9073e-06
628.8  1.9251e-06
629.0  1.9579e-06
629.2  1.9824e-06
629.4  2.0014e-06
629.6  2.0051e-06
629.8  2.0248e-06
630.0  2.0449e-06
630.2  2.0569e-06
630.4  2.0730e-06
630.6  2.0908e-06
630.8  2.1044e-06
631.0  2.1048e-06
631.2  2.1196e-06
631.4  2.1334e-06
631.6  2.1478e-06
631.8  2.1608e-06
632.0  2.1634e-06
632.2  2.1730e-06
632.4  2.1966e-06
632.6  2.2198e-06
632.8  2.2361e-06
633.0  2.2573e-06
633.2  2.2901e-06
633.4  2.3186e-06
633.6  2.3496e-06
633.8  2.3778e-06
634.0  2.4053e-06
634.2  2.4461e-06
634.4  2.4835e-06
634.6  2.5116e-06
634.8  2.5469e-06
635.0  2.5824e-06
635.2  2.6258e-06
635.4  2.6723e-06
635.6  2.7016e-06
635.8  2.7299e-06
636.0  2.7518e-06
636.2  2.7810e-06
636.4  2.8164e-06
636.6  2.8395e-06
636.8  2.8395e-06
637.0  2.8583e-06
637.2  2.8743e-06
637.4  2.8937e-06
637.6  2.8970e-06
637.8  2.9148e-06
638.0  2.9213e-06
638.2  2.9206e-06
638.4  2.9254e-06
638.6  2.9251e-06
638.8  2.9339e-06
639.0  2.9453e-06
639.2  2.9516e-06
639.4  2.9517e-06
639.6  2.9670e-06
639.8  2.9956e-06
640.0  3.0073e-06
640.2  3.0286e-06
640.4  3.0698e-06
640.6  3.0948e-06
640.8  3.1271e-06
641.0  3.1674e-06
641.2  3.1960e-06
641.4  3.2395e-06
641.6  3.2826e-06
641.8  3.3300e-06
642.0  3.3717e-06
642.2  3.4227e-06
642.4  3.4667e-06
642.6  3.5328e-06
642.8  3.5830e-06
643.0  3.6150e-06
643.2  3.6505e-06
643.4  3.6791e-06
643.6  3.6948e-06
643.8  3.7245e-06
644.0  3.7452e-06
644.2  3.7451e-06
644.4  3.7531e-06
644.6  3.7628e-06
644.8  3.7809e-06
645.0  3.7848e-06
645.2  3.7990e-06
645.4  3.7986e-06
645.6  3.7844e-06
645.8  3.7867e-06
646.0  3.7684e-06
646.2  3.7528e-06
646.4  3.7384e-06
646.6  3.7201e-06
646.8  3.7057e-06
647.0  3.6996e-06
647.2  3.7143e-06
647.4  3.7220e-06
647.6  3.7411e-06
647.8  3.7852e-06
648.0  3.8131e-06
648.2  3.8563e-06
648.4  3.8968e-06
648.6  3.9301e-06
648.8  3.9609e-06
649.0  4.0187e-06
649.2  4.0751e-06
649.4  4.1058e-06
649.6  4.1519e-06
649.8  4.2256e-06
650.0  4.2690e-06
650.2  4.3411e-06
650.4  4.3967e-06
650.6  4.4370e-06
650.8  4.4751e-06
651.0  4.5068e-06
651.2  4.5237e-06
651.4  4.5270e-06
651.6  4.5581e-06
651.8  4.5504e-06
652.0  4.5269e-06
652.2  4.5279e-06
652.4  4.5193e-06
652.6  4.5196e-06
652.8  4.5030e-06
653.0  4.5004e-06
653.2  4.4531e-06
653.4  4.4513e-06
653.6  4.4143e-06
653.8  4.3698e-06
654.0  4.3280e-06
654.2  4.2794e-06
654.4  4.2485e-06
654.6  4.2179e-06
654.8  4.1846e-06
655.0  4.1888e-06
655.2  4.1889e-06
655.4  4.1970e-06
655.6  4.2388e-06
655.8  4.2651e-06
656.0  4.2917e-06
656.2  4.3346e-06
656.4  4.3627e-06
656.6  4.4036e-06
656.8  4.4543e-06
657.0  4.5231e-06
657.2  4.5719e-06
657.4  4.6104e-06
657.6  4.6853e-06
657.8  4.7477e-06
658.0  4.8123e-06
658.2  4.8573e-06
658.4  4.8847e-06
658.6  4.9137e-06
658.8  4.9300e-06
659.0  4.9419e-06
659.2  4.9334e-06
659.4  4.9228e-06
659.6  4.9203e-06
659.8  4.8851e-06
660.0  4.8736e-06
660.2  4.8560e-06
660.4  4.8472e-06
660.6  4.8120e-06
660.8  4.7886e-06
661.0  4.7341e-06
661.2  4.6785e-06
661.4  4.6335e-06
661.6  4.5357e-06
661.8  4.4524e-06
662.0  4.3655e-06
662.2  4.2886e-06
662.4  4.2142e-06
662.6  4.1630e-06
662.8  4.0940e-06
663.0  4.0921e-06
663.2  4.0911e-06
663.4  4.0954e-06
663.6  4.1189e-06
663.8  4.1461e-06
664.0  4.1728e-06
664.2  4.1909e-06
664.4  4.2048e-06
664.6  4.2139e-06
664.8  4.2544e-06
665.0  4.2972e-06
665.2  4.3472e-06
665.4  4.3793e-06
665.6  4.4438e-06
665.8  4.5145e-06
666.0  4.5822e-06
666.2  4.6294e-06
666.4  4.6558e-06
666.6  4.6754e-06
666.8  4.6804e-06
667.0  4.6788e-06
667.2  4.6640e-06
667.4  4.6263e-06
667.6  4.5885e-06
667.8  4.5372e-06
668.0  4.4871e-06
668.2  4.4604e-06
668.4  4.4296e-06
668.6  4.4031e-06
668.8  4.3465e-06
669.0  4.3163e-06
669.2  4.2307e-06
669.4  4.1774e-06
669.6  4.0656e-06
669.8  3.9352e-06
670.0  3.7981e-06
670.2  3.6899e-06
670.4  3.5671e-06
670.6  3.4767e-06
670.8  3.3802e-06
671.0  3.3000e-06
671.2  3.2839e-06
671.4  3.2724e-06
671.6  3.2580e-06
671.8  3.2662e-06
672.0  3.2567e-06
672.2  3.2711e-06
672.4  3.2727e-06
672.6  3.2672e-06
672.8  3.2668e-06
673.0  3.2825e-06
673.2  3.3077e-06
673.4  3.3443e-06
673.6  3.3724e-06
673.8  3.4238e-06
674.0  3.4555e-06
674.2  3.4880e-06
674.4  3.5378e-06
674.6  3.5450e-06
674.8  3.5570e-06
675.0  3.5611e-06
675.2  3.5584e-06
675.4  3.5444e-06
675.6  3.5254e-06
675.8  3.4876e-06
676.0  3.4461e-06
676.2  3.3977e-06
676.4  3.3493e-06
676.6  3.3071e-06
676.8  3.2560e-06
677.0  3.2042e-06
677.2  3.1262e-06
677.4  3.0692e-06
677.6  2.9915e-06
677.8  2.9351e-06
678.0  2.8352e-06
678.2  2.7157e-06
678.4  2.5922e-06
678.6  2.4925e-06
678.8  2.3787e-06
679.0  2.2712e-06
679.2  2.1477e-06
679.4  2.0390e-06
679.6  1.9814e-06
679.8  1.9394e-06
680.0  1.9230e-06
680.2  1.9192e-06
680.4  1.9199e-06
680.6  1.9311e-06
680.8  1.9315e-06
681.0  1.9275e-06
681.2  1.9218e-06
681.4  1.9069e-06
681.6  1.8907e-06
681.8  1.8675e-06
682.0  1.8566e-06
682.2  1.8727e-06
682.4  1.8985e-06
682.6  1.9251e-06
682.8  1.9531e-06
683.0  1.9843e-06
683.2  2.0111e-06
683.4  2.0284e-06
683.6  2.0351e-06
683.8  2.0311e-06
684.0  2.0111e-06
684.2  1.9761e-06
684.4  1.9397e-06
684.6  1.8987e-06
684.8  1.8621e-06
685.0  1.8290e-06
685.2  1.8025e-06
685.4  1.7930e-06
685.6  1.7874e-06
685.8  1.7771e-06
686.0  1.7568e-06
686.2  1.7198e-06
686.4  1.6729e-06
686.6  1.6062e-06
686.8  1.5143e-06
687.0  1.4188e-06
687.2  1.3339e-06
687.4  1.2684e-06
687.6  1.2137e-06
687.8  1.1585e-06
688.0  1.1181e-06
688.2  1.0952e-06
688.4  1.0942e-06
688.6  1.0828e-06
688.8  1.0622e-06
689.0  1.0385e-06
689.2  1.0133e-06
689.4  9.8727e-07
689.6  9.6485e-07
689.8  9.5825e-07
690.0  9.6819e-07
690.2  9.8021e-07
690.4  9.8594e-07
690.6  9.9033e-07
690.8  1.0103e-06
691.0  1.0261e-06
691.2  1.0288e-06
691.4  1.0205e-06
691.6  9.9971e-07
691.8  9.8405e-07
692.0  9.9076e-07
692.2  1.0137e-06
692.4  1.0341e-06
692.6  1.0496e-06
692.8  1.0736e-06
693.0  1.1055e-06
693.2  1.1430e-06
693.4  1.1761e-06
693.6  1.1888e-06
693.8  1.1894e-06
694.0  1.1819e-06
694.2  1.1629e-06
694.4  1.1551e-06
694.6  1.1530e-06
694.8  1.1532e-06
695.0  1.1605e-06
695.2  1.1899e-06
695.4  1.2356e-06
695.6  1.3007e-06
695.8  1.3431e-06
696.0  1.3717e-06
696.2  1.3826e-06
696.4  1.3836e-06
696.6  1.3715e-06
696.8  1.3559e-06
697.0  1.3310e-06
697.2  1.3143e-06
697.4  1.3292e-06
697.6  1.3585e-06
697.8  1.4055e-06
698.0  1.4674e-06
698.2  1.5244e-06
698.4  1.5623e-06
698.6  1.5850e-06
698.8  1.5858e-06
699.0  1.5736e-06
699.2  1.5609e-06
699.4  1.5459e-06
699.6  1.5260e-06
699.8  1.5179e-06
700.0  1.5667e-06
700.2  1.6226e-06
700.4  1.6775e-06
700.6  1.7084e-06
700.8  1.7214e-06
701.0  1.7575e-06
701.2  1.8070e-06
701.4  1.8185e-06
701.6  1.8130e-06
701.8  1.7947e-06
702.0  1.7661e-06
702.2  1.7977e-06
702.4  1.8467e-06
702.6  1.8636e-06
702.8  1.8624e-06
703.0  1.8640e-06
703.2  1.8995e-06
703.4  1.9525e-06
703.6  2.0101e-06
703.8  2.0374e-06
704.0  2.0460e-06
704.2  2.0512e-06
704.4  2.0636e-06
704.6  2.0925e-06
704.8  2.1001e-06
705.0  2.1022e-06
705.2  2.0830e-06
705.4  2.0739e-06
705.6  2.1240e-06
705.8  2.1974e-06
706.0  2.2728e-06
706.2  2.3021e-06
706.4  2.3210e-06
706.6  2.3509e-06
706.8  2.3829e-06
707.0  2.3862e-06
707.2  2.3811e-06
707.4  2.3552e-06
707.6  2.3320e-06
707.8  2.3846e-06
708.0  2.4262e-06
708.2  2.4764e-06
708.4  2.5367e-06
708.6  2.6093e-06
708.8  2.6631e-06
709.0  2.6857e-06
709.2  2.6905e-06
709.4  2.6767e-06
709.6  2.6882e-06
709.8  2.7056e-06
710.0  2.7171e-06
710.2  2.7208e-06
710.4  2.7725e-06
710.6  2.8454e-06
710.8  2.9509e-06
711.0  2.9955e-06
711.2  2.9991e-06
711.4  2.9941e-06
711.6  2.9898e-06
711.8  3.0442e-06
712.0  3.0804e-06
712.2  3.0905e-06
712.4  3.0743e-06
712.6  3.0883e-06
712.8  3.1983e-06
713.0  3.3079e-06
713.2  3.3199e-06
713.4  3.3206e-06
713.6  3.2800e-06
713.8  3.2674e-06
714.0  3.3257e-06
714.2  3.3781e-06
714.4  3.3793e-06
714.6  3.3944e-06
714.8  3.4344e-06
715.0  3.4985e-06
715.2  3.5474e-06
715.4  3.5538e-06
715.6  3.5542e-06
715.8  3.5391e-06
716.0  3.5308e-06
716.2  3.5464e-06
716.4  3.6070e-06
716.6  3.6867e-06
716.8  3.7639e-06
717.0  3.7808e-06
717.2  3.7900e-06
717.4  3.8581e-06
717.6  3.9042e-06
717.8  3.9196e-06
718.0  3.9167e-06
718.2  3.8930e-06
718.4  3.9150e-06
718.6  4.0267e-06
718.8  4.0911e-06
719.0  4.1144e-06
719.2  4.1618e-06
719.4  4.2385e-06
719.6  4.3556e-06
719.8  4.3805e-06
720.0  4.3718e-06
720.2  4.3388e-06
720.4  4.3779e-06
720.6  4.4481e-06
720.8  4.5059e-06
721.0  4.5247e-06
721.2  4.5517e-06
721.4  4.6484e-06
721.6  4.8132e-06
721.8  4.9414e-06
722.0  4.9465e-06
722.2  4.9468e-06
722.4  4.9077e-06
722.6  4.8988e-06
722.8  4.9729e-06
723.0  5.0422e-06
723.2  5.0435e-06
723.4  5.0098e-06
723.6  5.0916e-06
723.8  5.2444e-06
724.0  5.3318e-06
724.2  5.3447e-06
724.4  5.3282e-06
724.6  5.2317e-06
724.8  5.2330e-06
725.0  5.2765e-06
725.2  5.2984e-06
725.4  5.2924e-06
725.6  5.3228e-06
725.8  5.4026e-06
726.0  5.4981e-06
726.2  5.5096e-06
726.4  5.5032e-06
726.6  5.4703e-06
726.8  5.4640e-06
727.0  5.4581e-06
727.2  5.4460e-06
727.4  5.4460e-06
727.6  5.5188e-06
727.8  5.6215e-06
728.0  5.6544e-06
728.2  5.6648e-06
728.4  5.6883e-06
728.6  5.7671e-06
728.8  5.8667e-06
729.0  5.9003e-06
729.2  5.8869e-06
729.4  5.8501e-06
729.6  5.9311e-06
729.8  6.0879e-06
730.0  6.1261e-06
730.2  6.1350e-06
730.4  6.1416e-06
730.6  6.2333e-06
730.8  6.4002e-06
731.0  6.4929e-06
731.2  6.5148e-06
731.4  6.5049e-06
731.6  6.5669e-06
731.8  6.6581e-06
732.0  6.7449e-06
732.2  6.7814e-06
732.4  6.8016e-06
732.6  6.8703e-06
732.8  7.0177e-06
733.0  7.1572e-06
733.2  7.2402e-06
733.4  7.3030e-06
733.6  7.3490e-06
733.8  7.3342e-06
734.0  7.3447e-06
734.2  7.4317e-06
734.4  7.4564e-06
734.6  7.4611e-06
734.8  7.4533e-06
735.0  7.4956e-06
735.2  7.5972e-06
735.4  7.6089e-06
735.6  7.6183e-06
735.8  7.6030e-06
736.0  7.4419e-06
736.2  7.4994e-06
736.4  7.4985e-06
736.6  7.4950e-06
736.8  7.4890e-06
737.0  7.4965e-06
737.2  7.5198e-06
737.4  7.6028e-06
737.6  7.5822e-06
737.8  7.4653e-06
738.0  7.3703e-06
738.2  7.3213e-06
738.4  7.3096e-06
738.6  7.3420e-06
738.8  7.3363e-06
739.0  7.3214e-06
739.2  7.3718e-06
739.4  7.4255e-06
739.6  7.4562e-06
739.8  7.4767e-06
740.0  7.4503e-06
740.2  7.4814e-06
740.4  7.5425e-06
740.6  7.5997e-06
740.8  7.6331e-06
741.0  7.6644e-06
741.2  7.7342e-06
741.4  7.8536e-06
741.6  7.8960e-06
741.8  7.9444e-06
742.0  7.9539e-06
742.2  8.0280e-06
742.4  8.1347e-06
742.6  8.2582e-06
742.8  8.2985e-06
743.0  8.3956e-06
743.2  8.5198e-06
743.4  8.6591e-06
743.6  8.7127e-06
743.8  8.7481e-06
744.0  8.8019e-06
744.2  8.8666e-06
744.4  8.9980e-06
744.6  9.0947e-06
744.8  9.1649e-06
745.0  9.2462e-06
745.2  9.4232e-06
745.4  9.4381e-06
745.6  9.4589e-06
745.8  9.4609e-06
746.0  9.4722e-06
746.2  9.4820e-06
746.4  9.4581e-06
746.6  9.4290e-06
746.8  9.3938e-06
747.0  9.3204e-06
747.2  9.2802e-06
747.4  9.2635e-06
747.6  9.2126e-06
747.8  9.1408e-06
748.0  9.1607e-06
748.2  9.0877e-06
748.4  9.0105e-06
748.6  8.9893e-06
748.8  8.9540e-06
749.0  8.8281e-06
749.2  8.7129e-06
749.4  8.6218e-06
749.6  8.3669e-06
749.8  8.3254e-06
750.0  8.2435e-06
750.2  8.1093e-06
750.4  8.0701e-06
750.6  8.0633e-06
750.8  7.8872e-06
751.0  7.9242e-06
751.2  7.8874e-06
751.4  7.7912e-06
751.6  7.8357e-06
751.8  7.8250e-06
752.0  7.9057e-06
752.2  7.9575e-06
752.4  7.9234e-06
752.6  7.9719e-06
752.8  7.9766e-06
753.0  7.9625e-06
753.2  7.9347e-06
753.4  7.9414e-06
753.6  8.0440e-06
753.8  8.1263e-06
754.0  8.1873e-06
754.2  8.2666e-06
754.4  8.3865e-06
754.6  8.4797e-06
754.8  8.5487e-06
755.0  8.5935e-06
755.2  8.6403e-06
755.4  8.7755e-06
755.6  8.8555e-06
755.8  8.9292e-06
756.0  9.0194e-06
756.2  9.1035e-06
756.4  9.2310e-06
756.6  9.3365e-06
756.8  9.3850e-06
757.0  9.4394e-06
757.2  9.5077e-06
757.4  9.5615e-06
757.6  9.5844e-06
757.8  9.5973e-06
758.0  9.5706e-06
758.2  9.5634e-06
758.4  9.5250e-06
758.6  9.4320e-06
758.8  9.3444e-06
759.0  9.2082e-06
759.2  9.0693e-06
759.4  8.9017e-06
759.6  8.8400e-06
759.8  8.7294e-06
760.0  8.6225e-06
760.2  8.6214e-06
760.4  8.5117e-06
760.6  8.4049e-06
760.8  8.2659e-06
761.0  8.1175e-06
761.2  7.8960e-06
761.4  7.6902e-06
761.6  7.4860e-06
761.8  7.1515e-06
762.0  6.9415e-06
762.2  6.8292e-06
762.4  6.6068e-06
762.6  6.3729e-06
762.8  6.2592e-06
763.0  5.9921e-06
763.2  5.8569e-06
763.4  5.8172e-06
763.6  5.6942e-06
763.8  5.6962e-06
764.0  5.7123e-06
764.2  5.6438e-06
764.4  5.7254e-06
764.6  5.7270e-06
764.8  5.5945e-06
765.0  5.5326e-06
765.2  5.5163e-06
765.4  5.4065e-06
765.6  5.3582e-06
765.8  5.3290e-06
766.0  5.3751e-06
766.2  5.4199e-06
766.4  5.4265e-06
766.6  5.4725e-06
766.8  5.5272e-06
767.0  5.5914e-06
767.2  5.6468e-06
767.4  5.6783e-06
767.6  5.6901e-06
767.8  5.8350e-06
768.0  5.8801e-06
768.2  5.9556e-06
768.4  5.9806e-06
768.6  6.0482e-06
768.8  6.0949e-06
769.0  6.1491e-06
769.2  6.1826e-06
769.4  6.1986e-06
769.6  6.2479e-06
769.8  6.2941e-06
770.0  6.2981e-06
770.2  6.3129e-06
770.4  6.3229e-06
770.6  6.2874e-06
770.8  6.2382e-06
771.0  6.1529e-06
771.2  6.0214e-06
771.4  5.8898e-06
771.6  5.7530e-06
771.8  5.6022e-06
772.0  5.4592e-06
772.2  5.3366e-06
772.4  5.2427e-06
772.6  5.1688e-06
772.8  5.0977e-06
773.0  4.9848e-06
773.2  4.8633e-06
773.4  4.6661e-06
773.6  4.4478e-06
773.8  4.2395e-06
774.0  4.0466e-06
774.2  3.8115e-06
774.4  3.5579e-06
774.6  3.3466e-06
774.8  3.1389e-06
775.0  2.9388e-06
775.2  2.7340e-06
775.4  2.5173e-06
775.6  2.2825e-06
775.8  2.0921e-06
776.0  1.9415e-06
776.2  1.8238e-06
776.4  1.7550e-06
776.6  1.6982e-06
776.8  1.6392e-06
777.0  1.5729e-06
777.2  1.5123e-06
777.4  1.4485e-06
777.6  1.3754e-06
777.8  1.2774e-06
778.0  1.1783e-06
778.2  1.1076e-06
778.4  1.0634e-06
778.6  1.0410e-06
778.8  1.0031e-06
779.0  9.5626e-07
779.2  9.3687e-07
779.4  9.3571e-07
779.6  9.2967e-07
779.8  9.2358e-07
780.0  9.3929e-07
780.2  9.8142e-07
780.4  9.8835e-07
780.6  9.8139e-07
780.8  9.4786e-07
781.0  9.2128e-07
781.2  9.3006e-07
781.4  9.3981e-07
781.6  9.4790e-07
781.8  9.6891e-07
782.0  1.0214e-06
782.2  1.0674e-06
782.4  1.0768e-06
782.6  1.0727e-06
782.8  1.0474e-06
783.0  1.0428e-06
783.2  1.0434e-06
783.4  1.0440e-06
783.6  1.0448e-06
783.8  1.0737e-06
784.0  1.1007e-06
784.2  1.1114e-06
784.4  1.1035e-06
784.6  1.0693e-06
784.8  1.0408e-06
785.0  1.0326e-06
785.2  1.0331e-06
785.4  1.0386e-06
785.6  1.0557e-06
785.8  1.0915e-06
786.0  1.1286e-06
786.2  1.1303e-06
786.4  1.1261e-06
786.6  1.1087e-06
786.8  1.1098e-06
787.0  1.1154e-06
787.2  1.1248e-06
787.4  1.1282e-06
787.6  1.1214e-06
787.8  1.1314e-06
788.0  1.1358e-06
788.2  1.1173e-06
788.4  1.0785e-06
788.6  1.0347e-06
788.8  1.0155e-06
789.0  1.0312e-06
789.2  1.0343e-06
789.4  1.0503e-06
789.6  1.0881e-06
789.8  1.1343e-06
790.0  1.1436e-06
790.2  1.1406e-06
790.4  1.1253e-06
790.6  1.1411e-06
790.8  1.1577e-06
791.0  1.1537e-06
791.2  1.1430e-06
791.4  1.1254e-06
791.6  1.1581e-06
791.8  1.1591e-06
792.0  1.1399e-06
792.2  1.0940e-06
792.4  1.0750e-06
792.6  1.0970e-06
792.8  1.1194e-06
793.0  1.1316e-06
793.2  1.1724e-06
793.4  1.2356e-06
793.6  1.2819e-06
793.8  1.2869e-06
794.0  1.2815e-06
794.2  1.2678e-06
794.4  1.2640e-06
794.6  1.2641e-06
794.8  1.2532e-06
795.0  1.2359e-06
795.2  1.2607e-06
795.4  1.2863e-06
795.6  1.2847e-06
795.8  1.2727e-06
796.0  1.2571e-06
796.2  1.2834e-06
796.4  1.3069e-06
796.6  1.3251e-06
796.8  1.3424e-06
797.0  1.3880e-06
797.2  1.4401e-06
797.4  1.4537e-06
797.6  1.4534e-06
797.8  1.4080e-06
798.0  1.3788e-06
798.2  1.3897e-06
798.4  1.4023e-06
798.6  1.4073e-06
798.8  1.4333e-06
799.0  1.5022e-06
799.2  1.5181e-06
799.4  1.5150e-06
799.6  1.5074e-06
799.8  1.4894e-06
800.0  1.4967e-06
800.2  1.5062e-06
800.4  1.5075e-06
800.6  1.5112e-06
800.8  1.5470e-06
801.0  1.5465e-06
801.2  1.5319e-06
801.4  1.4945e-06
801.6  1.4649e-06
801.8  1.4842e-06
802.0  1.5074e-06
802.2  1.5220e-06
802.4  1.5586e-06
802.6  1.6287e-06
802.8  1.6342e-06
803.0  1.6286e-06
803.2  1.6060e-06
803.4  1.5780e-06
803.6  1.5685e-06
803.8  1.5679e-06
804.0  1.5702e-06
804.2  1.5545e-06
804.4  1.5871e-06
804.6  1.5882e-06
804.8  1.5816e-06
805.0  1.5730e-06
805.2  1.5820e-06
805.4  1.6094e-06
805.6  1.6533e-06
805.8  1.6909e-06
806.0  1.7274e-06
806.2  1.7713e-06
806.4  1.7713e-06
806.6  1.7424e-06
806.8  1.7131e-06
807.0  1.6730e-06
807.2  1.6686e-06
807.4  1.6552e-06
807.6  1.6558e-06
807.8  1.6872e-06
808.0  1.7397e-06
808.2  1.7460e-06
808.4  1.7559e-06
808.6  1.7571e-06
808.8  1.7907e-06
809.0  1.8340e-06
809.2  1.8631e-06
809.4  1.8741e-06
809.6  1.9183e-06
809.8  1.9554e-06
810.0  1.9479e-06
810.2  1.9503e-06
810.4  1.9297e-06
810.6  1.9044e-06
810.8  1.9011e-06
811.0  1.9138e-06
811.2  1.9207e-06
811.4  1.9621e-06
811.6  1.9647e-06
811.8  1.9714e-06
812.0  1.9743e-06
812.2  2.0109e-06
812.4  2.0648e-06
812.6  2.1166e-06
812.8  2.1734e-06
813.0  2.2323e-06
813.2  2.2941e-06
813.4  2.2930e-06
813.6  2.2395e-06
813.8  2.2247e-06
814.0  2.1643e-06
814.2  2.1314e-06
814.4  2.0988e-06
814.6  2.0677e-06
814.8  2.1221e-06
815.0  2.1672e-06
815.2  2.2131e-06
815.4  2.2540e-06
815.6  2.3022e-06
815.8  2.3708e-06
816.0  2.4438e-06
816.2  2.5065e-06
816.4  2.5159e-06
816.6  2.5596e-06
816.8  2.5569e-06
817.0  2.4738e-06
817.2  2.4443e-06
817.4  2.3846e-06
817.6  2.3568e-06
817.8  2.3497e-06
818.0  2.3733e-06
818.2  2.4563e-06
818.4  2.4882e-06
818.6  2.5514e-06
818.8  2.5658e-06
819.0  2.6120e-06
819.2  2.6332e-06
819.4  2.6320e-06
819.6  2.6538e-06
819.8  2.6760e-06
820.0  2.7041e-06
820.2  2.6842e-06
820.4  2.6443e-06
820.6  2.6182e-06
820.8  2.6527e-06
821.0  2.6737e-06
821.2  2.6991e-06
821.4  2.7223e-06
821.6  2.7852e-06
821.8  2.8135e-06
822.0  2.9039e-06
822.2  2.9016e-06
822.4  2.9074e-06
822.6  2.9195e-06
822.8  2.9430e-06
823.0  2.9776e-06
823.2  3.0181e-06
823.4  3.0187e-06
823.6  3.0017e-06
823.8  3.0036e-06
824.0  2.9900e-06
824.2  2.9998e-06
824.4  3.0107e-06
824.6  3.0482e-06
824.8  3.1087e-06
825.0  3.1079e-06
825.2  3.1525e-06
825.4  3.1608e-06
825.6  3.1607e-06
825.8  3.1856e-06
826.0  3.2315e-06
826.2  3.3010e-06
826.4  3.3909e-06
826.6  3.4157e-06
826.8  3.4366e-06
827.0  3.4525e-06
827.2  3.4510e-06
827.4  3.4909e-06
827.6  3.4909e-06
827.8  3.4369e-06
828.0  3.4088e-06
828.2  3.3847e-06
828.4  3.4011e-06
828.6  3.4477e-06
828.8  3.5431e-06
829.0  3.5971e-06
829.2  3.7163e-06
829.4  3.7911e-06
829.6  3.8702e-06
829.8  3.8852e-06
830.0  3.9482e-06
830.2  3.9571e-06
830.4  3.8973e-06
830.6  3.8529e-06
830.8  3.8065e-06
831.0  3.7527e-06
831.2  3.7264e-06
831.4  3.8098e-06
831.6  3.8351e-06
831.8  3.9302e-06
832.0  4.0059e-06
832.2  4.0791e-06
832.4  4.1691e-06
832.6  4.2931e-06
832.8  4.3422e-06
833.0  4.3256e-06
833.2  4.3069e-06
833.4  4.2630e-06
833.6  4.1802e-06
833.8  4.1563e-06
834.0  4.1573e-06
834.2  4.1360e-06
834.4  4.2245e-06
834.6  4.3148e-06
834.8  4.4171e-06
835.0  4.5758e-06
835.2  4.6664e-06
835.4  4.6846e-06
835.6  4.7323e-06
835.8  4.7356e-06
836.0  4.7157e-06
836.2  4.6386e-06
836.4  4.6490e-06
836.6  4.6392e-06
836.8  4.6104e-06
837.0  4.6155e-06
837.2  4.6324e-06
837.4  4.7529e-06
837.6  4.8375e-06
837.8  4.8591e-06
838.0  4.9110e-06
838.2  4.9224e-06
838.4  4.9265e-06
838.6  5.0146e-06
838.8  5.1018e-06
839.0  5.0931e-06
839.2  5.1591e-06
839.4  5.1815e-06
839.6  5.2267e-06
839.8  5.3058e-06
840.0  5.3204e-06
840.2  5.3069e-06
840.4  5.3260e-06
840.6  5.3260e-06
840.8  5.3662e-06
841.0  5.4237e-06
841.2  5.4627e-06
841.4  5.5377e-06
841.6  5.6460e-06
841.8  5.7031e-06
842.0  5.7856e-06
842.2  5.8040e-06
842.4  5.7707e-06
842.6  5.7198e-06
842.8  5.6687e-06
843.0  5.6423e-06
843.2  5.6781e-06
843.4  5.6962e-06
843.6  5.7913e-06
843.8  5.9304e-06
844.0  6.0743e-06
844.2  6.2295e-06
844.4  6.3726e-06
844.6  6.3696e-06
844.8  6.3537e-06
845.0  6.3996e-06
845.2  6.3873e-06
845.4  6.3418e-06
845.6  6.2901e-06
845.8  6.2909e-06
846.0  6.3618e-06
846.2  6.4955e-06
846.4  6.5658e-06
846.6  6.5828e-06
846.8  6.6608e-06
847.0  6.8073e-06
847.2  6.9393e-06
847.4  6.9423e-06
847.6  6.8986e-06
847.8  6.8693e-06
848.0  6.8723e-06
848.2  6.8966e-06
848.4  6.9113e-06
848.6  6.9257e-06
848.8  6.8516e-06
849.0  6.9844e-06
849.2  7.0414e-06
849.4  7.0583e-06
849.6  7.0807e-06
849.8  7.2495e-06
850.0  7.3199e-06
850.2  7.3560e-06
850.4  7.3464e-06
850.6  7.3088e-06
850.8  7.1641e-06
851.0  7.1842e-06
851.2  7.2356e-06
851.4  7.2040e-06
851.6  7.1908e-06
851.8  7.3650e-06
852.0  7.4400e-06
852.2  7.5554e-06
852.4  7.6804e-06
852.6  7.6712e-06
852.8  7.6108e-06
853.0  7.6111e-06
853.2  7.5478e-06
853.4  7.3767e-06
853.6  7.3415e-06
853.8  7.3641e-06
854.0  7.3148e-06
854.2  7.4376e-06
854.4  7.5434e-06
854.6  7.6340e-06
854.8  7.8104e-06
855.0  7.9283e-06
855.2  7.9321e-06
855.4  7.9056e-06
855.6  7.9173e-06
855.8  7.8561e-06
856.0  7.7650e-06
856.2  7.8341e-06
856.4  7.8272e-06
856.6  7.8350e-06
856.8  7.9585e-06
857.0  8.0225e-06
857.2  8.2346e-06
857.4  8.3749e-06
857.6  8.3925e-06
857.8  8.3837e-06
858.0  8.4400e-06
858.2  8.3976e-06
858.4  8.3568e-06
858.6  8.4128e-06
858.8  8.4080e-06
859.0  8.4068e-06
859.2  8.5186e-06
859.4  8.6924e-06
859.6  8.9374e-06
859.8  8.9688e-06
860.0  8.9752e-06
860.2  9.0182e-06
860.4  9.0528e-06
860.6  9.0589e-06
860.8  9.1458e-06
861.0  9.1467e-06
861.2  8.9980e-06
861.4  9.1106e-06
861.6  9.1952e-06
861.8  9.4353e-06
862.0  9.5786e-06
862.2  9.5923e-06
862.4  9.5732e-06
862.6  9.7582e-06
862.8  9.8184e-06
863.0  9.9241e-06
863.2  9.9299e-06
863.4  9.8713e-06
863.6  9.9625e-06
863.8  1.0150e-05
864.0  1.0387e-05
864.2  1.0394e-05
864.4  1.0351e-05
864.6  1.0317e-05
864.8  1.0435e-05
865.0  1.0517e-05
865.2  1.0565e-05
865.4  1.0532e-05
865.6  1.0405e-05
865.8  1.0542e-05
866.0  1.0749e-05
866.2  1.0846e-05
866.4  1.0836e-05
866.6  1.0655e-05
866.8  1.0488e-05
867.0  1.0555e-05
867.2  1.0562e-05
867.4  1.0459e-05
867.6  1.0236e-05
867.8  1.0076e-05
868.0  1.0360e-05
868.2  1.0427e-05
868.4  1.0386e-05
868.6  1.0276e-05
868.8  1.0222e-05
869.0  1.0423e-05
869.2  1.0435e-05
869.4  1.0307e-05
869.6  1.0007e-05
869.8  9.8162e-06
870.0  9.8712e-06
870.2  9.8527e-06
870.4  9.6879e-06
870.6  9.3897e-06
870.8  9.2298e-06
871.0  9.3057e-06
871.2  9.2532e-06
871.4  9.0892e-06
871.6  9.0105e-06
871.8  9.0481e-06
872.0  9.0371e-06
872.2  9.0174e-06
872.4  8.8945e-06
872.6  8.7730e-06
872.8  8.7508e-06
873.0  8.6756e-06
873.2  8.4964e-06
873.4  8.5826e-06
873.6  8.6055e-06
873.8  8.6145e-06
874.0  8.6138e-06
874.2  8.7604e-06
874.4  8.8143e-06
874.6  8.8820e-06
874.8  8.8548e-06
875.0  8.7139e-06
875.2  8.7624e-06
875.4  8.6773e-06
875.6  8.6531e-06
875.8  8.5495e-06
876.0  8.6290e-06
876.2  8.6534e-06
876.4  8.6527e-06
876.6  8.7030e-06
876.8  8.8196e-06
877.0  8.8583e-06
877.2  8.8654e-06
877.4  8.8824e-06
877.6  8.9963e-06
877.8  9.0301e-06
878.0  9.1171e-06
878.2  9.1057e-06
878.4  9.2066e-06
878.6  9.2532e-06
878.8  9.2665e-06
879.0  9.3454e-06
879.2  9.5191e-06
879.4  9.6036e-06
879.6  9.6696e-06
879.8  9.7913e-06
880.0  9.8484e-06
880.2  9.9642e-06
880.4  1.0066e-05
880.6  1.0063e-05
880.8  1.0072e-05
881.0  1.0156e-05
881.2  1.0156e-05
881.4  1.0156e-05
881.6  1.0207e-05
881.8  1.0183e-05
882.0  1.0348e-05
882.2  1.0393e-05
882.4  1.0434e-05
882.6  1.0592e-05
882.8  1.0589e-05
883.0  1.0670e-05
883.2  1.0927e-05
883.4  1.0925e-05
883.6  1.0822e-05
883.8  1.0901e-05
884.0  1.0897e-05
884.2  1.0990e-05
884.4  1.1014e-05
884.6  1.0961e-05
884.8  1.0881e-05
885.0  1.0891e-05
885.2  1.0854e-05
885.4  1.0711e-05
885.6  1.0608e-05
885.8  1.0350e-05
886.0  1.0152e-05
886.2  9.9017e-06
886.4  9.5912e-06
886.6  9.2695e-06
886.8  9.0586e-06
887.0  8.9356e-06
887.2  8.7362e-06
887.4  8.5659e-06
887.6  8.3736e-06
887.8  8.3158e-06
888.0  8.2259e-06
888.2  8.1753e-06
888.4  7.8892e-06
888.6  7.6520e-06
888.8  7.4214e-06
889.0  7.1631e-06
889.2  6.8650e-06
889.4  6.4510e-06
889.6  5.9552e-06
889.8  5.5660e-06
890.0  5.2745e-06
890.2  5.0518e-06
890.4  4.7878e-06
890.6  4.5788e-06
890.8  4.3717e-06
891.0  4.2183e-06
891.2  4.0623e-06
891.4  3.8109e-06
891.6  3.4707e-06
891.8  3.1404e-06
892.0  2.8769e-06
892.2  2.6716e-06
892.4  2.5234e-06
892.6  2.4745e-06
892.8  2.4580e-06
893.0  2.4426e-06
893.2  2.4357e-06
893.4  2.4070e-06
893.6  2.3288e-06
893.8  2.1976e-06
894.0  1.9781e-06
894.2  1.7075e-06
894.4  1.4823e-06
894.6  1.2709e-06
894.8  1.0836e-06
895.0  9.1583e-07
895.2  7.8700e-07
895.4  7.2812e-07
895.6  7.8067e-07
895.8  8.5703e-07
896.0  9.4536e-07
896.2  1.0252e-06
896.4  1.1215e-06
896.6  1.1982e-06
896.8  1.2224e-06
897.0  1.2288e-06
897.2  1.2079e-06
897.4  1.1509e-06
897.6  1.0766e-06
897.8  1.0110e-06
898.0  9.4992e-07
898.2  8.8484e-07
898.4  8.4506e-07
898.6  8.5620e-07
898.8  8.8503e-07
899.0  9.1636e-07
899.2  9.3710e-07
899.4  9.4875e-07
899.6  9.6281e-07
899.8  9.6754e-07
900.0  9.5482e-07
900.2  9.2852e-07
900.4  8.9216e-07
900.6  8.6082e-07
900.8  8.4052e-07
901.0  8.7484e-07
901.2  9.2072e-07
901.4  1.0014e-06
901.6  1.0944e-06
901.8  1.1867e-06
902.0  1.2616e-06
902.2  1.2979e-06
902.4  1.2996e-06
902.6  1.2841e-06
902.8  1.2176e-06
903.0  1.1494e-06
903.2  1.0593e-06
903.4  9.7754e-07
903.6  9.2716e-07
903.8  9.2754e-07
904.0  9.7467e-07
904.2  1.0312e-06
904.4  1.0745e-06
904.6  1.1160e-06
904.8  1.1330e-06
905.0  1.1329e-06
905.2  1.1222e-06
905.4  1.0916e-06
905.6  1.0534e-06
905.8  1.0118e-06
906.0  9.7157e-07
906.2  9.5340e-07
906.4  9.8516e-07
906.6  1.0390e-06
906.8  1.1201e-06
907.0  1.2077e-06
907.2  1.3124e-06
907.4  1.3965e-06
907.6  1.4635e-06
907.8  1.4977e-06
908.0  1.4957e-06
908.2  1.4316e-06
908.4  1.3731e-06
908.6  1.2900e-06
908.8  1.1961e-06
909.0  1.1134e-06
909.2  1.0565e-06
909.4  1.0525e-06
909.6  1.0918e-06
909.8  1.1361e-06
910.0  1.1916e-06
910.2  1.2409e-06
910.4  1.2741e-06
910.6  1.2849e-06
910.8  1.2784e-06
911.0  1.2498e-06
911.2  1.2171e-06
911.4  1.2011e-06
911.6  1.1731e-06
911.8  1.2058e-06
912.0  1.2535e-06
912.2  1.3305e-06
912.4  1.4307e-06
912.6  1.5104e-06
912.8  1.5673e-06
913.0  1.6023e-06
913.2  1.6045e-06
913.4  1.5674e-06
913.6  1.4819e-06
913.8  1.4119e-06
914.0  1.3254e-06
914.2  1.2546e-06
914.4  1.2333e-06
914.6  1.2596e-06
914.8  1.3282e-06
915.0  1.3801e-06
915.2  1.4245e-06
915.4  1.4530e-06
915.6  1.4531e-06
915.8  1.4356e-06
916.0  1.3821e-06
916.2  1.2995e-06
916.4  1.2299e-06
916.6  1.1573e-06
916.8  1.1101e-06
917.0  1.1204e-06
917.2  1.1866e-06
917.4  1.3027e-06
917.6  1.4411e-06
917.8  1.5807e-06
918.0  1.6971e-06
918.2  1.7458e-06
918.4  1.7743e-06
918.6  1.7743e-06
918.8  1.7238e-06
919.0  1.6494e-06
919.2  1.5230e-06
919.4  1.3882e-06
919.6  1.2744e-06
919.8  1.2103e-06
920.0  1.2020e-06
920.2  1.2523e-06
920.4  1.3049e-06
920.6  1.3586e-06
920.8  1.4067e-06
921.0  1.4385e-06
921.2  1.4386e-06
921.4  1.4004e-06
921.6  1.3434e-06
921.8  1.2688e-06
922.0  1.2277e-06
922.2  1.2453e-06
922.4  1.2973e-06
922.6  1.3801e-06
922.8  1.5085e-06
923.0  1.6506e-06
923.2  1.7488e-06
923.4  1.8003e-06
923.6  1.8149e-06
923.8  1.8126e-06
924.0  1.7400e-06
924.2  1.6668e-06
924.4  1.5619e-06
924.6  1.4574e-06
924.8  1.3645e-06
925.0  1.3186e-06
925.2  1.3414e-06
925.4  1.3999e-06
925.6  1.4515e-06
925.8  1.5027e-06
926.0  1.5388e-06
926.2  1.5630e-06
926.4  1.5630e-06
926.6  1.5164e-06
926.8  1.4680e-06
927.0  1.4226e-06
927.2  1.3905e-06
927.4  1.4175e-06
927.6  1.4869e-06
927.8  1.5852e-06
928.0  1.7282e-06
928.2  1.8569e-06
928.4  1.9494e-06
928.6  2.0016e-06
928.8  2.0203e-06
929.0  2.0111e-06
929.2  1.9144e-06
929.4  1.8154e-06
929.6  1.6888e-06
929.8  1.5812e-06
930.0  1.5130e-06
930.2  1.5172e-06
930.4  1.5927e-06
930.6  1.6888e-06
930.8  1.7599e-06
931.0  1.8009e-06
931.2  1.8162e-06
931.4  1.8161e-06
931.6  1.7657e-06
931.8  1.6676e-06
932.0  1.5771e-06
932.2  1.5053e-06
932.4  1.4775e-06
932.6  1.5622e-06
932.8  1.6673e-06
933.0  1.8433e-06
933.2  2.0336e-06
933.4  2.1836e-06
933.6  2.2784e-06
933.8  2.3494e-06
934.0  2.3551e-06
934.2  2.3080e-06
934.4  2.2036e-06
934.6  2.0705e-06
934.8  1.9051e-06
935.0  1.7754e-06
935.2  1.6928e-06
935.4  1.6636e-06
935.6  1.7335e-06
935.8  1.8313e-06
936.0  1.9255e-06
936.2  1.9624e-06
936.4  1.9716e-06
936.6  1.9643e-06
936.8  1.8983e-06
937.0  1.8285e-06
937.2  1.7378e-06
937.4  1.6849e-06
937.6  1.7265e-06
937.8  1.8288e-06
938.0  1.9727e-06
938.2  2.1434e-06
938.4  2.2885e-06
938.6  2.3983e-06
938.8  2.4367e-06
939.0  2.4379e-06
939.2  2.3498e-06
939.4  2.2019e-06
939.6  2.0584e-06
939.8  1.8839e-06
940.0  1.7328e-06
940.2  1.6374e-06
940.4  1.6128e-06
940.6  1.7067e-06
940.8  1.8163e-06
941.0  1.9134e-06
941.2  1.9745e-06
941.4  1.9784e-06
941.6  1.9573e-06
941.8  1.8604e-06
942.0  1.7683e-06
942.2  1.6728e-06
942.4  1.5847e-06
942.6  1.5819e-06
942.8  1.6645e-06
943.0  1.8475e-06
943.2  2.0523e-06
943.4  2.1948e-06
943.6  2.2975e-06
943.8  2.3585e-06
944.0  2.3584e-06
944.2  2.2576e-06
944.4  2.1425e-06
944.6  2.0088e-06
944.8  1.8456e-06
945.0  1.7155e-06
945.2  1.6322e-06
945.4  1.6416e-06
945.6  1.7353e-06
945.8  1.7759e-06
946.0  1.8095e-06
946.2  1.8279e-06
946.4  1.8284e-06
946.6  1.7820e-06
946.8  1.7011e-06
947.0  1.6216e-06
947.2  1.5361e-06
947.4  1.5781e-06
947.6  1.7035e-06
947.8  1.8622e-06
948.0  2.0752e-06
948.2  2.2428e-06
948.4  2.3944e-06
948.6  2.5134e-06
948.8  2.5418e-06
949.0  2.4915e-06
949.2  2.3482e-06
949.4  2.2009e-06
949.6  1.9984e-06
949.8  1.8281e-06
950.0  1.7332e-06
950.2  1.6711e-06
950.4  1.7337e-06
950.6  1.8315e-06
950.8  1.9292e-06
951.0  2.0089e-06
951.2  2.0342e-06
951.4  2.0109e-06
951.6  1.9471e-06
951.8  1.8946e-06
952.0  1.8201e-06
952.2  1.8330e-06
952.4  1.9161e-06
952.6  2.0541e-06
952.8  2.2727e-06
953.0  2.4485e-06
953.2  2.5988e-06
953.4  2.7315e-06
953.6  2.7613e-06
953.8  2.6945e-06
954.0  2.5518e-06
954.2  2.4010e-06
954.4  2.1986e-06
954.6  2.0265e-06
954.8  1.9410e-06
955.0  1.8710e-06
955.2  1.9762e-06
955.4  2.0657e-06
955.6  2.1450e-06
955.8  2.2158e-06
956.0  2.2239e-06
956.2  2.1867e-06
956.4  2.1365e-06
956.6  2.0773e-06
956.8  2.0104e-06
957.0  2.1025e-06
957.2  2.2251e-06
957.4  2.4153e-06
957.6  2.6361e-06
957.8  2.8022e-06
958.0  2.9449e-06
958.2  3.0287e-06
958.4  3.0270e-06
958.6  2.8802e-06
958.8  2.7179e-06
959.0  2.5137e-06
959.2  2.2957e-06
959.4  2.1725e-06
959.6  2.1062e-06
959.8  2.1429e-06
960.0  2.2648e-06
960.2  2.3737e-06
960.4  2.4863e-06
960.6  2.5058e-06
960.8  2.4852e-06
961.0  2.4181e-06
961.2  2.3359e-06
961.4  2.2169e-06
961.6  2.1984e-06
961.8  2.2694e-06
962.0  2.4144e-06
962.2  2.6068e-06
962.4  2.7795e-06
962.6  2.9347e-06
962.8  3.0708e-06
963.0  3.0762e-06
963.2  2.9616e-06
963.4  2.8061e-06
963.6  2.6050e-06
963.8  2.3532e-06
964.0  2.2016e-06
964.2  2.0760e-06
964.4  2.0098e-06
964.6  2.0855e-06
964.8  2.1556e-06
965.0  2.2534e-06
965.2  2.2763e-06
965.4  2.2532e-06
965.6  2.2080e-06
965.8  2.1600e-06
966.0  2.0408e-06
966.2  2.0754e-06
966.4  2.1586e-06
966.6  2.3341e-06
966.8  2.5280e-06
967.0  2.7165e-06
967.2  2.8579e-06
967.4  2.9281e-06
967.6  2.9083e-06
967.8  2.7742e-06
968.0  2.6370e-06
968.2  2.4041e-06
968.4  2.1788e-06
968.6  1.9989e-06
968.8  1.8610e-06
969.0  1.8670e-06
969.2  1.9364e-06
969.4  1.9962e-06
969.6  2.0656e-06
969.8  2.0650e-06
970.0  2.0383e-06
970.2  2.0026e-06
970.4  1.9759e-06
970.6  2.0219e-06
970.8  2.0972e-06
971.0  2.2551e-06
971.2  2.4594e-06
971.4  2.6621e-06
971.6  2.8045e-06
971.8  2.8722e-06
972.0  2.8680e-06
972.2  2.7369e-06
972.4  2.5778e-06
972.6  2.3907e-06
972.8  2.1619e-06
973.0  1.9963e-06
973.2  1.8650e-06
973.4  1.8929e-06
973.6  1.9983e-06
973.8  2.0780e-06
974.0  2.1396e-06
974.2  2.1511e-06
974.4  2.1340e-06
974.6  2.1132e-06
974.8  2.1230e-06
975.0  2.2016e-06
975.2  2.3092e-06
975.4  2.5144e-06
975.6  2.7138e-06
975.8  2.9270e-06
976.0  3.0637e-06
976.2  3.0854e-06
976.4  3.0631e-06
976.6  2.9190e-06
976.8  2.7618e-06
977.0  2.5425e-06
977.2  2.3307e-06
977.4  2.1596e-06
977.6  2.0531e-06
977.8  2.0984e-06
978.0  2.1862e-06
978.2  2.2277e-06
978.4  2.2745e-06
978.6  2.2721e-06
978.8  2.2901e-06
979.0  2.3164e-06
979.2  2.3892e-06
979.4  2.4863e-06
979.6  2.6854e-06
979.8  2.8908e-06
980.0  3.1081e-06
980.2  3.2604e-06
980.4  3.2848e-06
980.6  3.2685e-06
980.8  3.1565e-06
981.0  3.0130e-06
981.2  2.8253e-06
981.4  2.6052e-06
981.6  2.4360e-06
981.8  2.3062e-06
982.0  2.2877e-06
982.2  2.3802e-06
982.4  2.4065e-06
982.6  2.4554e-06
982.8  2.4559e-06
983.0  2.5288e-06
983.2  2.5935e-06
983.4  2.7062e-06
983.6  2.8284e-06
983.8  3.0502e-06
984.0  3.2447e-06
984.2  3.4610e-06
984.4  3.5313e-06
984.6  3.5324e-06
984.8  3.4754e-06
985.0  3.3239e-06
985.2  3.2005e-06
985.4  2.9603e-06
985.6  2.7268e-06
985.8  2.5336e-06
986.0  2.4255e-06
986.2  2.4558e-06
986.4  2.5063e-06
986.6  2.5239e-06
986.8  2.5553e-06
987.0  2.6582e-06
987.2  2.7489e-06
987.4  2.8522e-06
987.6  2.9560e-06
987.8  3.1456e-06
988.0  3.3144e-06
988.2  3.5208e-06
988.4  3.6181e-06
988.6  3.6228e-06
988.8  3.5503e-06
989.0  3.4510e-06
989.2  3.3165e-06
989.4  3.1126e-06
989.6  2.8705e-06
989.8  2.6699e-06
990.0  2.5167e-06
990.2  2.4766e-06
990.4  2.4979e-06
990.6  2.5026e-06
990.8  2.5764e-06
991.0  2.7240e-06
991.2  2.8404e-06
991.4  2.9802e-06
991.6  3.1383e-06
991.8  3.3287e-06
992.0  3.4848e-06
992.2  3.6709e-06
992.4  3.6707e-06
992.6  3.6296e-06
992.8  3.4488e-06
993.0  3.3430e-06
993.2  3.2124e-06
993.4  2.9249e-06
993.6  2.7021e-06
993.8  2.5280e-06
994.0  2.4163e-06
994.2  2.4467e-06
994.4  2.4425e-06
994.6  2.4854e-06
994.8  2.6737e-06
995.0  2.8418e-06
995.2  2.9497e-06
995.4  3.1478e-06
995.6  3.3611e-06
995.8  3.5354e-06
996.0  3.7484e-06
996.2  3.7586e-06
996.4  3.7203e-06
996.6  3.5704e-06
996.8  3.5221e-06
997.0  3.3940e-06
997.2  3.0976e-06
997.4  2.8456e-06
997.6  2.6660e-06
997.8  2.5202e-06
998.0  2.5277e-06
998.2  2.5120e-06
998.4  2.6480e-06
998.6  2.9047e-06
998.8  3.0746e-06
999.0  3.2357e-06
999.2  3.5099e-06
999.4  3.6829e-06
999.6  3.8681e-06
999.8  3.9304e-06
1000.0  3.9146e-06
1000.2  3.7405e-06
1000.4  3.6219e-06
1000.6  3.5485e-06
1000.8  3.3281e-06
1001.0  3.0386e-06
1001.2  2.8649e-06
1001.4  2.7184e-06
1001.6  2.7098e-06
1001.8  2.7065e-06
1002.0  2.8251e-06
1002.2  3.0954e-06
1002.4  3.2830e-06
1002.6  3.4298e-06
1002.8  3.7125e-06
1003.0  3.9199e-06
1003.2  4.0850e-06
1003.4  4.1428e-06
1003.6  4.1376e-06
1003.8  3.9559e-06
1004.0  3.8907e-06
1004.2  3.8278e-06
1004.4  3.5989e-06
1004.6  3.3078e-06
1004.8  3.1497e-06
1005.0  3.0068e-06
1005.2  3.0050e-06
1005.4  3.0178e-06
1005.6  3.2395e-06
1005.8  3.4984e-06
1006.0  3.6756e-06
1006.2  3.8967e-06
1006.4  4.1528e-06
1006.6  4.3209e-06
1006.8  4.3856e-06
1007.0  4.3981e-06
1007.2  4.2274e-06
1007.4  4.0854e-06
1007.6  4.0124e-06
1007.8  3.8454e-06
1008.0  3.5240e-06
1008.2  3.3090e-06
1008.4  3.2020e-06
1008.6  3.2068e-06
1008.8  3.2879e-06
1009.0  3.4726e-06
1009.2  3.7170e-06
1009.4  3.8940e-06
1009.6  4.1519e-06
1009.8  4.3723e-06
1010.0  4.4567e-06
1010.2  4.5362e-06
1010.4  4.5063e-06
1010.6  4.3444e-06
1010.8  4.2243e-06
1011.0  4.1452e-06
1011.2  3.9513e-06
1011.4  3.6980e-06
1011.6  3.5231e-06
1011.8  3.5213e-06
1012.0  3.6339e-06
1012.2  3.8041e-06
1012.4  3.9880e-06
1012.6  4.2163e-06
1012.8  4.4780e-06
1013.0  4.6701e-06
1013.2  4.7444e-06
1013.4  4.7720e-06
1013.6  4.7392e-06
1013.8  4.5730e-06
1014.0  4.4057e-06
1014.2  4.2722e-06
1014.4  4.1181e-06
1014.6  3.8765e-06
1014.8  3.7673e-06
1015.0  3.8166e-06
1015.2  3.9751e-06
1015.4  4.1388e-06
1015.6  4.2756e-06
1015.8  4.5144e-06
1016.0  4.7621e-06
1016.2  4.8511e-06
1016.4  4.9154e-06
1016.6  4.9139e-06
1016.8  4.7952e-06
1017.0  4.6327e-06
1017.2  4.4810e-06
1017.4  4.3731e-06
1017.6  4.1425e-06
1017.8  4.0492e-06
1018.0  4.0748e-06
1018.2  4.2539e-06
1018.4  4.4342e-06
1018.6  4.5852e-06
1018.8  4.8183e-06
1019.0  5.0257e-06
1019.2  5.1207e-06
1019.4  5.1791e-06
1019.6  5.1493e-06
1019.8  5.0473e-06
1020.0  4.8878e-06
1020.2  4.7657e-06
1020.4  4.6866e-06
1020.6  4.5167e-06
1020.8  4.4412e-06
1021.0  4.5185e-06
1021.2  4.6913e-06
1021.4  4.8619e-06
1021.6  5.0855e-06
1021.8  5.1529e-06
1022.0  5.2576e-06
1022.2  5.3040e-06
1022.4  5.2564e-06
1022.6  5.1848e-06
1022.8  5.0037e-06
1023.0  4.9634e-06
1023.2  4.9442e-06
1023.4  4.7828e-06
1023.6  4.7836e-06
1023.8  4.9010e-06
1024.0  5.0787e-06
1024.2  5.3156e-06
1024.4  5.4067e-06
1024.6  5.4148e-06
1024.8  5.4422e-06
1025.0  5.4001e-06
1025.2  5.3312e-06
1025.4  5.2137e-06
1025.6  5.2137e-06
1025.8  5.1702e-06
1026.0  5.1547e-06
1026.2  5.1383e-06
1026.4  5.2240e-06
1026.6  5.4773e-06
1026.8  5.6236e-06
1027.0  5.6342e-06
1027.2  5.7068e-06
1027.4  5.7097e-06
1027.6  5.5962e-06
1027.8  5.6935e-06
1028.0  5.6988e-06
1028.2  5.5978e-06
1028.4  5.5629e-06
1028.6  5.5603e-06
1028.8  5.5539e-06
1029.0  5.7583e-06
1029.2  5.7830e-06
1029.4  5.7083e-06
1029.6  5.7478e-06
1029.8  5.7189e-06
1030.0  5.7299e-06
1030.2  5.7919e-06
1030.4  5.7924e-06
1030.6  5.8311e-06
1030.8  5.9017e-06
1031.0  5.9653e-06
1031.2  6.1042e-06
1031.4  6.1036e-06
1031.6  6.0418e-06
1031.8  6.0480e-06
1032.0  6.0442e-06
1032.2  5.9858e-06
1032.4  5.9843e-06
1032.6  5.9416e-06
1032.8  6.0700e-06
1033.0  6.1974e-06
1033.2  6.2245e-06
1033.4  6.2157e-06
1033.6  6.1227e-06
1033.8  6.2419e-06
1034.0  6.3201e-06
1034.2  6.3213e-06
1034.4  6.2462e-06
1034.6  6.2829e-06
1034.8  6.4959e-06
1035.0  6.6892e-06
1035.2  6.7326e-06
1035.4  6.6021e-06
1035.6  6.4640e-06
1035.8  6.5864e-06
1036.0  6.5765e-06
1036.2  6.5228e-06
1036.4  6.4581e-06
1036.6  6.3985e-06
1036.8  6.6121e-06
1037.0  6.7502e-06
1037.2  6.7759e-06
1037.4  6.6871e-06
1037.6  6.7071e-06
1037.8  6.8373e-06
1038.0  6.9034e-06
1038.2  6.9038e-06
1038.4  6.8223e-06
1038.6  6.8206e-06
1038.8  6.9891e-06
1039.0  7.0645e-06
1039.2  6.9726e-06
1039.4  6.8502e-06
1039.6  6.9697e-06
1039.8  6.9984e-06
1040.0  6.9968e-06
1040.2  6.8820e-06
1040.4  6.8597e-06
1040.6  7.1464e-06
1040.8  7.1878e-06
1041.0  7.1173e-06
1041.2  7.0122e-06
1041.4  7.0959e-06
1041.6  7.1382e-06
1041.8  7.1825e-06
1042.0  7.1703e-06
1042.2  7.0021e-06
1042.4  7.0002e-06
1042.6  7.0047e-06
1042.8  6.9793e-06
1043.0  6.8517e-06
1043.2  6.7811e-06
1043.4  6.5658e-06
1043.6  6.3611e-06
1043.8  6.2470e-06
1044.0  6.1035e-06
1044.2  5.9221e-06
1044.4  5.7212e-06
1044.6  5.6233e-06
1044.8  5.5834e-06
1045.0  5.7110e-06
1045.2  5.7112e-06
1045.4  5.6000e-06
1045.6  5.5666e-06
1045.8  5.5536e-06
1046.0  5.4616e-06
1046.2  5.4206e-06
1046.4  5.3172e-06
1046.6  4.9912e-06
1046.8  4.7676e-06
1047.0  4.6946e-06
1047.2  4.5801e-06
1047.4  4.5314e-06
1047.6  4.4071e-06
1047.8  4.2581e-06
1048.0  4.1743e-06
1048.2  4.0811e-06
1048.4  3.8814e-06
1048.6  3.5877e-06
1048.8  3.3240e-06
1049.0  3.0987e-06
1049.2  2.9662e-06
1049.4  2.8363e-06
1049.6  2.7767e-06
1049.8  2.8392e-06
1050.0  2.9029e-06
1050.2  2.9097e-06
1050.4  2.8963e-06
1050.6  2.8254e-06
1050.8  2.7359e-06
1051.0  2.5846e-06
1051.2  2.4002e-06
1051.4  2.1857e-06
1051.6  2.0019e-06
1051.8  1.8566e-06
1052.0  1.7434e-06
1052.2  1.6522e-06
1052.4  1.5863e-06
1052.6  1.5401e-06
1052.8  1.5186e-06
1053.0  1.5156e-06
1053.2  1.5114e-06
1053.4  1.5050e-06
1053.6  1.4908e-06
1053.8  1.4669e-06
1054.0  1.4295e-06
1054.2  1.3617e-06
1054.4  1.2184e-06
1054.6  1.0629e-06
1054.8  9.0251e-07
1055.0  7.5584e-07
1055.2  6.2640e-07
1055.4  5.0975e-07
1055.6  4.1760e-07
1055.8  3.7275e-07
1056.0  3.5719e-07
1056.2  3.7361e-07
1056.4  3.9434e-07
1056.6  4.1875e-07
1056.8  4.6682e-07
1057.0  5.2312e-07
1057.2  5.8181e-07
1057.4  6.4031e-07
1057.6  6.7732e-07
1057.8  6.7677e-07
1058.0  6.7912e-07
1058.2  6.7929e-07
1058.4  6.6060e-07
1058.6  6.1722e-07
1058.8  5.7961e-07
1059.0  5.5188e-07
1059.2  5.1867e-07
1059.4  5.1497e-07
1059.6  5.0976e-07
1059.8  5.1477e-07
1060.0  5.3587e-07
1060.2  5.3579e-07
1060.4  5.2887e-07
1060.6  5.2494e-07
1060.8  5.2191e-07
1061.0  5.1803e-07
1061.2  5.1174e-07
1061.4  5.0221e-07
1061.6  4.6759e-07
1061.8  4.3971e-07
1062.0  4.1742e-07
1062.2  3.9521e-07
1062.4  3.7161e-07
1062.6  3.5367e-07
1062.8  3.4658e-07
1063.0  3.5175e-07
1063.2  3.6350e-07
1063.4  3.9390e-07
1063.6  4.4183e-07
1063.8  4.8768e-07
1064.0  5.4930e-07
1064.2  6.1181e-07
1064.4  6.7825e-07
1064.6  7.4260e-07
1064.8  7.7702e-07
1065.0  7.7842e-07
1065.2  7.5529e-07
1065.4  7.4027e-07
1065.6  7.0798e-07
1065.8  6.5450e-07
1066.0  6.0743e-07
1066.2  5.6666e-07
1066.4  5.4086e-07
1066.6  5.4701e-07
1066.8  5.4540e-07
1067.0  5.3824e-07
1067.2  5.5127e-07
1067.4  5.5267e-07
1067.6  5.4311e-07
1067.8  5.3419e-07
1068.0  5.2578e-07
1068.2  5.1218e-07
1068.4  5.0797e-07
1068.6  5.0703e-07
1068.8  4.7733e-07
1069.0  4.5325e-07
1069.2  4.3774e-07
1069.4  4.1344e-07
1069.6  4.0625e-07
1069.8  4.1418e-07
1070.0  4.3093e-07
1070.2  4.6256e-07
1070.4  4.8993e-07
1070.6  5.2795e-07
1070.8  5.8309e-07
1071.0  6.0729e-07
1071.2  6.3432e-07
1071.4  6.6835e-07
1071.6  7.0434e-07
1071.8  7.2726e-07
1072.0  7.4761e-07
1072.2  7.4730e-07
1072.4  7.1819e-07
1072.6  6.9399e-07
1072.8  6.8919e-07
1073.0  6.5171e-07
1073.2  6.1764e-07
1073.4  5.9387e-07
1073.6  5.7894e-07
1073.8  5.7889e-07
1074.0  5.7399e-07
1074.2  5.5865e-07
1074.4  5.4157e-07
1074.6  5.3751e-07
1074.8  5.1502e-07
1075.0  4.9284e-07
1075.2  4.7263e-07
1075.4  4.6078e-07
1075.6  4.6828e-07
1075.8  4.6833e-07
1076.0  4.7026e-07
1076.2  4.8084e-07
1076.4  4.8639e-07
1076.6  4.9798e-07
1076.8  5.0952e-07
1077.0  5.2020e-07
1077.2  5.2243e-07
1077.4  5.2099e-07
1077.6  5.0982e-07
1077.8  5.1389e-07
1078.0  5.2248e-07
1078.2  5.2707e-07
1078.4  5.5135e-07
1078.6  5.8915e-07
1078.8  6.4378e-07
1079.0  7.0485e-07
1079.2  7.3476e-07
1079.4  7.3102e-07
1079.6  7.3565e-07
1079.8  7.4079e-07
1080.0  7.2956e-07
1080.2  6.9221e-07
1080.4  6.5785e-07
1080.6  6.1952e-07
1080.8  5.8294e-07
1081.0  5.7200e-07
1081.2  5.3729e-07
1081.4  5.0080e-07
1081.6  4.9028e-07
1081.8  4.7705e-07
1082.0  4.7823e-07
1082.2  4.8822e-07
1082.4  5.1639e-07
1082.6  5.5859e-07
1082.8  5.7960e-07
1083.0  5.9586e-07
1083.2  6.0436e-07
1083.4  6.0445e-07
1083.6  5.8560e-07
1083.8  5.5979e-07
1084.0  5.4373e-07
1084.2  5.1121e-07
1084.4  4.8318e-07
1084.6  4.6142e-07
1084.8  4.6617e-07
1085.0  5.1049e-07
1085.2  5.4107e-07
1085.4  5.8621e-07
1085.6  6.5209e-07
1085.8  7.1183e-07
1086.0  7.7575e-07
1086.2  8.0496e-07
1086.4  8.0305e-07
1086.6  7.8288e-07
1086.8  7.6291e-07
1087.0  7.5038e-07
1087.2  6.8751e-07
1087.4  6.3676e-07
1087.6  5.9205e-07
1087.8  5.6489e-07
1088.0  5.6632e-07
1088.2  5.6809e-07
1088.4  5.8527e-07
1088.6  6.1979e-07
1088.8  6.3878e-07
1089.0  6.5985e-07
1089.2  6.6592e-07
1089.4  6.7296e-07
1089.6  6.8121e-07
1089.8  6.8290e-07
1090.0  6.7259e-07
1090.2  6.3427e-07
1090.4  6.1507e-07
1090.6  5.8302e-07
1090.8  5.5799e-07
1091.0  5.4146e-07
1091.2  5.2834e-07
1091.4  5.1045e-07
1091.6  5.0780e-07
1091.8  5.3087e-07
1092.0  5.5864e-07
1092.2  5.7385e-07
1092.4  6.0949e-07
1092.6  6.6096e-07
1092.8  7.1694e-07
1093.0  7.7033e-07
1093.2  7.8511e-07
1093.4  7.8766e-07
1093.6  8.1489e-07
1093.8  8.2907e-07
1094.0  8.2386e-07
1094.2  8.0979e-07
1094.4  8.0508e-07
1094.6  8.1105e-07
1094.8  8.1403e-07
1095.0  8.1034e-07
1095.2  7.9725e-07
1095.4  7.6804e-07
1095.6  7.6403e-07
1095.8  7.4014e-07
1096.0  7.0160e-07
1096.2  6.7086e-07
1096.4  6.5923e-07
1096.6  6.5662e-07
1096.8  6.4591e-07
1097.0  6.2898e-07
1097.2  6.0959e-07
1097.4  6.0456e-07
1097.6  5.9075e-07
1097.8  5.6808e-07
1098.0  5.3878e-07
1098.2  5.1426e-07
1098.4  4.9623e-07
1098.6  5.1366e-07
1098.8  5.4372e-07
1099.0  5.7671e-07
1099.2  6.4718e-07
1099.4  7.2907e-07
1099.6  8.2957e-07
1099.8  9.2112e-07
1100.0  9.7538e-07
1100.2  1.0184e-06
1100.4  1.0605e-06
1100.6  1.0809e-06
1100.8  1.0740e-06
1101.0  1.0343e-06
1101.2  9.9249e-07
1101.4  9.4875e-07
1101.6  9.0286e-07
1101.8  8.4097e-07
1102.0  7.9812e-07
1102.2  7.4888e-07
1102.4  7.3181e-07
1102.6  7.0268e-07
1102.8  6.8600e-07
1103.0  6.9328e-07
1103.2  7.0575e-07
1103.4  7.0168e-07
1103.6  6.9562e-07
1103.8  6.8050e-07
1104.0  6.7624e-07
1104.2  6.6336e-07
1104.4  6.3446e-07
1104.6  5.9663e-07
1104.8  5.7157e-07
1105.0  5.5801e-07
1105.2  5.8084e-07
1105.4  6.1577e-07
1105.6  6.9080e-07
1105.8  7.6599e-07
1106.0  8.6180e-07
1106.2  9.4544e-07
1106.4  1.0366e-06
1106.6  1.1068e-06
1106.8  1.1247e-06
1107.0  1.1320e-06
1107.2  1.1249e-06
1107.4  1.1210e-06
1107.6  1.0831e-06
1107.8  1.0380e-06
1108.0  9.9103e-07
1108.2  9.3889e-07
1108.4  8.7928e-07
1108.6  8.4573e-07
1108.8  8.2068e-07
1109.0  7.7735e-07
1109.2  7.4764e-07
1109.4  7.1240e-07
1109.6  6.9663e-07
1109.8  6.9968e-07
1110.0  6.9754e-07
1110.2  6.8865e-07
1110.4  6.9437e-07
1110.6  7.1905e-07
1110.8  7.1940e-07
1111.0  7.2010e-07
1111.2  7.3136e-07
1111.4  7.3821e-07
1111.6  7.3347e-07
1111.8  7.5357e-07
1112.0  7.8693e-07
1112.2  8.2746e-07
1112.4  8.6501e-07
1112.6  9.2015e-07
1112.8  9.8795e-07
1113.0  1.0703e-06
1113.2  1.1331e-06
1113.4  1.1396e-06
1113.6  1.1514e-06
1113.8  1.1645e-06
1114.0  1.1725e-06
1114.2  1.1465e-06
1114.4  1.0964e-06
1114.6  1.0374e-06
1114.8  9.6832e-07
1115.0  9.0355e-07
1115.2  8.7291e-07
1115.4  8.1638e-07
1115.6  7.8421e-07
1115.8  7.7155e-07
1116.0  7.6266e-07
1116.2  7.9142e-07
1116.4  8.3302e-07
1116.6  8.5439e-07
1116.8  8.6774e-07
1117.0  8.6769e-07
1117.2  8.7446e-07
1117.4  8.7388e-07
1117.6  8.5996e-07
1117.8  8.4459e-07
1118.0  8.0022e-07
1118.2  7.5686e-07
1118.4  7.7359e-07
1118.6  7.9484e-07
1118.8  8.2634e-07
1119.0  8.8487e-07
1119.2  9.6418e-07
1119.4  1.0481e-06
1119.6  1.1189e-06
1119.8  1.1396e-06
1120.0  1.1514e-06
1120.2  1.1836e-06
1120.4  1.1945e-06
1120.6  1.1901e-06
1120.8  1.1598e-06
1121.0  1.1262e-06
1121.2  1.0897e-06
1121.4  1.0448e-06
1121.6  1.0477e-06
1121.8  1.0330e-06
1122.0  1.0105e-06
1122.2  9.9059e-07
1122.4  9.6486e-07
1122.6  9.6437e-07
1122.8  9.7579e-07
1123.0  9.6882e-07
1123.2  9.3256e-07
1123.4  9.0396e-07
1123.6  8.8550e-07
1123.8  8.7766e-07
1124.0  8.4489e-07
1124.2  8.1939e-07
1124.4  7.8868e-07
1124.6  7.8538e-07
1124.8  8.0973e-07
1125.0  8.3201e-07
1125.2  8.8580e-07
1125.4  9.5703e-07
1125.6  1.0450e-06
1125.8  1.1485e-06
1126.0  1.2351e-06
1126.2  1.2611e-06
1126.4  1.3200e-06
1126.6  1.3800e-06
1126.8  1.4015e-06
1127.0  1.3963e-06
1127.2  1.3605e-06
1127.4  1.3224e-06
1127.6  1.2682e-06
1127.8  1.2247e-06
1128.0  1.1958e-06
1128.2  1.1180e-06
1128.4  1.0469e-06
1128.6  1.0078e-06
1128.8  9.7450e-07
1129.0  9.4184e-07
1129.2  9.3600e-07
1129.4  9.0482e-07
1129.6  8.7253e-07
1129.8  8.6061e-07
1130.0  8.5620e-07
1130.2  8.5109e-07
1130.4  8.5058e-07
1130.6  8.4127e-07
1130.8  8.8414e-07
1131.0  9.4935e-07
1131.2  1.0161e-06
1131.4  1.0854e-06
1131.6  1.1760e-06
1131.8  1.2580e-06
1132.0  1.3709e-06
1132.2  1.4481e-06
1132.4  1.4620e-06
1132.6  1.4939e-06
1132.8  1.5067e-06
1133.0  1.5080e-06
1133.2  1.4859e-06
1133.4  1.4415e-06
1133.6  1.3799e-06
1133.8  1.2912e-06
1134.0  1.2264e-06
1134.2  1.1637e-06
1134.4  1.0753e-06
1134.6  1.0091e-06
1134.8  9.8760e-07
1135.0  9.8213e-07
1135.2  9.9566e-07
1135.4  9.9928e-07
1135.6  1.0176e-06
1135.8  1.0671e-06
1136.0  1.0858e-06
1136.2  1.0897e-06
1136.4  1.0894e-06
1136.6  1.0648e-06
1136.8  1.0721e-06
1137.0  1.1296e-06
1137.2  1.1612e-06
1137.4  1.1647e-06
1137.6  1.1986e-06
1137.8  1.2662e-06
1138.0  1.3616e-06
1138.2  1.4166e-06
1138.4  1.4259e-06
1138.6  1.4053e-06
1138.8  1.4165e-06
1139.0  1.4478e-06
1139.2  1.4502e-06
1139.4  1.4283e-06
1139.6  1.4068e-06
1139.8  1.3420e-06
1140.0  1.3340e-06
1140.2  1.3318e-06
1140.4  1.3086e-06
1140.6  1.2684e-06
1140.8  1.2616e-06
1141.0  1.2329e-06
1141.2  1.2476e-06
1141.4  1.2491e-06
1141.6  1.2318e-06
1141.8  1.2322e-06
1142.0  1.2138e-06
1142.2  1.1927e-06
1142.4  1.1518e-06
1142.6  1.1260e-06
1142.8  1.0763e-06
1143.0  1.0713e-06
1143.2  1.0796e-06
1143.4  1.0995e-06
1143.6  1.1741e-06
1143.8  1.2604e-06
1144.0  1.3618e-06
1144.2  1.4372e-06
1144.4  1.4611e-06
1144.6  1.5251e-06
1144.8  1.5940e-06
1145.0  1.6430e-06
1145.2  1.6429e-06
1145.4  1.6202e-06
1145.6  1.6051e-06
1145.8  1.6072e-06
1146.0  1.6117e-06
1146.2  1.5691e-06
1146.4  1.4854e-06
1146.6  1.3999e-06
1146.8  1.3665e-06
1147.0  1.3092e-06
1147.2  1.2491e-06
1147.4  1.1701e-06
1147.6  1.1096e-06
1147.8  1.1124e-06
1148.0  1.1125e-06
1148.2  1.0831e-06
1148.4  1.0574e-06
1148.6  1.1010e-06
1148.8  1.1786e-06
1149.0  1.2234e-06
1149.2  1.2445e-06
1149.4  1.3200e-06
1149.6  1.4544e-06
1149.8  1.5789e-06
1150.0  1.6450e-06
1150.2  1.6482e-06
1150.4  1.6697e-06
1150.6  1.7094e-06
1150.8  1.7419e-06
1151.0  1.7406e-06
1151.2  1.6848e-06
1151.4  1.6085e-06
1151.6  1.5571e-06
1151.8  1.5637e-06
1152.0  1.5319e-06
1152.2  1.4568e-06
1152.4  1.3935e-06
1152.6  1.3682e-06
1152.8  1.3230e-06
1153.0  1.3059e-06
1153.2  1.2435e-06
1153.4  1.2022e-06
1153.6  1.2235e-06
1153.8  1.2268e-06
1154.0  1.2081e-06
1154.2  1.2366e-06
1154.4  1.2780e-06
1154.6  1.3370e-06
1154.8  1.3662e-06
1155.0  1.4031e-06
1155.2  1.5064e-06
1155.4  1.5963e-06
1155.6  1.6660e-06
1155.8  1.6736e-06
1156.0  1.7069e-06
1156.2  1.7343e-06
1156.4  1.7881e-06
1156.6  1.7971e-06
1156.8  1.7714e-06
1157.0  1.7075e-06
1157.2  1.6836e-06
1157.4  1.6855e-06
1157.6  1.6527e-06
1157.8  1.5897e-06
1158.0  1.5372e-06
1158.2  1.4890e-06
1158.4  1.4256e-06
1158.6  1.3641e-06
1158.8  1.2916e-06
1159.0  1.2555e-06
1159.2  1.2505e-06
1159.4  1.2574e-06
1159.6  1.2781e-06
1159.8  1.3288e-06
1160.0  1.4105e-06
1160.2  1.4572e-06
1160.4  1.4933e-06
1160.6  1.6015e-06
1160.8  1.7036e-06
1161.0  1.7544e-06
1161.2  1.7631e-06
1161.4  1.7891e-06
1161.6  1.8081e-06
1161.8  1.8561e-06
1162.0  1.8828e-06
1162.2  1.8681e-06
1162.4  1.7967e-06
1162.6  1.7955e-06
1162.8  1.7828e-06
1163.0  1.7496e-06
1163.2  1.7005e-06
1163.4  1.6274e-06
1163.6  1.5895e-06
1163.8  1.5284e-06
1164.0  1.4661e-06
1164.2  1.4051e-06
1164.4  1.3577e-06
1164.6  1.4016e-06
1164.8  1.4178e-06
1165.0  1.4421e-06
1165.2  1.5121e-06
1165.4  1.5847e-06
1165.6  1.6447e-06
1165.8  1.7108e-06
1166.0  1.8051e-06
1166.2  1.8337e-06
1166.4  1.8635e-06
1166.6  1.8559e-06
1166.8  1.8446e-06
1167.0  1.8754e-06
1167.2  1.9385e-06
1167.4  1.9549e-06
1167.6  1.9085e-06
1167.8  1.8871e-06
1168.0  1.9065e-06
1168.2  1.9008e-06
1168.4  1.8631e-06
1168.6  1.8234e-06
1168.8  1.7742e-06
1169.0  1.6992e-06
1169.2  1.6287e-06
1169.4  1.5348e-06
1169.6  1.4653e-06
1169.8  1.4801e-06
1170.0  1.4867e-06
1170.2  1.5150e-06
1170.4  1.5701e-06
1170.6  1.6520e-06
1170.8  1.7323e-06
1171.0  1.8624e-06
1171.2  1.9241e-06
1171.4  1.9613e-06
1171.6  1.9657e-06
1171.8  1.9542e-06
1172.0  1.9750e-06
1172.2  2.0354e-06
1172.4  2.0968e-06
1172.6  2.0950e-06
1172.8  2.0208e-06
1173.0  2.0085e-06
1173.2  2.0000e-06
1173.4  1.9818e-06
1173.6  1.9563e-06
1173.8  1.9259e-06
1174.0  1.8282e-06
1174.2  1.7319e-06
1174.4  1.6412e-06
1174.6  1.5897e-06
1174.8  1.6131e-06
1175.0  1.6302e-06
1175.2  1.6780e-06
1175.4  1.7539e-06
1175.6  1.8681e-06
1175.8  1.9404e-06
1176.0  2.0314e-06
1176.2  2.0944e-06
1176.4  2.1371e-06
1176.6  2.1315e-06
1176.8  2.1095e-06
1177.0  2.0945e-06
1177.2  2.1348e-06
1177.4  2.1902e-06
1177.6  2.1847e-06
1177.8  2.1424e-06
1178.0  2.0867e-06
1178.2  2.0710e-06
1178.4  2.0280e-06
1178.6  2.0058e-06
1178.8  1.9610e-06
1179.0  1.8517e-06
1179.2  1.7430e-06
1179.4  1.6667e-06
1179.6  1.7072e-06
1179.8  1.7839e-06
1180.0  1.8080e-06
1180.2  1.8560e-06
1180.4  1.9454e-06
1180.6  2.0659e-06
1180.8  2.1498e-06
1181.0  2.2049e-06
1181.2  2.2187e-06
1181.4  2.1856e-06
1181.6  2.1956e-06
1181.8  2.2255e-06
1182.0  2.2705e-06
1182.2  2.2783e-06
1182.4  2.2674e-06
1182.6  2.2113e-06
1182.8  2.1803e-06
1183.0  2.1610e-06
1183.2  2.0936e-06
1183.4  1.9997e-06
1183.6  1.8923e-06
1183.8  1.7386e-06
1184.0  1.6843e-06
1184.2  1.6456e-06
1184.4  1.6534e-06
1184.6  1.7054e-06
1184.8  1.7620e-06
1185.0  1.8495e-06
1185.2  1.9431e-06
1185.4  2.0054e-06
1185.6  2.0972e-06
1185.8  2.1225e-06
1186.0  2.1195e-06
1186.2  2.1667e-06
1186.4  2.1895e-06
1186.6  2.2031e-06
1186.8  2.2088e-06
1187.0  2.2050e-06
1187.2  2.1165e-06
1187.4  2.0674e-06
1187.6  2.0256e-06
1187.8  1.8983e-06
1188.0  1.8081e-06
1188.2  1.7021e-06
1188.4  1.6470e-06
1188.6  1.6385e-06
1188.8  1.6261e-06
1189.0  1.6689e-06
1189.2  1.6834e-06
1189.4  1.7156e-06
1189.6  1.7562e-06
1189.8  1.7343e-06
1190.0  1.7630e-06
1190.2  1.7713e-06
1190.4  1.8058e-06
1190.6  1.8768e-06
1190.8  1.9487e-06
1191.0  1.9608e-06
1191.2  2.0423e-06
1191.4  2.0481e-06
1191.6  2.0276e-06
1191.8  2.0276e-06
1192.0  1.9611e-06
1192.2  1.8611e-06
1192.4  1.7632e-06
1192.6  1.7026e-06
1192.8  1.6476e-06
1193.0  1.6383e-06
1193.2  1.6149e-06
1193.4  1.6315e-06
1193.6  1.6660e-06
1193.8  1.6735e-06
1194.0  1.6506e-06
1194.2  1.6544e-06
1194.4  1.6546e-06
1194.6  1.6661e-06
1194.8  1.7200e-06
1195.0  1.7832e-06
1195.2  1.8178e-06
1195.4  1.8861e-06
1195.6  1.9054e-06
1195.8  1.8855e-06
1196.0  1.8596e-06
1196.2  1.8171e-06
1196.4  1.7832e-06
1196.6  1.7105e-06
1196.8  1.6706e-06
1197.0  1.6645e-06
1197.2  1.6701e-06
1197.4  1.6793e-06
1197.6  1.7030e-06
1197.8  1.6817e-06
1198.0  1.6216e-06
1198.2  1.6249e-06
1198.4  1.6165e-06
1198.6  1.5790e-06
1198.8  1.6391e-06
1199.0  1.6510e-06
1199.2  1.7206e-06
1199.4  1.7689e-06
1199.6  1.7804e-06
1199.8  1.7306e-06
1200.0  1.7347e-06
1200.2  1.7337e-06
1200.4  1.6906e-06
1200.6  1.6896e-06
1200.8  1.7318e-06
1201.0  1.7606e-06
1201.2  1.8543e-06
1201.4  1.8616e-06
1201.6  1.8295e-06
1201.8  1.8062e-06
1202.0  1.8235e-06
1202.2  1.8017e-06
1202.4  1.7489e-06
1202.6  1.7594e-06
1202.8  1.7616e-06
1203.0  1.8191e-06
1203.2  1.8267e-06
1203.4  1.8069e-06
1203.6  1.7937e-06
1203.8  1.7968e-06
1204.0  1.7751e-06
1204.2  1.7161e-06
1204.4  1.7369e-06
1204.6  1.7979e-06
1204.8  1.8509e-06
1205.0  1.8400e-06
1205.2  1.8264e-06
1205.4  1.8147e-06
1205.6  1.8164e-06
1205.8  1.7927e-06
1206.0  1.7570e-06
1206.2  1.7487e-06
1206.4  1.7749e-06
1206.6  1.8117e-06
1206.8  1.8576e-06
1207.0  1.9164e-06
1207.2  1.9299e-06
1207.4  1.9241e-06
1207.6  1.9306e-06
1207.8  1.9474e-06
1208.0  1.9779e-06
1208.2  1.9800e-06
1208.4  1.9750e-06
1208.6  1.9328e-06
1208.8  1.9370e-06
1209.0  1.9186e-06
1209.2  1.8448e-06
1209.4  1.7985e-06
1209.6  1.7605e-06
1209.8  1.8001e-06
1210.0  1.8493e-06
1210.2  1.8723e-06
1210.4  1.9809e-06
1210.6  2.0050e-06
1210.8  2.0452e-06
1211.0  2.0699e-06
1211.2  2.0781e-06
1211.4  2.0594e-06
1211.6  2.0299e-06
1211.8  2.0336e-06
1212.0  2.0142e-06
1212.2  1.9985e-06
1212.4  1.9559e-06
1212.6  1.9273e-06
1212.8  1.9393e-06
1213.0  1.9553e-06
1213.2  1.9541e-06
1213.4  1.9807e-06
1213.6  2.0696e-06
1213.8  2.1218e-06
1214.0  2.1338e-06
1214.2  2.0886e-06
1214.4  2.0626e-06
1214.6  2.0526e-06
1214.8  2.0709e-06
1215.0  2.0719e-06
1215.2  2.0325e-06
1215.4  2.0112e-06
1215.6  2.0371e-06
1215.8  2.0627e-06
1216.0  2.0661e-06
1216.2  2.1025e-06
1216.4  2.1273e-06
1216.6  2.1338e-06
1216.8  2.1336e-06
1217.0  2.0923e-06
1217.2  2.0396e-06
1217.4  2.0461e-06
1217.6  2.0606e-06
1217.8  2.0388e-06
1218.0  1.9800e-06
1218.2  2.0105e-06
1218.4  2.1112e-06
1218.6  2.2113e-06
1218.8  2.2550e-06
1219.0  2.2469e-06
1219.2  2.2272e-06
1219.4  2.3095e-06
1219.6  2.3299e-06
1219.8  2.3194e-06
1220.0  2.2935e-06
1220.2  2.2193e-06
1220.4  2.1453e-06
1220.6  2.1902e-06
1220.8  2.2435e-06
1221.0  2.2379e-06
1221.2  2.1656e-06
1221.4  2.1484e-06
1221.6  2.1703e-06
1221.8  2.2097e-06
1222.0  2.2510e-06
1222.2  2.2510e-06
1222.4  2.1621e-06
1222.6  2.0953e-06
1222.8  2.1235e-06
1223.0  2.2000e-06
1223.2  2.2574e-06
1223.4  2.2626e-06
1223.6  2.2325e-06
1223.8  2.3283e-06
1224.0  2.4356e-06
1224.2  2.4898e-06
1224.4  2.4837e-06
1224.6  2.4545e-06
1224.8  2.3632e-06
1225.0  2.3148e-06
1225.2  2.2805e-06
1225.4  2.2403e-06
1225.6  2.2149e-06
1225.8  2.1565e-06
1226.0  2.1238e-06
1226.2  2.0862e-06
1226.4  2.0791e-06
1226.6  2.1096e-06
1226.8  2.1097e-06
1227.0  2.0256e-06
1227.2  1.9245e-06
1227.4  1.8700e-06
1227.6  1.8445e-06
1227.8  1.8327e-06
1228.0  1.7860e-06
1228.2  1.6992e-06
1228.4  1.7173e-06
1228.6  1.7677e-06
1228.8  1.7687e-06
1229.0  1.7597e-06
1229.2  1.7909e-06
1229.4  1.8510e-06
1229.6  1.8844e-06
1229.8  1.8810e-06
1230.0  1.8627e-06
1230.2  1.8346e-06
1230.4  1.8267e-06
1230.6  1.8071e-06
1230.8  1.7142e-06
1231.0  1.5990e-06
1231.2  1.5049e-06
1231.4  1.4527e-06
1231.6  1.3834e-06
1231.8  1.3256e-06
1232.0  1.3218e-06
1232.2  1.3478e-06
1232.4  1.3773e-06
1232.6  1.4015e-06
1232.8  1.4063e-06
1233.0  1.4044e-06
1233.2  1.3931e-06
1233.4  1.3554e-06
1233.6  1.2887e-06
1233.8  1.2340e-06
1234.0  1.1772e-06
1234.2  1.1140e-06
1234.4  1.0568e-06
1234.6  1.0260e-06
1234.8  1.0081e-06
1235.0  1.0028e-06
1235.2  9.7405e-07
1235.4  9.5132e-07
1235.6  9.3645e-07
1235.8  9.3232e-07
1236.0  9.3000e-07
1236.2  9.1753e-07
1236.4  8.9956e-07
1236.6  8.8249e-07
1236.8  8.6899e-07
1237.0  8.4618e-07
1237.2  8.1950e-07
1237.4  7.6626e-07
1237.6  6.9809e-07
1237.8  6.1442e-07
1238.0  5.3674e-07
