Number of lines in output :  698
--------------------------------------------------------------------------------------------------------
    Wl_vac      Wl_air    E_Photon   log_gf   A-Value   Elem. E_lower_lev.   J   E_upper_lev.   J   Ref.
     / nm        / nm       / eV               / 1/s   (Code)     / eV     lower     / eV     upper     
--------------------------------------------------------------------------------------------------------
   216.1872    216.1193    5.735097  -3.940 1.639e+05  15.01     8.090694   1.0    13.826120   0.0 KP   
   219.6252    219.5566    5.645320  -4.530 8.162e+03  15.01     0.020446   1.0     5.666091   2.0 KP   
   221.1025    221.0336    5.607601  -4.080 2.270e+04  15.01     0.058167   2.0     5.666091   2.0 KP   
   224.1729    224.1033    5.530796  -3.510 8.203e+04  15.01    10.755606   1.0    16.286719   2.0 KP   
   224.2514    224.1818    5.528860  -2.910 3.264e+05  15.01    10.887055   2.0    16.416233   2.0 KP   
   224.3780    224.3084    5.525738  -2.840 6.383e+05  15.01    10.887055   2.0    16.413111   1.0 KP   
   225.0726    225.0028    5.508687  -2.860 3.635e+05  15.01    10.907230   3.0    16.416233   2.0 KP   
   225.4315    225.3617    5.499916  -2.340 1.200e+06  15.01    10.887055   2.0    16.387287   2.0 KP   
   225.5893    225.5194    5.496071  -3.320 8.962e+04  15.01    10.887055   2.0    16.383442   3.0 KP   
   226.1022    226.0322    5.483602  -3.700 5.207e+04  15.01    10.802802   2.0    16.286719   2.0 KP   
   226.2280    226.1580    5.480552  -2.550 1.224e+06  15.01    10.737452   0.0    16.218319   1.0 KP   
   226.2614    226.1914    5.479742  -2.530 7.690e+05  15.01    10.907230   3.0    16.387287   2.0 KP   
   226.4203    226.3503    5.475898  -2.940 2.134e+05  15.01    10.907230   3.0    16.383442   3.0 KP   
   226.7012    226.6311    5.469113  -0.670 3.083e+07  15.01    10.907230   3.0    16.376657   4.0 KP   
   226.9799    226.9097    5.462399  -2.080 3.589e+06  15.01    10.755606   1.0    16.218319   1.0 KP   
   227.5814    227.5111    5.447961  -2.180 1.215e+06  15.01    10.935168   4.0    16.383442   3.0 KP   
   227.8652    227.7948    5.441177  -2.010 1.395e+06  15.01    10.935168   4.0    16.376657   4.0 KP   
   228.1695    228.0991    5.433917  -0.020 1.748e+08  15.01    10.887055   2.0    16.321285   3.0 KP   
   228.5810    228.5105    5.424135   0.230 1.971e+08  15.01    10.935168   4.0    16.359614   5.0 KP   
   228.7181    228.6476    5.420883   0.020 1.483e+08  15.01    10.907230   3.0    16.328424   4.0 KP   
   228.9580    228.8874    5.415205  -1.930 4.983e+06  15.01    10.802802   2.0    16.218319   1.0 KP   
   229.0198    228.9492    5.413744  -0.840 2.626e+07  15.01    10.907230   3.0    16.321285   3.0 KP   
   229.0645    228.9939    5.412686  -2.300 1.274e+06  15.01    10.755606   1.0    16.168603   2.0 KP   
   229.4847    229.4140    5.402775  -3.060 3.677e+05  15.01    10.737452   0.0    16.140537   1.0 KP   
   229.6301    229.5594    5.399354  -4.250 1.423e+04  15.01    10.887055   2.0    16.286719   2.0 KP   
   229.9030    229.8322    5.392946  -0.770 2.381e+07  15.01    10.935168   4.0    16.328424   4.0 KP   
   230.2078    230.1369    5.385807  -2.380 7.495e+05  15.01    10.935168   4.0    16.321285   3.0 KP   
   230.2584    230.1875    5.384622  -3.730 7.809e+04  15.01    10.755606   1.0    16.140537   1.0 KP   
   231.0794    231.0083    5.365492  -2.060 2.176e+06  15.01    10.802802   2.0    16.168603   2.0 KP   
   231.5409    231.4697    5.354798  -0.750 3.161e+07  15.01    10.887055   2.0    16.242161   3.0 KP   
   231.7755    231.7043    5.349375  -1.010 2.427e+07  15.01    10.887055   2.0    16.236738   2.0 KP   
   231.9716    231.9003    5.344856  -2.890 2.281e+05  15.01    10.887055   2.0    16.232218   3.0 KP   
   232.2444    232.1731    5.338576  -0.690 2.805e+07  15.01    10.907230   3.0    16.246113   4.0 KP   
   232.2943    232.2230    5.337428  -3.320 1.972e+05  15.01    10.802802   2.0    16.140537   1.0 KP   
   232.4165    232.3451    5.334625  -1.300 8.841e+06  15.01    10.907230   3.0    16.242161   3.0 KP   
   232.6529    232.5815    5.329202  -1.950 2.765e+06  15.01    10.907230   3.0    16.236738   2.0 KP   
   232.7107    232.6393    5.327879  -3.200 2.590e+05  15.01    10.737452   0.0    16.065637   1.0 KP   
   232.8504    232.7789    5.324682  -1.410 6.837e+06  15.01    10.907230   3.0    16.232218   3.0 KP   
   232.9849    232.9134    5.321609  -2.760 4.271e+05  15.01    10.755606   1.0    16.077520   2.0 KP   
   233.1279    233.0564    5.318343  -1.910 2.157e+06  15.01    10.802802   2.0    16.121451   3.0 KP   
   233.4661    233.3945    5.310640  -0.920 1.635e+07  15.01    10.935168   4.0    16.246113   4.0 KP   
   233.5063    233.4347    5.309726  -3.410 1.586e+05  15.01    10.755606   1.0    16.065637   1.0 KP   
   233.6399    233.5683    5.306688  -2.150 1.236e+06  15.01    10.935168   4.0    16.242161   3.0 KP   
   234.0785    234.0068    5.296746  -2.840 2.514e+05  15.01    10.935168   4.0    16.232218   3.0 KP   
   234.3486    234.2768    5.290642  -3.930 2.854e+04  15.01     8.090694   1.0    13.381640   2.0 KP   
   234.4634    234.3916    5.288051  -2.960 2.661e+05  15.01     8.093286   2.0    13.381640   2.0 KP   
   234.6550    234.5831    5.283734  -2.590 6.227e+05  15.01     8.097603   3.0    13.381640   2.0 KP   
   234.7656    234.6937    5.281244  -4.190 1.563e+04  15.01    10.887055   2.0    16.168603   2.0 KP   
   235.0695    234.9976    5.274415  -2.900 3.039e+05  15.01    10.802802   2.0    16.077520   2.0 KP   
   235.2270    235.1550    5.270885  -4.000 4.018e+04  15.01    10.737452   0.0    16.008640   1.0 KP   
   235.5203    235.4483    5.264319  -1.370 1.026e+07  15.01    11.022098   1.0    16.286719   2.0 KP   
   235.6004    235.5283    5.262532  -3.490 1.296e+05  15.01    10.802802   2.0    16.065637   1.0 KP   
   235.6658    235.5937    5.261070  -3.410 9.345e+04  15.01    10.907230   3.0    16.168603   2.0 KP   
   236.0198    235.9476    5.253180  -3.490 1.292e+05  15.01    10.887055   2.0    16.140537   1.0 KP   
   236.0399    235.9677    5.252732  -3.770 6.777e+04  15.01    10.755606   1.0    16.008640   1.0 KP   
   236.8803    236.8080    5.234095  -3.960 1.862e+04  15.01    10.887055   2.0    16.121451   3.0 KP   
   237.7970    237.7244    5.213921  -2.430 6.261e+05  15.01    10.907230   3.0    16.121451   3.0 KP   
   238.1798    238.1072    5.205539  -4.020 3.743e+04  15.01    10.802802   2.0    16.008640   1.0 KP   
   238.8853    238.8125    5.190167  -2.470 7.921e+05  15.01    10.887055   2.0    16.077520   2.0 KP   
   239.0779    239.0051    5.185985  -1.380 6.949e+06  15.01    10.935168   4.0    16.121451   3.0 KP   
   239.4334    239.3605    5.178284  -1.960 4.252e+06  15.01    10.887055   2.0    16.065637   1.0 KP   
   239.8174    239.7444    5.169993  -1.580 6.101e+06  15.01    10.907230   3.0    16.077520   2.0 KP   
   240.9258    240.8525    5.146209  -3.450 8.154e+04  15.01    11.022098   1.0    16.168603   2.0 KP   
   242.0980    242.0245    5.121291  -2.170 2.565e+06  15.01    10.887055   2.0    16.008640   1.0 KP   
   242.2469    242.1733    5.118145  -3.950 4.251e+04  15.01    11.022098   1.0    16.140537   1.0 KP   
   245.2665    245.1922    5.055132  -3.720 4.226e+04  15.01    11.022098   1.0    16.077520   2.0 KP   
   245.4000    245.3257    5.052382  -2.670 7.893e+05  15.01     8.090694   1.0    13.143366   1.0 KP   
   245.5259    245.4516    5.049791  -2.190 2.381e+06  15.01     8.093286   2.0    13.143366   1.0 KP   
   245.8444    245.7700    5.043249  -2.950 4.127e+05  15.01    11.022098   1.0    16.065637   1.0 KP   
   248.1499    248.0750    4.996393  -1.143 1.559e+07  15.01     8.090694   1.0    13.087374   2.0 HI   
   248.2786    248.2037    4.993801  -1.347 9.734e+06  15.01     8.093286   2.0    13.087374   2.0 HI   
   248.4935    248.4185    4.989484  -0.636 4.995e+07  15.01     8.097603   3.0    13.087374   2.0 HI   
   248.6544    248.5794    4.986255  -2.380 1.499e+06  15.01    11.022098   1.0    16.008640   1.0 KP   
   249.6822    249.6069    4.965731  -2.377 1.497e+06  15.01     8.090694   1.0    13.056710   1.0 HI   
   249.8125    249.7372    4.963140  -2.260 1.958e+06  15.01     8.093286   2.0    13.056710   1.0 HI   
   250.1713    250.0959    4.956022  -2.244 6.076e+06  15.01     8.090694   1.0    13.047001   0.0 HI   
   250.9273    250.8517    4.941090  -1.520 1.066e+07  15.01    12.602069   1.0    17.543443   1.0 KP   
   260.4471    260.3693    4.760484  -1.959 1.544e+06  15.01     8.093286   2.0    12.854043   3.0 HI   
   260.6836    260.6057    4.756167  -1.164 9.612e+06  15.01     8.097603   3.0    12.854043   3.0 HI   
   260.9449    260.8670    4.751402  -2.460 1.132e+06  15.01    12.791768   1.0    17.543443   1.0 KP   
   261.1795    261.1015    4.747136  -1.010 1.911e+07  15.01    12.602069   1.0    17.349478   2.0 KP   
   262.1319    262.0537    4.729887  -4.060 2.818e+04  15.01    12.813285   2.0    17.543443   1.0 KP   
   262.5520    262.4737    4.722319  -2.143 1.392e+06  15.01     8.090694   1.0    12.813285   2.0 HI   
   262.6961    262.6178    4.719728  -1.462 6.672e+06  15.01     8.093286   2.0    12.813285   2.0 HI   
   262.9367    262.8583    4.715411  -1.951 2.160e+06  15.01     8.097603   3.0    12.813285   2.0 HI   
   263.2481    263.1696    4.709832  -2.000 1.925e+06  15.01    12.602069   1.0    17.312172   2.0 GUES 
   263.7537    263.6751    4.700804  -1.660 6.992e+06  15.01     8.090694   1.0    12.791768   1.0 HI   
   263.8992    263.8206    4.698213  -1.903 3.991e+06  15.01     8.093286   2.0    12.791768   1.0 HI   
   265.8788    265.7997    4.663233  -3.100 1.071e+05  15.01    12.813285   2.0    17.476785   3.0 KP   
   266.1201    266.0409    4.659005  -1.060 1.641e+07  15.01    12.602069   1.0    17.261342   2.0 KP   
   268.2230    268.1433    4.622476  -2.320 6.339e+05  15.01    12.854043   3.0    17.476785   3.0 KP   
   270.8795    270.7992    4.577143  -1.220 1.095e+07  15.01    12.602069   1.0    17.179476   2.0 KP   
   271.1055    271.0251    4.573328  -1.450 1.073e+07  15.01    12.602069   1.0    17.175660   1.0 KP   
   272.0502    271.9696    4.557448   0.954 1.621e+09  15.01    12.791768   1.0    17.349478   2.0 HI   
   272.6772    272.5965    4.546968  -4.650 4.017e+03  15.01    12.602069   1.0    17.149298   2.0 KP   
   273.3406    273.2597    4.535933   1.398 4.464e+09  15.01    12.813285   2.0    17.349478   2.0 HI   
   274.2347    274.1536    4.521143   1.667 5.885e+09  15.01    12.813285   2.0    17.334687   3.0 HI   
   274.2953    274.2142    4.520145   1.436 4.839e+09  15.01    12.791768   1.0    17.312172   2.0 HI   
   274.8443    274.7630    4.511116  -2.730 5.481e+05  15.01     8.090694   1.0    12.602069   1.0 KP   
   275.0023    274.9210    4.508525  -3.410 1.144e+05  15.01     8.093286   2.0    12.602069   1.0 KP   
   275.6071    275.5257    4.498629  -2.222 1.053e+06  15.01    12.813285   2.0    17.312172   2.0 HI   
   275.7570    275.6755    4.496184  -2.680 6.109e+05  15.01    13.047001   0.0    17.543443   1.0 KP   
   275.8189    275.7374    4.495176   1.292 3.435e+09  15.01    12.854043   3.0    17.349478   2.0 HI   
   276.3131    276.2315    4.487136  -1.870 3.928e+06  15.01    12.602069   1.0    17.089463   1.0 KP   
   276.3538    276.2722    4.486475  -3.890 3.750e+04  15.01    13.056710   1.0    17.543443   1.0 KP   
   276.7293    276.6476    4.480386  -1.876 1.655e+06  15.01    12.854043   3.0    17.334687   3.0 HI   
   276.8442    276.7625    4.478528  -3.200 5.491e+05  15.01    12.602069   1.0    17.080854   0.0 KP   
   277.4148    277.3329    4.469317  -2.220 1.044e+06  15.01    12.791768   1.0    17.261342   2.0 KP   
   278.1270    278.0449    4.457873  -2.000 1.725e+06  15.01    12.854043   3.0    17.312172   2.0 GUES 
   278.2555    278.1734    4.455814  -3.990 2.938e+04  15.01    13.087374   2.0    17.543443   1.0 KP   
   278.7567    278.6745    4.447802  -1.180 1.134e+07  15.01    12.813285   2.0    17.261342   2.0 KP   
   281.3346    281.2518    4.407045  -2.290 8.644e+05  15.01    12.854043   3.0    17.261342   2.0 KP   
   281.7963    281.7134    4.399824  -2.570 7.536e+05  15.01    13.143366   1.0    17.543443   1.0 KP   
   282.4518    282.3687    4.389614  -0.330 5.586e+07  15.01    12.813285   2.0    17.203151   3.0 KP   
   282.4811    282.3980    4.389159  -2.270 6.413e+05  15.01    13.087374   2.0    17.476785   3.0 KP   
   282.5907    282.5076    4.387455  -0.620 4.007e+07  15.01    12.791768   1.0    17.179476   2.0 KP   
   282.7108    282.6276    4.385593  -0.150 6.564e+07  15.01    12.854043   3.0    17.239888   4.0 KP   
   282.8367    282.7535    4.383640  -2.020 2.654e+06  15.01    12.791768   1.0    17.175660   1.0 KP   
   283.9834    283.8999    4.365940  -1.400 6.585e+06  15.01    12.813285   2.0    17.179476   2.0 KP   
   284.2317    284.1482    4.362125  -1.790 4.463e+06  15.01    12.813285   2.0    17.175660   1.0 KP   
   284.5478    284.4642    4.357280  -2.670 3.522e+05  15.01    12.791768   1.0    17.149298   2.0 KP   
   285.0989    285.0151    4.348857  -1.380 4.887e+06  15.01    12.854043   3.0    17.203151   3.0 KP   
   285.9598    285.8758    4.335765  -1.540 4.705e+06  15.01    12.813285   2.0    17.149298   2.0 KP   
   286.6593    286.5752    4.325184  -3.510 5.017e+04  15.01    12.854043   3.0    17.179476   2.0 KP   
   288.2232    288.1387    4.301716  -4.470 2.721e+04  15.01     9.524157   1.0    13.826120   0.0 KP   
   288.5095    288.4249    4.297448  -1.680 5.581e+06  15.01    12.791768   1.0    17.089463   1.0 KP   
   288.6733    288.5887    4.295008  -0.820 2.423e+07  15.01    12.854043   3.0    17.149298   2.0 KP   
   288.8406    288.7559    4.292521  -1.370 6.821e+06  15.01    13.056710   1.0    17.349478   2.0 KP   
   289.0885    289.0038    4.288840  -1.420 3.034e+07  15.01    12.791768   1.0    17.080854   0.0 KP   
   289.9612    289.8762    4.275933  -1.150 1.872e+07  15.01    12.813285   2.0    17.089463   1.0 KP   
   290.9187    290.8335    4.261859  -1.020 1.505e+07  15.01    13.087374   2.0    17.349478   2.0 KP   
   291.3727    291.2874    4.255217  -0.600 3.947e+07  15.01    13.056710   1.0    17.312172   2.0 GUES 
   291.9317    291.8463    4.247069  -0.370 4.769e+07  15.01    13.087374   2.0    17.334687   3.0 KP   
   293.4875    293.4017    4.224556  -2.000 1.549e+06  15.01    13.087374   2.0    17.312172   2.0 GUES 
   294.7915    294.7053    4.205870  -1.330 7.180e+06  15.01    13.143366   1.0    17.349478   2.0 KP   
   294.8952    294.8090    4.204390  -0.870 2.069e+07  15.01    13.056710   1.0    17.261342   2.0 KP   
   297.0616    296.9749    4.173728  -2.010 1.477e+06  15.01    13.087374   2.0    17.261342   2.0 KP   
   297.4294    297.3426    4.168567  -1.800 2.390e+06  15.01    13.143366   1.0    17.312172   2.0 GUES 
   297.9299    297.8430    4.161564  -2.290 1.285e+06  15.01    13.381640   2.0    17.543443   1.0 KP   
   300.3216    300.2341    4.128423  -2.470 8.353e+05  15.01    13.047001   0.0    17.175660   1.0 KP   
   300.7509    300.6633    4.122528  -3.140 1.068e+05  15.01    13.056710   1.0    17.179476   2.0 KP   
   301.0296    300.9419    4.118713  -2.650 5.493e+05  15.01    13.056710   1.0    17.175660   1.0 KP   
   301.1008    301.0131    4.117739  -1.530 4.342e+06  15.01    13.143366   1.0    17.261342   2.0 KP   
   301.2617    301.1739    4.115540  -2.240 6.041e+05  15.01    13.087374   2.0    17.203151   3.0 KP   
   302.7794    302.6913    4.094909  -0.240 5.981e+07  15.01    13.381640   2.0    17.476785   3.0 KP   
   302.9686    302.8804    4.092353  -1.440 5.277e+06  15.01    13.056710   1.0    17.149298   2.0 KP   
   303.0046    302.9164    4.091867  -2.370 6.198e+05  15.01    13.087374   2.0    17.179476   2.0 KP   
   303.2874    303.1991    4.088052  -2.530 7.133e+05  15.01    13.087374   2.0    17.175660   1.0 KP   
   305.2558    305.1670    4.061691  -1.050 1.276e+07  15.01    13.087374   2.0    17.149298   2.0 KP   
   306.7253    306.6362    4.042230  -1.650 5.291e+06  15.01    13.047001   0.0    17.089463   1.0 KP   
   307.2081    307.1189    4.035877  -2.850 1.997e+05  15.01    13.143366   1.0    17.179476   2.0 KP   
   307.4638    307.3745    4.032521  -1.900 2.961e+06  15.01    13.056710   1.0    17.089463   1.0 KP   
   307.4988    307.4095    4.032062  -2.200 1.484e+06  15.01    13.143366   1.0    17.175660   1.0 KP   
   308.1216    308.0321    4.023913  -1.620 1.685e+07  15.01    13.056710   1.0    17.080854   0.0 KP   
   309.5224    309.4326    4.005702  -1.450 4.941e+06  15.01    13.143366   1.0    17.149298   2.0 KP   
   309.8196    309.7297    4.001859  -1.490 7.495e+06  15.01    13.087374   2.0    17.089463   1.0 KP   
   312.4941    312.4035    3.967610  -1.380 5.695e+06  15.01    13.381640   2.0    17.349478   2.0 KP   
   313.6633    313.5724    3.952819  -2.010 9.465e+05  15.01    13.381640   2.0    17.334687   3.0 KP   
   314.2157    314.1247    3.945870  -1.620 5.402e+06  15.01    13.143366   1.0    17.089463   1.0 KP   
   314.9027    314.8115    3.937262  -1.950 7.547e+06  15.01    13.143366   1.0    17.080854   0.0 KP   
   315.4600    315.3687    3.930306  -2.600 3.367e+05  15.01    13.381640   2.0    17.312172   2.0 GUES 
   319.5931    319.5007    3.879478  -1.640 2.992e+06  15.01    13.381640   2.0    17.261342   2.0 KP   
   320.9359    320.8432    3.863246  -2.560 3.567e+05  15.01     9.518172   2.0    13.381640   2.0 KP   
   321.4338    321.3410    3.857261  -3.620 3.097e+04  15.01     9.524157   1.0    13.381640   2.0 KP   
   324.4596    324.3660    3.821291  -3.820 1.370e+04  15.01    13.381640   2.0    17.203151   3.0 KP   
   326.4822    326.3881    3.797617  -2.100 9.941e+05  15.01    13.381640   2.0    17.179476   2.0 KP   
   326.8105    326.7163    3.793802  -0.960 2.283e+07  15.01    13.381640   2.0    17.175660   1.0 KP   
   329.0972    329.0024    3.767441  -3.360 5.377e+04  15.01    13.381640   2.0    17.149298   2.0 KP   
   330.9863    330.8910    3.745940   0.196 1.912e+08  15.01     9.635485   2.0    13.381640   2.0 HI   
   331.9265    331.8310    3.735328  -1.828 2.999e+06  15.01    12.602069   1.0    16.337612   1.0 MRB  
   333.5534    333.4575    3.717110  -0.870 2.696e+07  15.01    13.826120   0.0    17.543443   1.0 KP   
   334.4080    334.3119    3.707610  -1.710 3.877e+06  15.01    13.381640   2.0    17.089463   1.0 KP   
   337.8531    337.7561    3.669803  -1.283 6.091e+06  15.01    12.746219   1.0    16.416233   2.0 MRB  
   338.1408    338.0437    3.666681  -4.370 8.295e+03  15.01    12.746219   1.0    16.413111   1.0 KP   
   340.5390    340.4413    3.640858  -1.198 7.292e+06  15.01    12.746219   1.0    16.387287   2.0 MRB  
   342.0302    341.9321    3.624986  -1.733 3.515e+06  15.01     9.518172   2.0    13.143366   1.0 HI   
   342.5957    342.4975    3.619001  -1.833 2.783e+06  15.01     9.524157   1.0    13.143366   1.0 HI   
   342.7223    342.6241    3.617665  -2.268 1.021e+06  15.01     9.525494   0.0    13.143366   1.0 HI   
   347.3958    347.2964    3.568997  -1.432 4.088e+06  15.01     9.518172   2.0    13.087374   2.0 HI   
   347.6179    347.5184    3.566716  -1.813 1.698e+06  15.01    12.849312   2.0    16.416233   2.0 MRB  
   347.9224    347.8228    3.563594  -1.640 4.208e+06  15.01    12.849312   2.0    16.413111   1.0 KP   
   347.9793    347.8797    3.563012  -1.851 1.553e+06  15.01     9.524157   1.0    13.087374   2.0 HI   
   349.1497    349.0498    3.551068  -1.136 8.001e+06  15.01    12.864961   1.0    16.416233   2.0 MRB  
   349.4570    349.3570    3.547946  -1.200 1.149e+07  15.01    12.864961   1.0    16.413111   1.0 KP   
   349.6842    349.5842    3.545640  -2.050 1.621e+06  15.01    12.791768   1.0    16.337612   1.0 KP   
   350.2121    350.1119    3.540296  -2.258 6.005e+05  15.01    12.746219   1.0    16.286719   2.0 MRB  
   350.4062    350.3060    3.538335  -1.387 7.428e+06  15.01     9.518172   2.0    13.056710   1.0 HI   
   350.4619    350.3617    3.537772  -1.090 8.828e+06  15.01    12.849312   2.0    16.387287   2.0 KP   
   350.8432    350.7429    3.533927  -0.848 1.099e+07  15.01    12.849312   2.0    16.383442   3.0 MRB  
   350.9999    350.8995    3.532350   1.464 5.253e+09  15.01     9.524157   1.0    13.056710   1.0 HI   
   351.1327    351.0323    3.531014  -2.658 3.963e+05  15.01     9.525494   0.0    13.056710   1.0 HI   
   351.7243    351.6237    3.525075  -1.176 1.198e+07  15.01    12.887834   0.0    16.413111   1.0 MRB  
   351.8191    351.7185    3.524125  -3.600 4.512e+04  15.01    12.813285   2.0    16.337612   1.0 KP   
   351.9673    351.8667    3.522641  -2.060 4.689e+06  15.01     9.524157   1.0    13.047001   0.0 HI   
   352.0189    351.9183    3.522124  -1.399 4.296e+06  15.01    12.864961   1.0    16.387287   2.0 MRB  
   352.7754    352.6746    3.514572  -1.620 2.571e+06  15.01    12.901459   3.0    16.416233   2.0 KP   
   352.8194    352.7186    3.514133  -1.632 2.501e+06  15.01    12.901898   1.0    16.416233   2.0 MRB  
   353.1331    353.0322    3.511011  -1.210 1.099e+07  15.01    12.901898   1.0    16.413111   1.0 MRB  
   353.4172    353.3162    3.508189  -1.523 3.203e+06  15.01    12.907843   2.0    16.416233   2.0 MRB  
   353.4686    353.3676    3.507680  -2.773 3.001e+05  15.01     9.635485   2.0    13.143366   1.0 MRB  
   353.7320    353.6309    3.505067  -1.400 7.074e+06  15.01    12.907843   2.0    16.413111   1.0 KP   
   355.2268    355.1253    3.490318  -1.746 1.897e+06  15.01    12.746219   1.0    16.236738   2.0 MRB  
   355.7048    355.6032    3.485627  -2.421 3.999e+05  15.01    12.901459   3.0    16.387287   2.0 MRB  
   355.7496    355.6480    3.485189  -1.389 4.304e+06  15.01    12.901898   1.0    16.387287   2.0 MRB  
   356.0976    355.9959    3.481783  -1.232 4.404e+06  15.01    12.901459   3.0    16.383442   3.0 MRB  
   356.3573    356.2556    3.479245  -1.243 6.003e+06  15.01    12.907843   2.0    16.387287   2.0 MRB  
   356.7515    356.6497    3.475400  -1.142 5.399e+06  15.01    12.907843   2.0    16.383442   3.0 MRB  
   356.7929    356.6910    3.474998  -2.460 2.019e+05  15.01    12.901459   3.0    16.376657   4.0 KP   
   357.1112    357.0093    3.471900  -2.080 1.450e+06  15.01    12.746219   1.0    16.218319   1.0 KP   
   357.1242    357.0223    3.471773  -1.330 3.495e+06  15.01    12.849312   2.0    16.321285   3.0 MRB  
   359.2021    359.0996    3.451690  -2.860 1.427e+05  15.01     9.635485   2.0    13.087374   2.0 KP   
   360.7154    360.6125    3.437210  -4.750 1.823e+03  15.01    12.849312   2.0    16.286719   2.0 KP   
   361.8146    361.7114    3.426768  -1.005 5.596e+06  15.01    12.901459   3.0    16.328424   4.0 MRB  
   362.2989    362.1956    3.422187  -3.540 2.931e+04  15.01    12.746219   1.0    16.168603   2.0 KP   
   362.4215    362.3182    3.421029  -2.751 3.003e+05  15.01     9.635485   2.0    13.056710   1.0 MRB  
   362.5698    362.4665    3.419629  -1.906 9.000e+05  15.01    12.901459   3.0    16.321285   3.0 MRB  
   363.2479    363.1444    3.413246  -1.327 3.401e+06  15.01    12.907843   2.0    16.321285   3.0 MRB  
   365.2946    365.1905    3.394122  -2.170 1.126e+06  15.01    12.746219   1.0    16.140537   1.0 KP   
   365.4526    365.3485    3.392655  -0.782 1.179e+07  15.01    12.849312   2.0    16.242161   3.0 MRB  
   366.0377    365.9335    3.387231  -1.567 2.698e+06  15.01    12.849312   2.0    16.236738   2.0 MRB  
   366.2719    366.1676    3.385065  -4.200 6.274e+03  15.01    12.901459   3.0    16.286719   2.0 KP   
   366.3194    366.2151    3.384626  -4.360 4.339e+03  15.01    12.901898   1.0    16.286719   2.0 KP   
   366.5268    366.4224    3.382712  -1.038 6.499e+06  15.01    12.849312   2.0    16.232218   3.0 MRB  
   366.9639    366.8594    3.378683  -4.400 3.944e+03  15.01    12.907843   2.0    16.286719   2.0 KP   
   367.7366    367.6319    3.371583  -0.547 2.800e+07  15.01    12.864961   1.0    16.236738   2.0 MRB  
   368.0390    367.9342    3.368813  -3.790 2.662e+04  15.01    12.849312   2.0    16.218319   1.0 KP   
   369.7564    369.6512    3.353165  -4.130 1.206e+04  15.01    12.864961   1.0    16.218319   1.0 KP   
   370.1779    370.0726    3.349348  -1.640 3.717e+06  15.01    13.826120   0.0    17.175660   1.0 KP   
   370.7188    370.6133    3.344461  -0.109 4.196e+07  15.01    12.901459   3.0    16.246113   4.0 MRB  
   371.1573    371.0517    3.340510  -1.034 6.396e+06  15.01    12.901459   3.0    16.242161   3.0 MRB  
   371.6947    371.5890    3.335679  -1.280 3.620e+06  15.01     9.518172   2.0    12.854043   3.0 HI   
   371.7607    371.6550    3.335087  -2.370 4.117e+05  15.01    12.901459   3.0    16.236738   2.0 KP   
   371.8097    371.7040    3.334648  -0.729 1.801e+07  15.01    12.901898   1.0    16.236738   2.0 MRB  
   371.8678    371.7620    3.334127  -0.634 1.600e+07  15.01    12.907843   2.0    16.242161   3.0 MRB  
   372.2046    372.0988    3.331109  -4.550 2.714e+03  15.01    12.746219   1.0    16.077520   2.0 KP   
   372.2652    372.1593    3.330568  -2.120 5.216e+05  15.01    12.901459   3.0    16.232218   3.0 KP   
   372.2959    372.1900    3.330294  -3.760 2.788e+04  15.01    12.887834   0.0    16.218319   1.0 KP   
   372.4736    372.3677    3.328704  -1.019 9.204e+06  15.01    12.907843   2.0    16.236738   2.0 MRB  
   372.9799    372.8739    3.324185  -1.840 9.900e+05  15.01    12.907843   2.0    16.232218   3.0 KP   
   373.0845    372.9784    3.323254  -2.090 5.564e+05  15.01    12.813285   2.0    16.136729   3.0 KP   
   373.5372    373.4310    3.319227  -0.990 1.631e+07  15.01    12.746219   1.0    16.065637   1.0 KP   
   373.5514    373.4452    3.319100  -3.750 1.700e+04  15.01    12.849312   2.0    16.168603   2.0 KP   
   373.8747    373.7684    3.316230  -3.290 8.157e+04  15.01    12.901898   1.0    16.218319   1.0 KP   
   374.5460    374.4396    3.310286  -2.890 2.042e+05  15.01    12.907843   2.0    16.218319   1.0 KP   
   375.3208    375.2142    3.303452  -4.980 9.916e+02  15.01    12.864961   1.0    16.168603   2.0 KP   
   376.2924    376.1855    3.294923  -1.959 1.035e+06  15.01     9.518172   2.0    12.813285   2.0 HI   
   376.7368    376.6298    3.291036  -2.020 1.496e+06  15.01    12.849312   2.0    16.140537   1.0 KP   
   376.8070    376.7000    3.290422  -2.580 4.119e+05  15.01    13.047001   0.0    16.337612   1.0 KP   
   376.9771    376.8700    3.288938  -1.554 2.621e+06  15.01     9.524157   1.0    12.813285   2.0 HI   
   377.7169    377.6096    3.282497  -2.860 9.219e+04  15.01    12.854043   3.0    16.136729   3.0 KP   
   377.9222    377.8149    3.280713  -3.320 7.451e+04  15.01    13.056710   1.0    16.337612   1.0 KP   
   378.5367    378.4292    3.275388  -2.760 2.696e+05  15.01    12.864961   1.0    16.140537   1.0 KP   
   378.7656    378.6581    3.273408   1.279 2.946e+09  15.01     9.518172   2.0    12.791768   1.0 HI   
   378.9343    378.8267    3.271951  -3.770 1.127e+04  15.01    12.849312   2.0    16.121451   3.0 KP   
   379.4594    379.3517    3.267423  -2.032 1.434e+06  15.01     9.524157   1.0    12.791768   1.0 HI   
   379.5137    379.4060    3.266956  -2.030 8.644e+05  15.01    12.901459   3.0    16.168603   2.0 KP   
   379.5646    379.4569    3.266517  -3.200 5.842e+04  15.01    12.901898   1.0    16.168603   2.0 KP   
   379.6147    379.5069    3.266086  -1.886 2.006e+06  15.01     9.525494   0.0    12.791768   1.0 HI   
   379.9556    379.8478    3.263155  -2.460 5.340e+05  15.01    13.826120   0.0    17.089463   1.0 KP   
   380.0257    379.9178    3.262554  -1.360 4.032e+06  15.01    12.602069   1.0    15.864811   2.0 KP   
   380.0631    379.9552    3.262233  -0.490 4.981e+07  15.01    12.746219   1.0    16.008640   1.0 KP   
   380.2512    380.1433    3.260619  -2.720 2.930e+05  15.01    12.602069   1.0    15.862875   1.0 KP   
   380.2566    380.1487    3.260573  -2.470 3.126e+05  15.01    12.907843   2.0    16.168603   2.0 KP   
   380.7515    380.6434    3.256335  -3.760 7.995e+04  15.01    12.602069   1.0    15.858591   0.0 KP   
   381.1986    381.0904    3.252516  -2.910 1.882e+05  15.01    12.887834   0.0    16.140537   1.0 KP   
   381.4876    381.3794    3.250051  -4.220 9.205e+03  15.01    13.087374   2.0    16.337612   1.0 KP   
   382.8512    382.7426    3.238476  -0.316 4.396e+07  15.01    12.602069   1.0    15.840732   2.0 MRB  
   382.8540    382.7454    3.238453  -2.790 2.460e+05  15.01    12.901898   1.0    16.140537   1.0 KP   
   383.5580    383.4492    3.232509  -3.430 5.615e+04  15.01    12.907843   2.0    16.140537   1.0 KP   
   384.0909    383.9820    3.228023   0.085 1.100e+08  15.01    12.849312   2.0    16.077520   2.0 MRB  
   385.0711    384.9619    3.219806  -2.500 2.032e+05  15.01    12.901459   3.0    16.121451   3.0 KP   
   385.1565    385.0473    3.219092  -1.930 1.761e+06  15.01    12.602069   1.0    15.821347   1.0 KP   
   385.2426    385.1334    3.218373  -1.604 1.598e+06  15.01     9.635485   2.0    12.854043   3.0 MRB  
   385.8360    385.7266    3.213424  -0.630 1.500e+07  15.01    12.907843   2.0    16.121451   3.0 MRB  
   385.9619    385.8525    3.212375  -0.806 1.400e+07  15.01    12.864961   1.0    16.077520   2.0 MRB  
   387.3950    387.2852    3.200492  -2.520 4.474e+05  15.01    12.864961   1.0    16.065637   1.0 KP   
   388.1748    388.0648    3.194062  -2.240 8.491e+05  15.01    13.143366   1.0    16.337612   1.0 KP   
   388.6281    388.5180    3.190336  -0.415 3.397e+07  15.01    12.602069   1.0    15.792589   2.0 MRB  
   390.1833    390.0728    3.177620  -3.540 4.212e+04  15.01    12.887834   0.0    16.065637   1.0 KP   
   390.1838    390.0733    3.177617  -4.330 4.098e+03  15.01     9.635485   2.0    12.813285   2.0 KP   
   390.3974    390.2868    3.175878  -1.641 2.001e+06  15.01    12.901459   3.0    16.077520   2.0 MRB  
   390.4513    390.3407    3.175439  -1.641 2.000e+06  15.01    12.901898   1.0    16.077520   2.0 MRB  
   391.1835    391.0727    3.169496  -3.940 1.001e+04  15.01    12.907843   2.0    16.077520   2.0 KP   
   392.4650    392.3539    3.159147  -3.760 2.508e+04  15.01    12.849312   2.0    16.008640   1.0 KP   
   392.8436    392.7324    3.156101  -2.460 4.995e+05  15.01     9.635485   2.0    12.791768   1.0 MRB  
   394.4186    394.3070    3.143498  -3.860 1.973e+04  15.01    12.864961   1.0    16.008640   1.0 KP   
   399.1080    398.9952    3.106563  -4.390 5.686e+03  15.01    12.901898   1.0    16.008640   1.0 KP   
   399.4141    399.3012    3.104183  -2.230 4.924e+05  15.01    13.311872   3.0    16.416233   2.0 KP   
   399.8731    399.7601    3.100619  -4.000 1.390e+04  15.01    12.907843   2.0    16.008640   1.0 KP   
   402.0645    401.9509    3.083720  -1.908 1.700e+06  15.01     9.518172   2.0    12.602069   1.0 MRB  
   402.8463    402.7325    3.077735  -3.250 7.704e+04  15.01     9.524157   1.0    12.602069   1.0 KP   
   403.0214    402.9075    3.076399  -4.860 1.890e+03  15.01     9.525494   0.0    12.602069   1.0 KP   
   403.1735    403.0596    3.075238  -2.230 4.833e+05  15.01    13.311872   3.0    16.387287   2.0 KP   
   403.4847    403.3707    3.072866  -4.140 5.936e+03  15.01    12.791768   1.0    15.864811   2.0 KP   
   403.6781    403.5641    3.071393  -1.910 7.194e+05  15.01    13.311872   3.0    16.383442   3.0 KP   
   403.7389    403.6249    3.070931  -0.770 2.316e+07  15.01    12.791768   1.0    15.862875   1.0 KP   
   403.8169    403.7028    3.070338  -2.650 9.157e+05  15.01    10.755606   1.0    13.826120   0.0 KP   
   404.3029    404.1887    3.066647  -1.820 6.176e+06  15.01    12.791768   1.0    15.858591   0.0 KP   
   404.5719    404.4576    3.064609   0.481 1.371e+08  15.01    13.311872   3.0    16.376657   4.0 MRB  
   406.3296    406.2149    3.051351  -0.585 2.101e+07  15.01    12.813285   2.0    15.864811   2.0 MRB  
   406.5875    406.4727    3.049416  -0.714 2.598e+07  15.01    12.813285   2.0    15.862875   1.0 MRB  
   406.6189    406.5041    3.049180  -3.920 6.929e+03  15.01    13.087374   2.0    16.136729   3.0 KP   
   406.6712    406.5564    3.048788  -0.440 2.929e+07  15.01    12.791768   1.0    15.840732   2.0 KP   
   407.3439    407.2289    3.043753  -1.860 7.927e+05  15.01    12.813285   2.0    15.857213   3.0 KP   
   409.2733    409.1578    3.029404  -1.090 1.079e+07  15.01    12.791768   1.0    15.821347   1.0 KP   
   409.5615    409.4459    3.027273  -1.570 2.141e+06  15.01    12.813285   2.0    15.840732   2.0 KP   
   411.0408    410.9248    3.016379   0.098 5.497e+07  15.01    13.311872   3.0    16.328424   4.0 MRB  
   411.8304    411.7142    3.010595  -2.040 7.173e+05  15.01    12.854043   3.0    15.864811   2.0 KP   
   412.0159    411.8997    3.009239  -1.500 1.775e+06  15.01    13.311872   3.0    16.321285   3.0 KP   
   412.2009    412.0846    3.007889  -2.870 1.765e+05  15.01    12.813285   2.0    15.821347   1.0 KP   
   412.8723    412.7559    3.002997  -0.110 4.339e+07  15.01    12.854043   3.0    15.857213   3.0 KP   
   413.1955    413.0790    3.000649  -1.470 2.648e+06  15.01    12.791768   1.0    15.792589   2.0 KP   
   415.1506    415.0336    2.986517  -2.350 3.457e+05  15.01    12.854043   3.0    15.840732   2.0 KP   
   416.1796    416.0623    2.979133  -0.410 2.996e+07  15.01    12.813285   2.0    15.792589   2.0 KP   
   416.8032    416.6857    2.974676  -1.650 1.719e+06  15.01    13.311872   3.0    16.286719   2.0 KP   
   417.9641    417.8463    2.966414  -0.409 4.963e+07  15.01     9.635485   2.0    12.602069   1.0 HI   
   419.4647    419.3465    2.955802  -1.640 2.895e+06  15.01    13.381640   2.0    16.337612   1.0 KP   
   421.9521    421.8333    2.938377  -0.860 1.034e+07  15.01    12.854043   3.0    15.792589   2.0 KP   
   422.5712    422.4522    2.934072   0.496 1.300e+08  15.01    13.311872   3.0    16.246113   4.0 MRB  
   423.1411    423.0220    2.930121  -1.260 2.925e+06  15.01    13.311872   3.0    16.242161   3.0 KP   
   423.9257    423.8064    2.924698  -3.500 2.347e+04  15.01    13.311872   3.0    16.236738   2.0 KP   
   424.5817    424.4622    2.920178  -0.308 2.601e+07  15.01    13.311872   3.0    16.232218   3.0 MRB  
   428.9813    428.8606    2.890230  -0.630 1.699e+07  15.01    12.602069   1.0    15.492465   2.0 MRB  
   434.0366    433.9146    2.856566  -3.550 1.996e+04  15.01    13.311872   3.0    16.168603   2.0 KP   
   438.6625    438.5393    2.826443  -0.104 9.094e+07  15.01    12.602069   1.0    15.428675   1.0 MRB  
   440.3341    440.2104    2.815713  -0.170 7.752e+07  15.01    13.047001   0.0    15.862875   1.0 NBS  
   441.5532    441.4292    2.807939  -0.560 1.884e+07  15.01    13.056710   1.0    15.864811   2.0 NBS  
   441.8578    441.7337    2.806004  -0.488 3.702e+07  15.01    13.056710   1.0    15.862875   1.0 MRB  
   442.1953    442.0712    2.803861  -0.478 1.135e+08  15.01    11.022098   1.0    13.826120   0.0 HI   
   442.5333    442.4091    2.801720  -0.816 5.203e+07  15.01    13.056710   1.0    15.858591   0.0 MRB  
   445.3722    445.2472    2.783861  -0.194 4.302e+07  15.01    13.056710   1.0    15.840732   2.0 MRB  
   446.4280    446.3027    2.777278   0.026 7.106e+07  15.01    13.087374   2.0    15.864811   2.0 MRB  
   446.7393    446.6140    2.775342  -0.283 5.806e+07  15.01    13.087374   2.0    15.862875   1.0 MRB  
   446.9254    446.8000    2.774187  -0.208 6.895e+07  15.01    13.047001   0.0    15.821347   1.0 MRB  
   447.6526    447.5270    2.769680   0.301 9.509e+07  15.01    13.087374   2.0    15.857213   3.0 MRB  
   448.3310    448.2052    2.765489  -4.580 1.746e+03  15.01    13.311872   3.0    16.077520   2.0 KP   
   448.4951    448.3693    2.764477  -0.431 4.097e+07  15.01    13.056710   1.0    15.821347   1.0 MRB  
   449.3348    449.2088    2.759311  -3.600 1.660e+04  15.01    12.602069   1.0    15.361539   2.0 KP   
   450.0492    449.9230    2.754930   0.377 1.121e+08  15.01    13.381640   2.0    16.136729   3.0 MRB  
   450.3322    450.2059    2.753200  -1.380 2.742e+06  15.01    13.087374   2.0    15.840732   2.0 KP   
   451.6273    451.5007    2.745304  -2.270 3.512e+05  15.01    13.670771   1.0    16.416233   2.0 KP   
   452.1415    452.0147    2.742182  -4.010 1.063e+04  15.01    13.670771   1.0    16.413111   1.0 KP   
   453.2093    453.0823    2.735721  -0.020 6.202e+07  15.01    13.056710   1.0    15.792589   2.0 MRB  
   453.5252    453.3981    2.733816  -0.560 2.977e+07  15.01    13.087374   2.0    15.821347   1.0 NBS  
   455.6131    455.4854    2.721288   0.005 6.501e+07  15.01    13.143366   1.0    15.864811   2.0 MRB  
   455.9373    455.8095    2.719353  -0.056 9.401e+07  15.01    13.143366   1.0    15.862875   1.0 MRB  
   456.4397    456.3118    2.716360  -2.540 1.847e+05  15.01    13.670771   1.0    16.387287   2.0 KP   
   456.6567    456.5287    2.715069  -0.243 1.828e+08  15.01    13.143366   1.0    15.858591   0.0 MRB  
   458.3000    458.1716    2.705334  -1.230 6.233e+06  15.01    12.602069   1.0    15.307559   1.0 KP   
   458.3464    458.2180    2.705060  -0.388 2.599e+07  15.01    13.087374   2.0    15.792589   2.0 MRB  
   458.9318    458.8032    2.701609   0.575 1.700e+08  15.01    12.813285   2.0    15.515049   3.0 MRB  
   459.1132    458.9846    2.700542   0.500 2.001e+08  15.01    12.791768   1.0    15.492465   2.0 MRB  
   459.6803    459.5515    2.697210  -0.187 4.104e+07  15.01    13.143366   1.0    15.840732   2.0 MRB  
   460.3358    460.2069    2.693369   0.799 2.202e+08  15.01    12.854043   3.0    15.547567   4.0 MRB  
   460.6490    460.5200    2.691538  -2.310 1.540e+06  15.01    12.602069   1.0    15.293762   0.0 KP   
   462.8004    462.6708    2.679027  -0.203 3.903e+07  15.01    12.813285   2.0    15.492465   2.0 MRB  
   463.0077    462.8781    2.677826  -0.363 4.496e+07  15.01    13.143366   1.0    15.821347   1.0 MRB  
   465.9613    465.8309    2.660853  -0.412 1.700e+07  15.01    12.854043   3.0    15.515049   3.0 MRB  
   468.0338    467.9028    2.649070  -0.404 2.402e+07  15.01    13.143366   1.0    15.792589   2.0 MRB  
   469.9498    469.8183    2.638270  -1.057 5.297e+06  15.01    12.854043   3.0    15.492465   2.0 MRB  
   470.2198    470.0883    2.636755  -1.078 8.402e+06  15.01    12.791768   1.0    15.428675   1.0 MRB  
   472.1665    472.0344    2.625884  -1.640 1.371e+06  15.01    10.755606   1.0    13.381640   2.0 KP   
   473.9871    473.8546    2.615798  -4.600 1.491e+03  15.01    13.670771   1.0    16.286719   2.0 KP   
   474.0883    473.9557    2.615240  -1.220 5.961e+06  15.01    12.813285   2.0    15.428675   1.0 KP   
   480.8078    480.6735    2.578690  -2.010 5.639e+05  15.01    10.802802   2.0    13.381640   2.0 KP   
   482.5044    482.3696    2.569623  -0.479 1.902e+07  15.01    12.791768   1.0    15.361539   2.0 MRB  
   483.2197    483.0847    2.565819  -3.950 6.410e+03  15.01    13.670771   1.0    16.236738   2.0 KP   
   486.5785    486.4426    2.548108  -0.274 2.998e+07  15.01    12.813285   2.0    15.361539   2.0 MRB  
   486.7134    486.5775    2.547401  -4.810 1.454e+03  15.01    13.670771   1.0    16.218319   1.0 KP   
   492.8572    492.7197    2.515646  -0.456 3.203e+07  15.01    12.791768   1.0    15.307559   1.0 MRB  
   493.7009    493.5631    2.511347  -0.036 8.396e+07  15.01    13.826120   0.0    16.337612   1.0 MRB  
   494.4877    494.3497    2.507351   0.083 6.605e+07  15.01    12.854043   3.0    15.361539   2.0 MRB  
   495.5750    495.4367    2.501850  -0.373 1.151e+08  15.01    12.791768   1.0    15.293762   0.0 MRB  
   497.0468    496.9081    2.494442  -3.660 1.181e+04  15.01    10.887055   2.0    13.381640   2.0 KP   
   497.1088    496.9701    2.494131  -0.109 7.000e+07  15.01    12.813285   2.0    15.307559   1.0 MRB  
   499.3317    499.1924    2.483028  -1.400 2.130e+06  15.01    13.381640   2.0    15.864811   2.0 KP   
   499.7212    499.5818    2.481092  -2.920 1.070e+05  15.01    13.381640   2.0    15.862875   1.0 KP   
   501.0994    500.9597    2.474268  -2.890 6.844e+04  15.01    10.907230   3.0    13.381640   2.0 KP   
   502.0418    501.9018    2.469624  -4.890 1.136e+03  15.01    13.670771   1.0    16.140537   1.0 KP   
   504.2211    504.0805    2.458950  -0.120 3.980e+07  15.01    13.381640   2.0    15.840732   2.0 NBS  
   505.3042    505.1633    2.453679  -1.200 3.296e+06  15.01    13.962413   2.0    16.416233   2.0 KP   
   508.2274    508.0858    2.439566  -3.810 1.333e+04  15.01    13.381640   2.0    15.821347   1.0 KP   
   509.0519    508.9101    2.435615  -2.380 2.146e+05  15.01    13.056710   1.0    15.492465   2.0 KP   
   510.7461    510.6038    2.427536  -1.690 7.458e+05  15.01    13.087374   2.0    15.515049   3.0 KP   
   511.3361    511.1936    2.424735  -1.160 3.530e+06  15.01    13.962413   2.0    16.387287   2.0 KP   
   512.1482    512.0055    2.420890  -1.540 1.048e+06  15.01    13.962413   2.0    16.383442   3.0 KP   
   514.2895    514.1463    2.410810  -1.930 5.926e+05  15.01    13.381640   2.0    15.792589   2.0 KP   
   515.3656    515.2221    2.405776  -1.602 2.093e+06  15.01    10.737452   0.0    13.143366   1.0 HI   
   515.5421    515.3985    2.404953  -2.180 3.316e+05  15.01    13.087374   2.0    15.492465   2.0 KP   
   517.7434    517.5992    2.394728  -3.820 1.255e+04  15.01    13.670771   1.0    16.065637   1.0 KP   
   519.2839    519.1393    2.387624  -0.824 1.237e+07  15.01    10.755606   1.0    13.143366   1.0 HI   
   520.6110    520.4661    2.381537  -2.010 8.016e+05  15.01    13.047001   0.0    15.428675   1.0 KP   
   522.7422    522.5967    2.371828  -2.090 6.613e+05  15.01    13.056710   1.0    15.428675   1.0 KP   
   525.4941    525.3479    2.359407   0.291 9.441e+07  15.01    11.022098   1.0    13.381640   2.0 HI   
   525.6436    525.4973    2.358736  -1.130 2.556e+06  15.01    13.962413   2.0    16.321285   3.0 KP   
   527.8303    527.6835    2.348964  -3.540 1.381e+04  15.01    13.143366   1.0    15.492465   2.0 KP   
   529.5884    529.4411    2.341166  -2.200 5.002e+05  15.01    13.087374   2.0    15.428675   1.0 KP   
   529.7551    529.6077    2.340430  -0.134 5.819e+07  15.01    10.802802   2.0    13.143366   1.0 HI   
   530.3658    530.2183    2.337734  -3.340 3.613e+04  15.01    13.670771   1.0    16.008640   1.0 KP   
   531.7534    531.6055    2.331634  -0.341 2.151e+07  15.01    10.755606   1.0    13.087374   2.0 HI   
   533.4605    533.3122    2.324173  -2.040 4.275e+05  15.01    13.962413   2.0    16.286719   2.0 KP   
   534.6216    534.4729    2.319125  -0.329 3.647e+07  15.01    10.737452   0.0    13.056710   1.0 HI   
   537.9688    537.8192    2.304696  -0.062 3.996e+07  15.01    13.056710   1.0    15.361539   2.0 MRB  
   538.8393    538.6895    2.300973  -0.305 3.794e+07  15.01    10.755606   1.0    13.056710   1.0 HI   
   541.1226    540.9722    2.291263  -0.368 9.762e+07  15.01    10.755606   1.0    13.047001   0.0 HI   
   542.5639    542.4131    2.285177  -1.570 2.033e+06  15.01    13.143366   1.0    15.428675   1.0 KP   
   542.7388    542.5880    2.284440   0.241 7.888e+07  15.01    10.802802   2.0    13.087374   2.0 HI   
   543.8870    543.7359    2.279617  -0.394 1.300e+07  15.01    13.962413   2.0    16.242161   3.0 MRB  
   545.1841    545.0326    2.274194  -2.550 1.265e+05  15.01    13.962413   2.0    16.236738   2.0 KP   
   545.2224    545.0709    2.274034  -0.050 4.000e+07  15.01    13.087374   2.0    15.361539   2.0 MRB  
   546.2696    546.1178    2.269675   0.469 9.402e+07  15.01    13.962413   2.0    16.232218   3.0 MRB  
   548.5043    548.3519    2.260428  -0.700 1.474e+07  15.01    13.047001   0.0    15.307559   1.0 NBS  
   549.6354    549.4827    2.255776  -2.820 1.114e+05  15.01    13.962413   2.0    16.218319   1.0 KP   
   550.1225    549.9697    2.253779  -0.495 2.350e+07  15.01    10.802802   2.0    13.056710   1.0 HI   
   550.8704    550.7174    2.250719  -0.125 5.494e+07  15.01    13.056710   1.0    15.307559   1.0 MRB  
   554.2678    554.1139    2.236923  -0.337 9.993e+07  15.01    13.056710   1.0    15.293762   0.0 MRB  
   558.4785    558.3235    2.220057   0.096 8.892e+07  15.01    13.087374   2.0    15.307559   1.0 MRB  
   558.9853    558.8301    2.218045  -0.112 3.299e+07  15.01    13.143366   1.0    15.361539   2.0 MRB  
   562.0213    561.8653    2.206063  -3.900 5.317e+03  15.01    13.962413   2.0    16.168603   2.0 KP   
   563.5210    563.3646    2.200192  -3.980 4.399e+03  15.01    10.887055   2.0    13.087374   2.0 KP   
   568.7357    568.5779    2.180019  -2.920 4.958e+04  15.01    10.907230   3.0    13.087374   2.0 KP   
   569.2631    569.1052    2.177999  -2.980 7.184e+04  15.01    13.962413   2.0    16.140537   1.0 KP   
   571.4851    571.3266    2.169531  -3.380 2.838e+04  15.01    10.887055   2.0    13.056710   1.0 KP   
   572.9277    572.7688    2.164068  -0.670 1.448e+07  15.01    13.143366   1.0    15.307559   1.0 NBS  
   576.6035    576.4436    2.150272  -1.140 1.453e+07  15.01    13.143366   1.0    15.293762   0.0 NBS  
   581.1946    581.0335    2.133286  -2.520 8.519e+04  15.01    13.381640   2.0    15.515049   3.0 KP   
   584.5208    584.3588    2.121147  -1.820 9.849e+05  15.01    11.022098   1.0    13.143366   1.0 KP   
   586.2235    586.0611    2.114986  -4.780 6.442e+02  15.01    13.962413   2.0    16.077520   2.0 KP   
   587.4130    587.2502    2.110703  -1.340 1.767e+06  15.01    13.381640   2.0    15.492465   2.0 KP   
   589.5357    589.3724    2.103103  -1.750 1.138e+06  15.01    13.962413   2.0    16.065637   1.0 KP   
   598.5867    598.4209    2.071303  -0.758 1.083e+07  15.01    12.602069   1.0    14.673492   1.0 HI   
   600.3680    600.2018    2.065157  -4.380 1.543e+03  15.01    11.022098   1.0    13.087374   2.0 KP   
   602.5846    602.4178    2.057561   0.137 5.036e+07  15.01    10.755606   1.0    12.813285   2.0 HI   
   603.5710    603.4039    2.054198  -0.209 3.772e+07  15.01    10.737452   0.0    12.791768   1.0 HI   
   604.4757    604.3084    2.051123   0.384 6.313e+07  15.01    10.802802   2.0    12.854043   3.0 HI   
   605.7181    605.5504    2.046917  -0.937 7.006e+06  15.01    13.381640   2.0    15.428675   1.0 MRB  
   605.9570    605.7893    2.046109   0.042 6.670e+07  15.01    13.962413   2.0    16.008640   1.0 MRB  
   608.7750    608.6065    2.036638  -3.710 1.170e+04  15.01    13.826120   0.0    15.862875   1.0 KP   
   608.9522    608.7837    2.036046  -0.444 2.157e+07  15.01    10.755606   1.0    12.791768   1.0 HI   
   609.4161    609.2474    2.034496  -2.860 8.264e+04  15.01    11.022098   1.0    13.056710   1.0 KP   
   612.3383    612.1689    2.024786  -2.730 3.312e+05  15.01    11.022098   1.0    13.047001   0.0 KP   
   616.7304    616.5598    2.010367  -0.469 1.191e+07  15.01    10.802802   2.0    12.813285   2.0 HI   
   621.4461    621.2742    1.995112  -2.950 6.459e+04  15.01    13.826120   0.0    15.821347   1.0 KP   
   623.4021    623.2297    1.988852  -1.710 1.115e+06  15.01    10.802802   2.0    12.791768   1.0 HI   
   626.2572    626.0840    1.979785  -2.460 1.179e+05  15.01    13.381640   2.0    15.361539   2.0 KP   
   630.3676    630.1933    1.966875   1.544 8.392e+08  15.01    10.887055   2.0    12.854043   3.0 HI   
   636.9000    636.7240    1.946702  -1.900 2.957e+05  15.01    10.907230   3.0    12.854043   3.0 HI   
   643.7061    643.5282    1.926119  -0.903 4.025e+06  15.01    10.887055   2.0    12.813285   2.0 HI   
   643.8101    643.6322    1.925808  -0.553 1.501e+07  15.01    13.381640   2.0    15.307559   1.0 MRB  
   646.1730    645.9945    1.918765   0.161 3.306e+07  15.01    10.935168   4.0    12.854043   3.0 HI   
   650.5195    650.3398    1.905945  -0.006 3.109e+07  15.01    10.907230   3.0    12.813285   2.0 HI   
   650.9777    650.7979    1.904604  -0.180 3.466e+07  15.01    10.887055   2.0    12.791768   1.0 HI   
   658.9309    658.7489    1.881615  -2.230 3.015e+05  15.01    12.791768   1.0    14.673492   1.0 KP   
   664.9759    664.7923    1.864510  -2.030 4.692e+05  15.01    10.737452   0.0    12.602069   1.0 KP   
   666.5525    666.3685    1.860100  -4.620 1.200e+03  15.01    12.813285   2.0    14.673492   1.0 KP   
   671.5136    671.3283    1.846358  -1.280 2.588e+06  15.01    10.755606   1.0    12.602069   1.0 KP   
   689.1281    688.9380    1.799164  -3.750 8.325e+03  15.01    10.802802   2.0    12.602069   1.0 KP   
   692.2370    692.0461    1.791084  -1.650 6.232e+05  15.01    11.022098   1.0    12.813285   2.0 KP   
   700.6535    700.4603    1.769569  -1.340 2.070e+06  15.01    11.022098   1.0    12.791768   1.0 KP   
   711.4799    711.2838    1.742641  -0.190 1.701e+07  15.01    14.673492   1.0    16.416233   2.0 KP   
   722.9827    722.7835    1.714916  -2.550 1.199e+05  15.01    10.887055   2.0    12.602069   1.0 KP   
   723.4968    723.2975    1.713697  -0.120 1.933e+07  15.01    14.673492   1.0    16.387287   2.0 KP   
   762.3317    762.1219    1.626398  -3.330 1.789e+04  15.01    13.047001   0.0    14.673492   1.0 KP   
   768.5993    768.3878    1.613135  -2.370 9.633e+04  15.01    14.673492   1.0    16.286719   2.0 KP   
   773.7184    773.5055    1.602462  -0.530 1.096e+07  15.01    13.826120   0.0    15.428675   1.0 NBS  
   781.7361    781.5211    1.586027  -4.120 2.760e+03  15.01    13.087374   2.0    14.673492   1.0 KP   
   784.7772    784.5613    1.579881  -0.059 3.151e+07  15.01    11.022098   1.0    12.602069   1.0 HI   
   793.1736    792.9555    1.563156  -1.550 5.976e+05  15.01    14.673492   1.0    16.236738   2.0 KP   
   802.6307    802.4100    1.544738  -2.660 7.550e+04  15.01    14.673492   1.0    16.218319   1.0 KP   
   807.8726    807.6505    1.534715  -1.490 1.102e+06  15.01    16.008640   1.0    17.543443   1.0 KP   
   810.3426    810.1198    1.530037  -3.290 1.736e+04  15.01    13.143366   1.0    14.673492   1.0 KP   
   829.3201    829.0922    1.495025  -4.180 1.281e+03  15.01    14.673492   1.0    16.168603   2.0 KP   
   836.9742    836.7442    1.481353  -1.800 5.030e+05  15.01    13.826120   0.0    15.307559   1.0 KP   
   839.0310    838.8005    1.477722  -1.300 1.583e+06  15.01    16.065637   1.0    17.543443   1.0 KP   
   845.1857    844.9535    1.466961  -2.810 4.821e+04  15.01    14.673492   1.0    16.140537   1.0 KP   
   845.8327    845.6003    1.465839  -3.180 2.053e+04  15.01    16.077520   2.0    17.543443   1.0 KP   
   886.1265    885.8833    1.399184  -2.140 8.791e+04  15.01    16.077520   2.0    17.476785   3.0 KP   
   890.6584    890.4139    1.392065  -1.600 7.040e+05  15.01    14.673492   1.0    16.065637   1.0 KP   
   901.8686    901.6211    1.374762  -3.120 2.074e+04  15.01    16.168603   2.0    17.543443   1.0 KP   
   911.4798    911.2297    1.360265   0.001 1.609e+07  15.01    12.602069   1.0    13.962413   2.0 HI   
   914.8486    914.5976    1.355256  -1.450 4.040e+05  15.01    16.121451   3.0    17.476785   3.0 KP   
   924.7392    924.4855    1.340761  -0.630 3.657e+06  15.01    16.008640   1.0    17.349478   2.0 KP   
   928.6802    928.4254    1.335071  -1.130 1.911e+06  15.01    14.673492   1.0    16.008640   1.0 KP   
   935.7049    935.4482    1.325049  -1.560 6.994e+05  15.01    16.218319   1.0    17.543443   1.0 KP   
   947.8232    947.5633    1.308107  -2.050 9.453e+04  15.01    16.168603   2.0    17.476785   3.0 KP   
   948.8944    948.6342    1.306630  -2.410 9.607e+04  15.01    16.236738   2.0    17.543443   1.0 KP   
   951.2042    950.9433    1.303458   0.000 1.474e+07  15.01    16.008640   1.0    17.312172   2.0 GUES 
   959.8053    959.5421    1.291777  -1.810 3.738e+05  15.01    13.381640   2.0    14.673492   1.0 KP   
   965.7935    965.5287    1.283768  -0.470 4.846e+06  15.01    16.065637   1.0    17.349478   2.0 KP   
   974.8166    974.5493    1.271885  -0.810 2.174e+06  15.01    16.077520   2.0    17.349478   2.0 KP   
   986.2857    986.0153    1.257095  -1.770 1.663e+05  15.01    16.077520   2.0    17.334687   3.0 KP   
   986.6331    986.3626    1.256652  -1.700 4.557e+05  15.01    16.286719   2.0    17.543443   1.0 KP   
   989.8011    989.5298    1.252630  -0.500 4.306e+06  15.01    16.008640   1.0    17.261342   2.0 KP   
   994.6972    994.4246    1.246464  -1.000 1.348e+06  15.01    16.065637   1.0    17.312172   2.0 GUES 
   996.2710    995.9979    1.244495  -2.130 7.117e+04  15.01    16.232218   3.0    17.476785   3.0 KP   
   999.9021    999.6280    1.239976  -4.170 6.443e+02  15.01    16.236738   2.0    17.476785   3.0 KP   
  1004.2711   1003.9959    1.234581   0.200 2.096e+07  15.01    16.077520   2.0    17.312172   2.0 GUES 
  1004.2943   1004.0191    1.234553  -4.410 3.675e+02  15.01    16.242161   3.0    17.476785   3.0 KP   
  1007.5191   1007.2430    1.230601  -4.240 5.402e+02  15.01    16.246113   4.0    17.476785   3.0 KP   
  1009.6890   1009.4123    1.227957  -1.030 1.221e+06  15.01    16.121451   3.0    17.349478   2.0 KP   
  1021.9985   1021.7185    1.213167  -0.010 8.915e+06  15.01    16.121451   3.0    17.334687   3.0 KP   
  1025.6294   1025.3484    1.208872  -0.270 6.810e+06  15.01    16.140537   1.0    17.349478   2.0 KP   
  1036.9830   1036.6989    1.195636  -0.340 5.670e+06  15.01    16.065637   1.0    17.261342   2.0 KP   
  1041.3228   1041.0375    1.190653  -1.300 6.166e+05  15.01    16.121451   3.0    17.312172   2.0 GUES 
  1041.8967   1041.6113    1.189997   0.510 2.840e+07  15.01    16.286719   2.0    17.476785   3.0 KP   
  1047.3924   1047.1055    1.183753  -0.220 7.327e+06  15.01    16.077520   2.0    17.261342   2.0 KP   
  1050.0054   1049.7178    1.180808  -0.270 6.498e+06  15.01    16.168603   2.0    17.349478   2.0 KP   
  1058.2862   1057.9963    1.171568   0.100 1.500e+07  15.01    16.140537   1.0    17.312172   2.0 GUES 
  1059.0091   1058.7190    1.170768   0.190 1.842e+07  15.01    16.008640   1.0    17.179476   2.0 KP   
  1059.1818   1058.8917    1.170578  -2.260 6.535e+04  15.01    12.791768   1.0    13.962413   2.0 KP   
  1062.4712   1062.1802    1.166953  -0.710 3.840e+06  15.01    16.008640   1.0    17.175660   1.0 KP   
  1063.3241   1063.0329    1.166017   0.470 2.487e+07  15.01    16.168603   2.0    17.334687   3.0 KP   
  1072.4550   1072.1613    1.156090  -1.960 2.120e+05  15.01    16.387287   2.0    17.543443   1.0 KP   
  1073.0639   1072.7700    1.155434  -3.820 1.252e+03  15.01    16.321285   3.0    17.476785   3.0 KP   
  1079.0140   1078.7185    1.149062  -4.170 7.746e+02  15.01    12.813285   2.0    13.962413   2.0 KP   
  1079.7352   1079.4395    1.148295  -1.260 4.492e+05  15.01    16.328424   4.0    17.476785   3.0 KP   
  1084.2588   1083.9619    1.143504  -1.000 1.135e+06  15.01    16.168603   2.0    17.312172   2.0 GUES 
  1087.0263   1086.7286    1.140593  -3.190 7.289e+03  15.01    16.008640   1.0    17.149298   2.0 KP   
  1087.7582   1087.4603    1.139825  -1.370 4.809e+05  15.01    16.121451   3.0    17.261342   2.0 KP   
  1096.1547   1095.8545    1.131094  -0.320 5.314e+06  15.01    16.218319   1.0    17.349478   2.0 KP   
  1096.9567   1096.6563    1.130267  -3.790 2.997e+03  15.01    16.413111   1.0    17.543443   1.0 KP   
  1099.9951   1099.6939    1.127145  -1.470 6.226e+05  15.01    16.416233   2.0    17.543443   1.0 KP   
  1101.5387   1101.2371    1.125566   0.640 3.428e+07  15.01    16.077520   2.0    17.203151   3.0 KP   
  1106.2816   1105.9787    1.120740  -0.070 9.277e+06  15.01    16.140537   1.0    17.261342   2.0 KP   
  1108.6228   1108.3193    1.118373   0.800 3.805e+07  15.01    16.121451   3.0    17.239888   4.0 KP   
  1109.7916   1109.4878    1.117196  -0.740 1.971e+06  15.01    16.232218   3.0    17.349478   2.0 KP   
  1113.2002   1112.8954    1.113775   0.150 1.521e+07  15.01    16.065637   1.0    17.179476   2.0 KP   
  1114.2993   1113.9942    1.112676  -1.860 1.483e+05  15.01    16.236738   2.0    17.349478   2.0 KP   
  1117.0264   1116.7206    1.109960  -0.500 5.635e+06  15.01    16.065637   1.0    17.175660   1.0 KP   
  1119.7569   1119.4503    1.107253  -1.200 6.713e+05  15.01    16.242161   3.0    17.349478   2.0 KP   
  1124.6810   1124.3731    1.102405  -4.090 6.123e+02  15.01    16.232218   3.0    17.334687   3.0 KP   
  1125.2049   1124.8969    1.101892  -0.400 4.195e+06  15.01    16.077520   2.0    17.179476   2.0 KP   
  1127.0742   1126.7657    1.100065  -0.660 1.641e+06  15.01    16.376657   4.0    17.476785   3.0 KP   
  1129.1142   1128.8051    1.098077  -0.650 3.904e+06  15.01    16.077520   2.0    17.175660   1.0 KP   
  1129.3105   1129.0014    1.097886  -3.450 2.651e+03  15.01    16.236738   2.0    17.334687   3.0 KP   
  1133.5388   1133.2285    1.093791  -0.500 3.283e+06  15.01    16.218319   1.0    17.312172   2.0 GUES 
  1134.0684   1133.7580    1.093280  -2.310 3.629e+04  15.01    16.383442   3.0    17.476785   3.0 KP   
  1134.6951   1134.3845    1.092676  -1.170 7.005e+05  15.01    16.168603   2.0    17.261342   2.0 KP   
  1134.9167   1134.6060    1.092463  -1.720 1.410e+05  15.01    16.242161   3.0    17.334687   3.0 KP   
  1138.0707   1137.7592    1.089435  -4.310 3.603e+02  15.01    16.387287   2.0    17.476785   3.0 KP   
  1139.0365   1138.7247    1.088512  -0.550 2.070e+06  15.01    16.246113   4.0    17.334687   3.0 KP   
  1144.2001   1143.8869    1.083599  -1.030 9.509e+05  15.01    16.065637   1.0    17.149298   2.0 KP   
  1146.2750   1145.9613    1.081638  -0.340 3.315e+06  15.01    16.121451   3.0    17.203151   3.0 KP   
  1147.2047   1146.8907    1.080761  -0.440 6.134e+06  15.01    16.008640   1.0    17.089463   1.0 KP   
  1148.1281   1147.8138    1.079892  -3.000 1.012e+04  15.01    16.232218   3.0    17.312172   2.0 GUES 
  1148.1848   1147.8705    1.079839  -0.310 2.478e+07  15.01    12.746219   1.0    13.826120   0.0 KP   
  1152.9531   1152.6375    1.075373  -1.500 3.173e+05  15.01    16.236738   2.0    17.312172   2.0 GUES 
  1156.4156   1156.0991    1.072153  -0.940 5.727e+06  15.01    16.008640   1.0    17.080854   0.0 KP   
  1156.8865   1156.5699    1.071717  -0.320 4.771e+06  15.01    16.077520   2.0    17.149298   2.0 KP   
  1158.7968   1158.4797    1.069950  -0.600 2.495e+06  15.01    16.242161   3.0    17.312172   2.0 GUES 
  1160.2166   1159.8991    1.068640  -3.290 8.471e+03  15.01    12.602069   1.0    13.670771   1.0 KP   
  1166.7046   1166.3853    1.062698  -0.270 5.263e+06  15.01    16.286719   2.0    17.349478   2.0 KP   
  1169.1326   1168.8126    1.060491  -2.950 7.822e+03  15.01    16.416233   2.0    17.476785   3.0 KP   
  1171.9249   1171.6042    1.057964  -2.250 5.462e+04  15.01    16.121451   3.0    17.179476   2.0 KP   
  1183.1716   1182.8478    1.047908  -2.010 6.652e+04  15.01    16.286719   2.0    17.334687   3.0 KP   
  1188.7808   1188.4555    1.042963  -0.640 2.162e+06  15.01    16.218319   1.0    17.261342   2.0 KP   
  1193.4542   1193.1276    1.038879  -1.140 6.785e+05  15.01    16.140537   1.0    17.179476   2.0 KP   
  1197.8529   1197.5252    1.035064  -2.350 6.921e+04  15.01    16.140537   1.0    17.175660   1.0 KP   
  1198.5191   1198.1912    1.034489  -0.760 1.153e+06  15.01    16.168603   2.0    17.203151   3.0 KP   
  1204.8367   1204.5071    1.029064  -2.960 1.008e+04  15.01    16.232218   3.0    17.261342   2.0 KP   
  1205.9264   1205.5965    1.028134  -2.150 6.494e+04  15.01    16.321285   3.0    17.349478   2.0 KP   
  1206.3322   1206.0022    1.027788   0.290 1.787e+07  15.01    16.121451   3.0    17.149298   2.0 KP   
  1209.1489   1208.8181    1.025394  -1.000 9.124e+05  15.01    16.286719   2.0    17.312172   2.0 GUES 
  1210.1512   1209.8201    1.024545  -1.500 2.881e+05  15.01    16.236738   2.0    17.261342   2.0 KP   
  1211.0701   1210.7388    1.023768  -0.900 1.908e+06  15.01    16.065637   1.0    17.089463   1.0 KP   
  1216.5909   1216.2581    1.019122  -0.640 2.065e+06  15.01    16.242161   3.0    17.261342   2.0 KP   
  1221.3397   1221.0056    1.015159  -0.560 1.232e+07  15.01    16.065637   1.0    17.080854   0.0 KP   
  1223.5274   1223.1927    1.013344  -2.340 2.909e+04  15.01    16.321285   3.0    17.334687   3.0 KP   
  1225.2920   1224.9568    1.011885  -0.130 1.098e+07  15.01    16.077520   2.0    17.089463   1.0 KP   
  1226.5890   1226.2535    1.010815  -1.170 5.995e+05  15.01    16.168603   2.0    17.179476   2.0 KP   
  1229.1565   1228.8203    1.008703  -0.530 2.606e+06  15.01    16.140537   1.0    17.149298   2.0 KP   
  1230.4875   1230.1509    1.007612  -3.490 1.584e+03  15.01    16.232218   3.0    17.239888   4.0 KP   
  1231.2360   1230.8992    1.007000  -1.600 3.684e+05  15.01    16.168603   2.0    17.175660   1.0 KP   
  1232.2085   1231.8714    1.006205  -1.310 3.074e+05  15.01    16.328424   4.0    17.334687   3.0 KP   
  1242.7501   1242.4102    0.997670  -2.730 8.935e+03  15.01    16.242161   3.0    17.239888   4.0 KP   
  1247.6918   1247.3505    0.993719  -1.480 1.576e+05  15.01    16.246113   4.0    17.239888   4.0 KP   
  1251.3280   1250.9857    0.990831  -0.800 1.350e+06  15.01    16.321285   3.0    17.312172   2.0 GUES 
  1264.3328   1263.9870    0.980639  -0.050 7.438e+06  15.01    16.168603   2.0    17.149298   2.0 KP   
  1266.3149   1265.9686    0.979104  -0.750 1.479e+06  15.01    15.307559   1.0    16.286719   2.0 KP   
  1272.2112   1271.8633    0.974566  -0.650 1.845e+06  15.01    16.286719   2.0    17.261342   2.0 KP   
  1277.0462   1276.6970    0.970877  -1.800 9.260e+04  15.01    16.232218   3.0    17.203151   3.0 KP   
  1283.0185   1282.6676    0.966357  -2.440 2.102e+04  15.01    16.236738   2.0    17.203151   3.0 KP   
  1283.5191   1283.1681    0.965980  -0.930 9.514e+05  15.01    16.383442   3.0    17.349478   2.0 KP   
  1288.6482   1288.2958    0.962136  -2.640 1.840e+04  15.01    16.387287   2.0    17.349478   2.0 KP   
  1290.0313   1289.6785    0.961104  -2.960 4.395e+04  15.01    12.864961   1.0    13.826120   0.0 KP   
  1290.0346   1289.6818    0.961102  -2.040 7.311e+04  15.01    16.218319   1.0    17.179476   2.0 KP   
  1290.2593   1289.9065    0.960934  -1.870 7.721e+04  15.01    16.242161   3.0    17.203151   3.0 KP   
  1294.2454   1293.8915    0.957975  -2.140 4.121e+04  15.01    16.376657   4.0    17.334687   3.0 KP   
  1295.1758   1294.8216    0.957287  -0.890 1.707e+06  15.01    16.218319   1.0    17.175660   1.0 KP   
  1295.5869   1295.2326    0.956983  -0.850 8.019e+05  15.01    16.246113   4.0    17.203151   3.0 KP   
  1303.4767   1303.1203    0.951190  -1.080 4.665e+05  15.01    16.383442   3.0    17.334687   3.0 KP   
  1306.6618   1306.3045    0.948872  -0.890 1.678e+06  15.01    16.140537   1.0    17.089463   1.0 KP   
  1308.7669   1308.4090    0.947345  -2.230 3.276e+04  15.01    16.387287   2.0    17.334687   3.0 KP   
  1308.9639   1308.6060    0.947203  -1.250 4.378e+05  15.01    16.232218   3.0    17.179476   2.0 KP   
  1315.2391   1314.8795    0.942684  -1.410 3.000e+05  15.01    16.236738   2.0    17.179476   2.0 KP   
  1318.6245   1318.2640    0.940263  -0.380 1.599e+07  15.01    16.140537   1.0    17.080854   0.0 KP   
  1318.9897   1318.6291    0.940003  -0.860 1.058e+06  15.01    16.321285   3.0    17.261342   2.0 KP   
  1322.8493   1322.4876    0.937260  -0.750 1.356e+06  15.01    16.242161   3.0    17.179476   2.0 KP   
  1324.1877   1323.8256    0.936313  -2.140 5.511e+04  15.01    16.413111   1.0    17.349478   2.0 KP   
  1328.6177   1328.2544    0.933191  -1.020 7.217e+05  15.01    16.416233   2.0    17.349478   2.0 KP   
  1331.8505   1331.4864    0.930926  -0.300 3.769e+06  15.01    16.218319   1.0    17.149298   2.0 KP   
  1335.0760   1334.7110    0.928677  -1.400 2.980e+05  15.01    16.383442   3.0    17.312172   2.0 GUES 
  1340.1987   1339.8323    0.925127  -1.250 4.177e+05  15.01    15.361539   2.0    16.286719   2.0 KP   
  1340.6263   1340.2598    0.924832  -1.500 2.347e+05  15.01    16.387287   2.0    17.312172   2.0 GUES 
  1341.1027   1340.7361    0.924504  -0.690 2.524e+06  15.01    15.293762   0.0    16.218319   1.0 KP   
  1341.5886   1341.2218    0.924169  -3.420 1.409e+04  15.01    12.901898   1.0    13.826120   0.0 KP   
  1342.2477   1341.8807    0.923715  -2.440 2.688e+04  15.01    15.492465   2.0    16.416233   2.0 KP   
  1346.4858   1346.1177    0.920808  -0.220 7.389e+06  15.01    16.168603   2.0    17.089463   1.0 KP   
  1346.7995   1346.4313    0.920593  -2.290 6.286e+04  15.01    15.492465   2.0    16.413111   1.0 KP   
  1349.7936   1349.4246    0.918551  -2.760 7.069e+03  15.01    16.321285   3.0    17.239888   4.0 KP   
  1350.0141   1349.6450    0.918401  -2.290 2.681e+04  15.01    16.416233   2.0    17.334687   3.0 KP   
  1352.9932   1352.6233    0.916379  -2.630 1.220e+04  15.01    16.286719   2.0    17.203151   3.0 KP   
  1360.3666   1359.9947    0.911412  -1.100 3.181e+05  15.01    16.328424   4.0    17.239888   4.0 KP   
  1361.4185   1361.0463    0.910708  -0.280 6.295e+06  15.01    15.307559   1.0    16.218319   1.0 KP   
  1375.8849   1375.5088    0.901132  -2.290 3.614e+04  15.01    15.515049   3.0    16.416233   2.0 KP   
  1379.1335   1378.7565    0.899010  -2.200 4.425e+04  15.01    16.413111   1.0    17.312172   2.0 GUES 
  1383.9394   1383.5611    0.895888  -2.100 5.533e+04  15.01    16.416233   2.0    17.312172   2.0 GUES 
  1385.6673   1385.2885    0.894771  -1.990 7.109e+04  15.01    15.492465   2.0    16.387287   2.0 KP   
  1388.8734   1388.4938    0.892705  -1.090 5.621e+05  15.01    16.286719   2.0    17.179476   2.0 KP   
  1391.6471   1391.2667    0.890926  -4.380 2.051e+02  15.01    15.492465   2.0    16.383442   3.0 KP   
  1394.8343   1394.4531    0.888890   0.170 1.690e+07  15.01    16.286719   2.0    17.175660   1.0 KP   
  1406.0248   1405.6405    0.881815  -1.110 3.741e+05  15.01    16.321285   3.0    17.203151   3.0 KP   
  1408.5678   1408.1828    0.880223   0.070 4.389e+06  15.01    16.359614   5.0    17.239888   4.0 KP   
  1410.6043   1410.2188    0.878953  -4.810 1.731e+02  15.01    12.791768   1.0    13.670771   1.0 KP   
  1412.3775   1411.9915    0.877849  -1.400 2.662e+05  15.01    16.383442   3.0    17.261342   2.0 KP   
  1416.9946   1416.6073    0.874989  -4.050 5.921e+02  15.01    13.087374   2.0    13.962413   2.0 KP   
  1417.5007   1417.1133    0.874676  -0.190 3.062e+06  15.01    16.328424   4.0    17.203151   3.0 KP   
  1418.5906   1418.2029    0.874004  -1.390 2.700e+05  15.01    16.387287   2.0    17.261342   2.0 KP   
  1421.5449   1421.1564    0.872188  -2.040 6.021e+04  15.01    15.515049   3.0    16.387287   2.0 KP   
  1423.3295   1422.9405    0.871094  -0.530 3.239e+06  15.01    16.218319   1.0    17.089463   1.0 KP   
  1436.3771   1435.9846    0.863182  -2.220 2.164e+04  15.01    16.376657   4.0    17.239888   4.0 KP   
  1437.4631   1437.0703    0.862530  -1.690 1.318e+05  15.01    16.286719   2.0    17.149298   2.0 KP   
  1437.5355   1437.1426    0.862486  -0.890 4.158e+06  15.01    16.218319   1.0    17.080854   0.0 KP   
  1439.0829   1438.6896    0.861559  -0.110 2.778e+06  15.01    15.515049   3.0    16.376657   4.0 KP   
  1440.0258   1439.6323    0.860995   0.040 7.054e+06  15.01    15.307559   1.0    16.168603   2.0 KP   
  1444.8132   1444.4184    0.858142  -0.310 3.130e+06  15.01    16.321285   3.0    17.179476   2.0 KP   
  1445.0596   1444.6647    0.857995   0.440 1.759e+07  15.01    15.428675   1.0    16.286719   2.0 KP   
  1447.1927   1446.7972    0.856731  -0.060 9.246e+06  15.01    15.361539   2.0    16.218319   1.0 KP   
  1447.7562   1447.3606    0.856397  -2.360 1.543e+04  15.01    16.383442   3.0    17.239888   4.0 KP   
  1461.7788   1461.3794    0.848182  -2.520 1.885e+04  15.01    16.413111   1.0    17.261342   2.0 KP   
  1463.2611   1462.8613    0.847323  -0.660 2.272e+06  15.01    13.826120   0.0    14.673492   1.0 KP   
  1464.2918   1463.8917    0.846726  -0.130 7.687e+06  15.01    15.293762   0.0    16.140537   1.0 KP   
  1467.1792   1466.7783    0.845060  -2.420 2.356e+04  15.01    16.416233   2.0    17.261342   2.0 KP   
  1483.3868   1482.9815    0.835827  -1.600 1.088e+05  15.01    15.547567   4.0    16.383442   3.0 KP   
  1488.5449   1488.1382    0.832930  -0.600 2.520e+06  15.01    15.307559   1.0    16.140537   1.0 KP   
  1495.5261   1495.1175    0.829042  -1.460 1.149e+05  15.01    15.547567   4.0    16.376657   4.0 KP   
  1496.0138   1495.6051    0.828772   0.380 1.021e+07  15.01    15.492465   2.0    16.321285   3.0 KP   
  1500.2243   1499.8144    0.826446  -0.830 6.262e+05  15.01    16.376657   4.0    17.203151   3.0 KP   
  1512.6419   1512.2286    0.819662  -4.130 3.087e+02  15.01    16.383442   3.0    17.203151   3.0 KP   
  1513.8647   1513.4511    0.818999  -3.020 5.559e+03  15.01    13.143366   1.0    13.962413   2.0 KP   
  1519.7707   1519.3555    0.815817  -2.790 6.691e+03  15.01    16.387287   2.0    17.203151   3.0 KP   
  1524.4205   1524.0040    0.813328   0.520 1.056e+07  15.01    15.515049   3.0    16.328424   4.0 KP   
  1526.9133   1526.4962    0.812000   0.810 1.679e+07  15.01    15.547567   4.0    16.359614   5.0 KP   
  1536.3414   1535.9217    0.807018   0.230 9.598e+06  15.01    15.361539   2.0    16.168603   2.0 KP   
  1537.9197   1537.4996    0.806189  -0.380 1.679e+06  15.01    15.515049   3.0    16.321285   3.0 KP   
  1544.6091   1544.1871    0.802698  -0.680 1.947e+06  15.01    16.286719   2.0    17.089463   1.0 KP   
  1557.6300   1557.2045    0.795988  -2.760 9.555e+03  15.01    16.383442   3.0    17.179476   2.0 KP   
  1561.1193   1560.6929    0.794209  -1.370 2.335e+05  15.01    15.492465   2.0    16.286719   2.0 KP   
  1565.1902   1564.7626    0.792143  -2.350 2.432e+04  15.01    16.387287   2.0    17.179476   2.0 KP   
  1570.2334   1569.8045    0.789599  -0.840 1.303e+06  15.01    15.428675   1.0    16.218319   1.0 KP   
  1575.6741   1575.2437    0.786872  -3.020 3.665e+03  15.01    16.416233   2.0    17.203151   3.0 KP   
  1587.9040   1587.4703    0.780812  -0.310 1.440e+06  15.01    15.547567   4.0    16.328424   4.0 KP   
  1591.6927   1591.2579    0.778953  -0.220 5.288e+06  15.01    15.361539   2.0    16.140537   1.0 KP   
  1602.5564   1602.1187    0.773673  -1.960 4.068e+04  15.01    15.547567   4.0    16.321285   3.0 KP   
  1606.3819   1605.9431    0.771830  -0.310 4.220e+06  15.01    15.293762   0.0    16.065637   1.0 KP   
  1606.8078   1606.3689    0.771626  -2.190 3.336e+04  15.01    15.515049   3.0    16.286719   2.0 KP   
  1610.3733   1609.9335    0.769917   0.190 7.967e+06  15.01    15.307559   1.0    16.077520   2.0 KP   
  1617.9319   1617.4900    0.766321  -3.080 4.239e+03  15.01    16.413111   1.0    17.179476   2.0 KP   
  1624.5502   1624.1065    0.763199  -3.700 1.009e+03  15.01    16.416233   2.0    17.179476   2.0 KP   
  1631.6700   1631.2244    0.759868   0.580 1.361e+07  15.01    15.361539   2.0    16.121451   3.0 KP   
  1635.6172   1635.1705    0.758035  -0.520 2.510e+06  15.01    15.307559   1.0    16.065637   1.0 KP   
  1653.9041   1653.4524    0.749653  -0.090 2.831e+06  15.01    15.492465   2.0    16.242161   3.0 KP   
  1665.9559   1665.5009    0.744230  -0.660 1.052e+06  15.01    15.492465   2.0    16.236738   2.0 KP   
  1675.7380   1675.2804    0.739886  -2.420 1.806e+04  15.01    15.428675   1.0    16.168603   2.0 KP   
  1676.1340   1675.6763    0.739711  -0.500 1.073e+06  15.01    15.492465   2.0    16.232218   3.0 KP   
  1696.0565   1695.5934    0.731022  -0.170 1.742e+06  15.01    15.515049   3.0    16.246113   4.0 KP   
  1705.2741   1704.8084    0.727070  -1.060 2.854e+05  15.01    15.515049   3.0    16.242161   3.0 KP   
  1708.2308   1707.7643    0.725812  -4.640 1.745e+02  15.01    15.492465   2.0    16.218319   1.0 KP   
  1718.0890   1717.6199    0.721647  -1.660 9.887e+04  15.01    15.515049   3.0    16.236738   2.0 KP   
  1728.9163   1728.4442    0.717128  -1.070 2.713e+05  15.01    15.515049   3.0    16.232218   3.0 KP   
  1731.7847   1731.3118    0.715940  -0.020 4.248e+06  15.01    15.361539   2.0    16.077520   2.0 KP   
  1734.4580   1733.9844    0.714837  -0.720 1.408e+06  15.01    15.293762   0.0    16.008640   1.0 KP   
  1741.8053   1741.3297    0.711821  -3.250 4.121e+03  15.01    15.428675   1.0    16.140537   1.0 KP   
  1761.0129   1760.5321    0.704058  -0.760 1.246e+06  15.01    15.361539   2.0    16.065637   1.0 KP   
  1768.5906   1768.1077    0.701041  -0.270 3.817e+06  15.01    15.307559   1.0    16.008640   1.0 KP   
  1775.0103   1774.5257    0.698505  -0.640 5.389e+05  15.01    15.547567   4.0    16.246113   4.0 KP   
  1785.1087   1784.6213    0.694554  -1.880 3.942e+04  15.01    15.547567   4.0    16.242161   3.0 KP   
  1811.0332   1810.5388    0.684612  -2.610 7.131e+03  15.01    15.547567   4.0    16.232218   3.0 KP   
  1833.8361   1833.3355    0.676099  -1.770 6.737e+04  15.01    15.492465   2.0    16.168603   2.0 KP   
  1897.2056   1896.6877    0.653516  -1.110 2.877e+05  15.01    15.515049   3.0    16.168603   2.0 KP   
  1910.9716   1910.4500    0.648808  -0.810 5.658e+05  15.01    15.428675   1.0    16.077520   2.0 KP   
  1913.2531   1912.7309    0.648035  -1.590 1.561e+05  15.01    15.492465   2.0    16.140537   1.0 KP   
  1916.1236   1915.6006    0.647064  -4.230 3.566e+02  15.01    15.361539   2.0    16.008640   1.0 KP   
  1946.6236   1946.0923    0.636926  -0.250 3.299e+06  15.01    15.428675   1.0    16.065637   1.0 KP   
  1951.3452   1950.8126    0.635384  -1.880 4.618e+04  15.01    12.746219   1.0    13.381640   2.0 KP   
  1971.3095   1970.7715    0.628950  -2.500 7.754e+03  15.01    15.492465   2.0    16.121451   3.0 KP   
  1988.1941   1987.6515    0.623608  -0.510 1.043e+06  15.01    15.792589   2.0    16.416233   2.0 KP   
  1998.1977   1997.6523    0.620486  -1.070 4.739e+05  15.01    15.792589   2.0    16.413111   1.0 KP   

Number of lines in output :  698

Parameter set used in search:

Lower wavelength limit:    200.0000 nm
Upper wavelength limit:   2000.0000 nm
Lower limit on log gf:  -5.000
Upper limit on log gf:   2.000
Lower limit on energy for lower level:        0.000 cm^-1
Upper limit on energy for lower level:  1000000.000 cm^-1
Lower limit on energy for upper level:        0.000 cm^-1
Upper limit on energy for upper level:  1000000.000 cm^-1

Element list:

P II         ( = 15.01 )

Search program by Claas Heise (heise@fz.telekom.de), Jan 17, 1996



