Number of lines in output : 38
--------------------------------------------------------------------------------------------------------
    Wl_vac      Wl_air    E_Photon   log_gf   A-Value   Elem. E_lower_lev.   J   E_upper_lev.   J   Ref.
     / nm        / nm        / eV              / 1/s   (Code)     / eV     lower     / eV     upper     
--------------------------------------------------------------------------------------------------------
   202.2669    202.2017    6.130522  -1.710 1.060e+07  82.00     0.000000   0.0     6.130145   1.0 CB   
   205.3939    205.3281    6.037189  -1.560 1.452e+07  82.00     0.000000   0.0     6.036818   1.0 CB   
   217.0684    217.0003    5.712494  -0.410 1.836e+08  82.00     0.000000   0.0     5.712144   1.0 PS   
   224.7593    224.6896    5.517021  -1.770 4.485e+06  82.00     0.969530   1.0     6.486214   2.0 CB   
   233.3134    233.2418    5.314748  -1.650 9.144e+06  82.00     1.320561   2.0     6.634984   1.0 CB   
   238.9527    238.8799    5.189318  -1.720 7.420e+06  82.00     1.320561   2.0     6.509562   1.0 CB   
   239.4521    239.3792    5.178495  -0.410 6.465e+07  82.00     1.320561   2.0     6.498738   3.0 PS   
   240.0328    239.9597    5.165969  -1.730 4.311e+06  82.00     1.320561   2.0     6.486214   2.0 CB   
   240.2671    240.1940    5.160930  -1.140 2.790e+07  82.00     0.969530   1.0     6.130145   1.0 PS   
   241.2467    241.1734    5.139973  -1.090 1.863e+07  82.00     1.320561   2.0     6.460218   2.0 CB   
   242.9366    242.8629    5.104219  -1.400 8.998e+06  82.00     2.660607   2.0     7.764513   2.0 CB   
   244.4570    244.3829    5.072475  -1.400 4.443e+07  82.00     0.969530   1.0     6.041694   0.0 PS   
   244.6922    244.6181    5.067598  -1.180 2.453e+07  82.00     0.969530   1.0     6.036818   1.0 PS   
   247.7126    247.6378    5.005808  -0.760 3.778e+07  82.00     0.969530   1.0     5.975032   2.0 PS   
   257.8032    257.7260    4.809878  -0.700 6.675e+07  82.00     1.320561   2.0     6.130145   1.0 PS   
   261.4435    261.3655    4.742905  -1.240 1.872e+07  82.00     0.969530   1.0     5.712144   1.0 PS   
   261.4956    261.4175    4.741961   0.080 2.345e+08  82.00     0.969530   1.0     5.711201   2.0 PS   
   262.9046    262.8262    4.716547  -0.760 5.590e+07  82.00     1.320561   2.0     6.036818   1.0 CB   
   265.7885    265.7094    4.665371  -2.280 9.910e+05  82.00     0.969530   1.0     5.634615   2.0 CB   
   266.3946    266.3154    4.654755  -0.270 1.009e+08  82.00     1.320561   2.0     5.975032   2.0 PS   
   280.2821    280.1995    4.424121  -0.050 1.081e+08  82.00     1.320561   2.0     5.744410   3.0 PS   
   282.4020    282.3189    4.390910  -0.740 3.044e+07  82.00     1.320561   2.0     5.711201   2.0 PS   
   283.3886    283.3053    4.375623  -0.670 5.919e+07  82.00     0.000000   0.0     4.375353   1.0 PS   
   287.4154    287.3311    4.314319  -0.590 4.151e+07  82.00     1.320561   2.0     5.634615   2.0 PS   
   322.1460    322.0530    3.849192  -1.110 1.663e+07  82.00     2.660607   2.0     6.509562   1.0 CB   
   357.3749    357.2729    3.469750   0.370 4.081e+08  82.00     2.660607   2.0     6.130145   1.0 CB   
   364.0605    363.9568    3.406032  -0.720 3.196e+07  82.00     0.969530   1.0     4.375353   1.0 PS   
   367.2537    367.1491    3.376418  -0.170 1.114e+08  82.00     2.660607   2.0     6.036818   1.0 CB   
   368.4511    368.3462    3.365445  -0.460 1.704e+08  82.00     0.969530   1.0     4.334769   0.0 PS   
   374.0998    373.9935    3.314628  -0.060 8.302e+07  82.00     2.660607   2.0     5.975032   2.0 NG   
   402.0768    401.9632    3.083992  -0.220 3.551e+07  82.00     2.660607   2.0     5.744410   3.0 CB   
   405.8953    405.7807    3.054979  -0.170 9.124e+07  82.00     1.320561   2.0     4.375353   1.0 NG   
   406.3283    406.2136    3.051724  -0.100 1.070e+08  82.00     2.660607   2.0     5.712144   1.0 CB   
   416.9208    416.8033    2.974190  -0.780 1.274e+07  82.00     2.660607   2.0     5.634615   2.0 CB   
   500.6813    500.5417    2.476629  -0.280 4.655e+07  82.00     3.653668   0.0     6.130145   1.0 CB   
   520.2885    520.1437    2.383296  -0.700 1.639e+07  82.00     3.653668   0.0     6.036818   1.0 CB   
   600.3530    600.1868    2.065454  -0.910 4.553e+06  82.00     4.375355   1.0     6.440683   2.0 CB   
   723.0958    722.8966    1.714851  -0.820 6.436e+06  82.00     2.660607   2.0     4.375353   1.0 NG   

Number of lines in output : 38
Parameter set used in search:
Lower wavelength limit: 200.0000 nm
Upper wavelength limit: 2000.0000 nm
Lower limit on log gf: -5.000 Upper limit on log gf: 3.000 Lower limit on energy for lower level: 0.000 cm^-1
Upper limit on energy for lower level: 1000000.000 cm^-1
Lower limit on energy for upper level: 0.000 cm^-1
Upper limit on energy for upper level: 1000000.000 cm^-1
Element list:
Pb I ( = 82.00 )
Search program by Claas Heise (heise@fz.telekom.de), Jan 17, 1996
