Number of lines in output : 81
--------------------------------------------------------------------------------------------------------
    Wl_vac      Wl_air    E_Photon   log_gf   A-Value   Elem. E_lower_lev.   J   E_upper_lev.   J   Ref.
     / nm        / nm        / eV              / 1/s   (Code)     / eV     lower     / eV     upper     
--------------------------------------------------------------------------------------------------------
   315.8441    315.7527    3.925993  -2.907 2.071e+05  37.00     0.000000   0.5     3.925752   1.5 WA   
   315.9170    315.8256    3.925087  -3.510 1.033e+05  37.00     0.000000   0.5     3.924846   0.5 WA   
   322.8908    322.7976    3.840313  -2.686 3.296e+05  37.00     0.000000   0.5     3.840077   1.5 WA   
   323.0085    322.9153    3.838913  -3.266 1.732e+05  37.00     0.000000   0.5     3.838678   0.5 WA   
   334.9655    334.8692    3.701879  -2.406 5.835e+05  37.00     0.000000   0.5     3.701652   1.5 WA   
   335.1772    335.0809    3.699541  -2.963 3.233e+05  37.00     0.000000   0.5     3.699313   0.5 WA   
   358.8070    358.7046    3.455902  -2.024 1.226e+06  37.00     0.000000   0.5     3.455690   1.5 WA   
   359.2593    359.1568    3.451551  -2.551 7.266e+05  37.00     0.000000   0.5     3.451339   0.5 WA   
   420.2972    420.1788    2.950298  -1.411 3.664e+06  37.00     0.000000   0.5     2.950117   1.5 WA   
   421.6706    421.5519    2.940688  -1.883 2.456e+06  37.00     0.000000   0.5     2.940507   0.5 WA   
   517.1088    516.9648    2.397951  -2.674 2.642e+05  37.00     1.559697   0.5     3.957502   0.5 GHR  
   523.5413    523.3956    2.368489  -2.420 4.626e+05  37.00     1.589158   1.5     3.957502   0.5 GHR  
   532.3850    532.2369    2.329145  -2.460 4.080e+05  37.00     1.559697   0.5     3.888699   0.5 GHR  
   536.4084    536.2593    2.311675  -1.620 1.390e+06  37.00     1.559697   0.5     3.871230   1.5 GHR  
   539.2057    539.0558    2.299682  -2.210 7.073e+05  37.00     1.589158   1.5     3.888699   0.5 GHR  
   543.3035    543.1525    2.282337  -1.356 1.659e+06  37.00     1.589158   1.5     3.871355   2.5 GHR  
   543.3333    543.1823    2.282212  -2.301 2.824e+05  37.00     1.589158   1.5     3.871230   1.5 GHR  
   558.0326    557.8777    2.222095  -2.212 6.573e+05  37.00     1.559697   0.5     3.781657   0.5 GHR  
   564.9329    564.7761    2.194954  -1.409 2.037e+06  37.00     1.559697   0.5     3.754517   1.5 GHR  
   565.5309    565.3740    2.192633  -1.965 1.130e+06  37.00     1.589158   1.5     3.781657   0.5 GHR  
   572.5695    572.4107    2.165679  -1.140 2.457e+06  37.00     1.589158   1.5     3.754704   2.5 GHR  
   572.6190    572.4602    2.165492  -2.108 3.966e+05  37.00     1.589158   1.5     3.754517   1.5 GHR  
   607.2427    607.0746    2.042020  -1.858 1.254e+06  37.00     1.559697   0.5     3.601592   0.5 GHR  
   616.1324    615.9619    2.012557  -1.603 2.192e+06  37.00     1.589158   1.5     3.601592   0.5 GHR  
   620.8022    620.6305    1.997418  -1.222 2.595e+06  37.00     1.559697   0.5     3.556993   1.5 GHR  
   630.0066    629.8324    1.968236  -0.948 3.157e+06  37.00     1.589158   1.5     3.557273   2.5 GHR  
   630.0963    629.9221    1.967956  -1.898 5.312e+05  37.00     1.589158   1.5     3.556993   1.5 GHR  
   728.1995    727.9989    1.702832  -1.377 2.640e+06  37.00     1.559697   0.5     3.262425   0.5 GHR  
   741.0207    740.8166    1.673370  -1.140 4.400e+06  37.00     1.589158   1.5     3.262425   0.5 GHR  
   762.1021    761.8924    1.627081  -1.071 2.438e+06  37.00     1.559697   0.5     3.186678   1.5 GHR  
   775.9782    775.7647    1.597985  -0.834 2.706e+06  37.00     1.589158   1.5     3.187045   2.5 GHR  
   776.1564    775.9429    1.597618  -1.762 4.788e+05  37.00     1.589158   1.5     3.186678   1.5 GHR  
   780.2405    780.0259    1.589256   0.137 3.755e+07  37.00     0.000000   0.5     1.589158   1.5 WA   
   794.9783    794.7597    1.559793  -0.167 3.592e+07  37.00     0.000000   0.5     1.559697   0.5 WA   
   812.5999    812.3765    1.525968  -2.342 1.149e+05  37.00     2.399877   2.5     3.925752   1.5 WA   
   812.6289    812.4055    1.525914  -3.296 1.277e+04  37.00     2.399932   1.5     3.925752   1.5 WA   
   813.1119    812.8884    1.525007  -2.640 1.156e+05  37.00     2.399932   1.5     3.924846   0.5 WA   
   860.9401    860.7037    1.440288  -2.088 1.837e+05  37.00     2.399877   2.5     3.840077   1.5 WA   
   860.9727    860.7363    1.440233  -3.042 2.042e+04  37.00     2.399932   1.5     3.840077   1.5 WA   
   861.8097    861.5730    1.438835  -2.374 1.898e+05  37.00     2.399932   1.5     3.838678   0.5 WA   
   867.4840    867.2458    1.429423  -2.530 6.539e+04  37.00     2.496417   0.5     3.925752   1.5 WA   
   868.0345    867.7961    1.428517  -3.108 3.452e+04  37.00     2.496417   0.5     3.924846   0.5 WA   
   922.7970    922.5438    1.343743  -2.242 1.122e+05  37.00     2.496417   0.5     3.840077   1.5 WA   
   923.7585    923.5051    1.342344  -2.785 6.412e+04  37.00     2.496417   0.5     3.838678   0.5 WA   
   952.4889    952.2277    1.301854  -1.752 3.253e+05  37.00     2.399877   2.5     3.701652   1.5 WA   
   952.5288    952.2676    1.301800  -2.706 3.617e+04  37.00     2.399932   1.5     3.701652   1.5 WA   
   954.2431    953.9814    1.299461  -2.026 3.450e+05  37.00     2.399932   1.5     3.699313   0.5 WA   
  1028.7833   1028.5014    1.205309  -1.842 2.267e+05  37.00     2.496417   0.5     3.701652   1.5 WA   
  1030.7833   1030.5009    1.202970  -2.348 1.409e+05  37.00     2.496417   0.5     3.699313   0.5 WA   
  1174.3802   1174.0588    1.055878  -1.248 6.830e+05  37.00     2.399877   2.5     3.455690   1.5 WA   
  1174.4409   1174.1195    1.055823  -2.202 7.593e+04  37.00     2.399932   1.5     3.455690   1.5 WA   
  1179.3009   1178.9782    1.051472  -1.511 7.393e+05  37.00     2.399932   1.5     3.451339   0.5 WA   
  1219.2059   1218.8724    1.017057  -2.117 1.714e+05  37.00     2.940507   0.5     3.957502   0.5 WA   
  1230.8359   1230.4992    1.007447  -2.201 1.386e+05  37.00     2.950117   1.5     3.957502   0.5 WA   
  1292.5675   1292.2140    0.959332  -1.203 6.254e+05  37.00     2.496417   0.5     3.455690   1.5 WA   
  1298.4568   1298.1017    0.954981  -1.650 4.428e+05  37.00     2.496417   0.5     3.451339   0.5 WA   
  1307.6733   1307.3157    0.948250  -2.056 1.714e+05  37.00     2.940507   0.5     3.888699   0.5 WA   
  1321.0615   1320.7003    0.938640  -1.830 2.827e+05  37.00     2.950117   1.5     3.888699   0.5 WA   
  1323.6898   1323.3279    0.936777  -0.478 6.332e+06  37.00     1.559697   0.5     2.496417   0.5 WA   
  1332.2178   1331.8536    0.930780  -1.793 1.513e+05  37.00     2.940507   0.5     3.871230   1.5 WA   
  1345.9331   1345.5651    0.921295  -1.347 2.760e+05  37.00     2.950117   1.5     3.871355   2.5 WA   
  1346.1160   1345.7480    0.921170  -2.301 4.602e+04  37.00     2.950117   1.5     3.871230   1.5 WA   
  1366.6729   1366.2993    0.907314  -0.134 1.311e+07  37.00     1.589158   1.5     2.496417   0.5 WA   
  1474.0849   1473.6821    0.841201  -1.750 2.729e+05  37.00     2.940507   0.5     3.781657   0.5 WA   
  1475.6902   1475.2870    0.840286   0.167 1.125e+07  37.00     1.559697   0.5     2.399932   1.5 WA   
  1491.1196   1490.7122    0.831591  -1.489 4.865e+05  37.00     2.950117   1.5     3.781657   0.5 WA   
  1523.2315   1522.8154    0.814060  -1.600 1.805e+05  37.00     2.940507   0.5     3.754517   1.5 WA   
  1529.3116   1528.8938    0.810823  -0.535 2.080e+06  37.00     1.589158   1.5     2.399932   1.5 WA   
  1529.4144   1528.9966    0.810769   0.420 1.250e+07  37.00     1.589158   1.5     2.399877   2.5 WA   
  1541.0695   1540.6485    0.804637  -1.121 3.543e+05  37.00     2.950117   1.5     3.754704   2.5 WA   
  1541.4282   1541.0071    0.804450  -2.075 5.905e+04  37.00     2.950117   1.5     3.754517   1.5 WA   
  1677.6750   1677.2169    0.739119  -2.600 1.488e+04  37.00     3.186678   1.5     3.925752   1.5 WA   
  1678.5086   1678.0502    0.738752  -1.646 1.337e+05  37.00     3.187045   2.5     3.925752   1.5 WA   
  1679.7350   1679.2763    0.738213  -1.928 1.395e+05  37.00     3.186678   1.5     3.924846   0.5 WA   
  1869.2533   1868.7430    0.663367  -2.060 4.157e+04  37.00     3.262425   0.5     3.925752   1.5 WA   
  1871.8109   1871.2999    0.662461  -2.583 2.486e+04  37.00     3.262425   0.5     3.924846   0.5 WA   
  1875.5920   1875.0800    0.661126  -1.266 5.138e+05  37.00     2.940507   0.5     3.601592   0.5 WA   
  1897.6556   1897.1376    0.653439  -2.282 2.419e+04  37.00     3.186678   1.5     3.840077   1.5 WA   
  1898.7222   1898.2039    0.653072  -1.328 2.173e+05  37.00     3.187045   2.5     3.840077   1.5 WA   
  1901.7264   1901.2073    0.652040  -1.595 2.343e+05  37.00     3.186678   1.5     3.838678   0.5 WA   
  1903.2574   1902.7379    0.651516  -0.987 9.486e+05  37.00     2.950117   1.5     3.601592   0.5 WA   

Number of lines in output : 81
Parameter set used in search:
Lower wavelength limit: 200.0000 nm
Upper wavelength limit: 2000.0000 nm
Lower limit on log gf: -5.000 Upper limit on log gf: 3.000 Lower limit on energy for lower level: 0.000 cm^-1
Upper limit on energy for lower level: 1000000.000 cm^-1
Lower limit on energy for upper level: 0.000 cm^-1
Upper limit on energy for upper level: 1000000.000 cm^-1
Element list:
Rb I ( = 37.00 )
Search program by Claas Heise (heise@fz.telekom.de), Jan 17, 1996
