Number of lines in output :  489
--------------------------------------------------------------------------------------------------------
    Wl_vac      Wl_air    E_Photon   log_gf   A-Value   Elem. E_lower_lev.   J   E_upper_lev.   J   Ref.
     / nm        / nm       / eV               / 1/s   (Code)     / eV     lower     / eV     upper     
--------------------------------------------------------------------------------------------------------
   208.5866    208.5202    5.944076  -4.030 3.577e+04  16.01    13.661131   1.5    19.605549   1.5 GUES 
   209.1816    209.1151    5.927167  -3.080 3.170e+05  16.01    13.678041   2.5    19.605549   1.5 GUES 
   209.5330    209.4664    5.917230  -4.830 3.745e+03  16.01    13.678041   2.5    19.595611   2.5 GUES 
   210.3939    210.3272    5.893014  -2.550 7.078e+05  16.01    13.702258   3.5    19.595611   2.5 GUES 
   210.5250    210.4582    5.889346  -3.190 4.858e+05  16.01    13.661131   1.5    19.550815   0.5 GUES 
   210.9586    210.8918    5.877240  -3.570 1.008e+05  16.01    13.661131   1.5    19.538708   1.5 GUES 
   211.5674    211.5004    5.860331  -2.550 1.050e+06  16.01    13.678041   2.5    19.538708   1.5 GUES 
   212.5396    212.4724    5.833522  -3.980 1.933e+04  16.01    13.702258   3.5    19.536115   3.5 GUES 
   213.4003    213.3330    5.809994  -4.190 1.576e+04  16.01    13.678041   2.5    19.488368   2.5 GUES 
   213.7108    213.6434    5.801553  -2.400 7.267e+05  16.01    13.734229   4.5    19.536115   3.5 GUES 
   213.8466    213.7792    5.797867  -4.310 1.786e+04  16.01    13.661131   1.5    19.459330   1.5 GUES 
   214.2935    214.2260    5.785778  -2.490 7.834e+05  16.01    13.702258   3.5    19.488368   2.5 GUES 
   214.3497    214.2822    5.784259  -2.760 1.261e+06  16.01    13.661131   1.5    19.445722   0.5 GUES 
   214.4721    214.4046    5.780958  -2.810 5.615e+05  16.01    13.678041   2.5    19.459330   1.5 GUES 
   227.4979    227.4276    5.449960  -3.960 3.533e+04  16.01    14.155276   0.5    19.605549   1.5 GUES 
   227.6960    227.6257    5.445219  -3.710 6.271e+04  16.01    14.160017   1.5    19.605549   1.5 GUES 
   227.8543    227.7839    5.441437  -2.760 5.582e+05  16.01    14.163799   2.5    19.605549   1.5 GUES 
   228.1123    228.0419    5.435281  -4.280 1.121e+04  16.01    14.160017   1.5    19.595611   2.5 GUES 
   228.2711    228.2007    5.431500  -3.140 1.546e+05  16.01    14.163799   2.5    19.595611   2.5 GUES 
   228.5230    228.4525    5.425512  -2.280 1.117e+06  16.01    14.169787   3.5    19.595611   2.5 GUES 
   229.8057    229.7349    5.395229  -2.750 1.123e+06  16.01    14.155276   0.5    19.550815   0.5 GUES 
   230.0078    229.9370    5.390488  -3.440 2.289e+05  16.01    14.160017   1.5    19.550815   0.5 GUES 
   230.3225    230.2516    5.383123  -4.480 1.041e+04  16.01    14.155276   0.5    19.538708   1.5 GUES 
   230.5255    230.4546    5.378382  -4.780 5.207e+03  16.01    14.160017   1.5    19.538708   1.5 GUES 
   230.6878    230.6168    5.374600  -2.740 5.702e+05  16.01    14.163799   2.5    19.538708   1.5 GUES 
   231.0566    230.9855    5.366020  -2.720 2.976e+05  16.01    14.169787   3.5    19.536115   3.5 GUES 
   231.2982    231.2271    5.360415  -3.900 2.616e+04  16.01    14.234888   2.5    19.595611   2.5 GUES 
   232.7034    232.6320    5.328045  -4.500 6.492e+03  16.01    14.160017   1.5    19.488368   2.5 GUES 
   232.8688    232.7973    5.324263  -3.170 1.386e+05  16.01    14.163799   2.5    19.488368   2.5 GUES 
   233.1309    233.0594    5.318276  -3.660 4.475e+04  16.01    14.169787   3.5    19.488368   2.5 GUES 
   233.7694    233.6977    5.303750  -3.670 6.524e+04  16.01    14.155276   0.5    19.459330   1.5 GUES 
   233.7798    233.7081    5.303516  -3.480 1.010e+05  16.01    14.234888   2.5    19.538708   1.5 GUES 
   233.9786    233.9069    5.299009  -3.180 2.012e+05  16.01    14.160017   1.5    19.459330   1.5 GUES 
   234.1456    234.0739    5.295227  -3.520 9.185e+04  16.01    14.163799   2.5    19.459330   1.5 GUES 
   234.3707    234.2989    5.290143  -3.400 2.417e+05  16.01    14.155276   0.5    19.445722   0.5 GUES 
   234.5809    234.5091    5.285401  -3.160 4.193e+05  16.01    14.160017   1.5    19.445722   0.5 GUES 
   236.0199    235.9477    5.253179  -4.230 1.175e+04  16.01    14.234888   2.5    19.488368   2.5 GUES 
   236.5567    236.4844    5.241256  -4.020 1.423e+04  16.01    14.294558   3.5    19.536115   3.5 GUES 
   237.3317    237.2592    5.224143  -2.810 4.585e+05  16.01    14.234888   2.5    19.459330   1.5 GUES 
   238.7314    238.6586    5.193512  -3.040 1.779e+05  16.01    14.294558   3.5    19.488368   2.5 GUES 
   275.8163    275.7348    4.495219  -2.930 1.717e+05  16.01    15.868114   1.5    20.363591   2.5 KP   
   276.9744    276.8926    4.476424  -2.590 2.794e+05  16.01    15.899963   2.5    20.376644   3.5 GUES 
   277.7843    277.7023    4.463372  -2.660 3.152e+05  16.01    15.899963   2.5    20.363591   2.5 KP   
   278.1799    278.0978    4.457025  -2.560 2.967e+05  16.01    15.899963   2.5    20.357244   3.5 GUES 
   279.8106    279.7281    4.431050  -3.710 2.076e+04  16.01    15.945339   3.5    20.376644   3.5 GUES 
   280.3505    280.2679    4.422515  -1.730 1.580e+06  16.01    15.945339   3.5    20.368108   4.5 GUES 
   280.6372    280.5545    4.417998  -3.270 7.580e+04  16.01    15.945339   3.5    20.363591   2.5 KP   
   281.0409    280.9581    4.411651  -2.390 4.300e+05  16.01    15.945339   3.5    20.357244   3.5 GUES 
   284.8205    284.7368    4.353108  -0.799 2.177e+07  16.01    13.093498   1.5    17.446856   2.5 GUES 
   290.9160    290.8308    4.261898  -3.000 1.314e+05  16.01    16.101448   1.5    20.363591   2.5 KP   
   292.3681    292.2825    4.240732  -3.890 1.257e+04  16.01    16.135668   2.5    20.376644   3.5 GUES 
   293.2706    293.1848    4.227680  -2.650 2.894e+05  16.01    16.135668   2.5    20.363591   2.5 KP   
   293.7116    293.6257    4.221334  -2.310 4.734e+05  16.01    16.135668   2.5    20.357244   3.5 GUES 
   294.0256    293.9396    4.216825  -2.130 1.430e+06  16.01    15.559242   0.5    19.776310   1.5 KP   
   297.6966    297.6097    4.164826  -0.520 3.788e+07  16.01    16.198526   1.5    20.363591   2.5 KP   
   299.8055    299.7181    4.135529  -4.050 1.653e+04  16.01    13.672486   2.5    17.808253   1.5 KP   
   301.1729    301.0852    4.116752  -3.150 8.676e+04  16.01    16.246603   1.5    20.363591   2.5 KP   
   301.6552    301.5673    4.110172  -3.650 2.051e+04  16.01    16.266236   2.5    20.376644   3.5 GUES 
   302.6161    302.5280    4.097120  -1.540 3.501e+06  16.01    16.266236   2.5    20.363591   2.5 KP   
   303.0856    302.9974    4.090773  -0.250 5.104e+07  16.01    16.266236   2.5    20.357244   3.5 GUES 
   315.7477    315.6563    3.926726  -2.370 7.135e+05  16.01    15.849359   0.5    19.776310   1.5 KP   
   317.2629    317.1711    3.907971  -2.600 4.161e+05  16.01    15.868114   1.5    19.776310   1.5 KP   
   317.2942    317.2024    3.907586  -2.640 2.530e+05  16.01    15.868114   1.5    19.775924   2.5 KP   
   319.8696    319.7772    3.876125  -4.030 1.521e+04  16.01    15.899963   2.5    19.776310   1.5 KP   
   319.9014    319.8090    3.875739  -2.840 1.570e+05  16.01    15.899963   2.5    19.775924   2.5 KP   
   323.4283    323.3350    3.833475  -4.880 2.101e+03  16.01    13.618300   1.5    17.451995   1.5 KP   
   323.6909    323.5975    3.830365  -4.400 4.224e+03  16.01    15.945339   3.5    19.775924   2.5 KP   
   324.3343    324.2407    3.822767  -2.830 1.563e+05  16.01    16.540604   1.5    20.363591   2.5 KP   
   326.1239    326.0299    3.801789  -4.200 1.978e+04  16.01    15.559242   0.5    19.361250   0.5 KP   
   327.3938    327.2995    3.787042  -3.700 3.104e+04  16.01    15.559242   0.5    19.346502   1.5 KP   
   328.5120    328.4174    3.774153  -3.880 1.358e+04  16.01    13.672486   2.5    17.446856   2.5 KP   
   328.9635    328.8688    3.768973  -4.690 2.097e+03  16.01    13.618300   1.5    17.387489   2.5 KP   
   331.5428    331.4474    3.739651  -4.840 2.193e+03  16.01    14.068387   1.5    17.808253   1.5 KP   
   332.7717    332.6760    3.725841  -3.730 1.402e+04  16.01    13.672486   2.5    17.398541   3.5 KP   
   333.0291    332.9333    3.722962  -4.140 2.178e+04  16.01    14.068387   1.5    17.791562   0.5 KP   
   336.6084    336.5117    3.683373  -3.330 6.884e+04  16.01    16.092725   0.5    19.776310   1.5 KP   
   337.4428    337.3459    3.674265  -2.850 1.379e+05  16.01    16.101448   1.5    19.775924   2.5 KP   
   338.3789    338.2818    3.664101  -1.870 9.823e+05  16.01    13.734229   4.5    17.398541   3.5 KP   
   340.5788    340.4811    3.640433  -3.640 3.293e+04  16.01    16.135668   2.5    19.776310   1.5 KP   
   340.6149    340.5172    3.640048  -2.630 2.246e+05  16.01    16.135668   2.5    19.775924   2.5 KP   
   346.5624    346.4632    3.577579  -0.570 3.737e+07  16.01    16.198526   1.5    19.776310   1.5 NBS  
   346.5998    346.5006    3.577193  -1.550 2.608e+06  16.01    16.198526   1.5    19.775924   2.5 NBS  
   351.2828    351.1824    3.529505  -3.040 1.232e+05  16.01    16.246603   1.5    19.776310   1.5 KP   
   351.3213    351.2208    3.529119  -2.280 4.727e+05  16.01    16.246603   1.5    19.775924   2.5 KP   
   352.4729    352.3722    3.517587  -1.870 9.053e+05  16.01    15.899963   2.5    19.417752   3.5 KP   
   353.0650    352.9641    3.511689  -2.330 1.251e+06  16.01    15.849359   0.5    19.361250   0.5 KP   
   353.2476    353.1467    3.509873  -1.510 4.130e+06  16.01    16.266236   2.5    19.776310   1.5 NBS  
   353.2865    353.1855    3.509487  -0.380 3.713e+07  16.01    16.266236   2.5    19.775924   2.5 NBS  
   354.5539    354.4526    3.496942  -4.330 6.204e+03  16.01    15.849359   0.5    19.346502   1.5 KP   
   354.9606    354.8592    3.492935  -1.750 4.707e+06  16.01    15.868114   1.5    19.361250   0.5 KP   
   355.2984    355.1969    3.489615  -1.860 1.216e+06  16.01    15.868114   1.5    19.357929   2.5 KP   
   356.4656    356.3638    3.478188  -3.160 9.079e+04  16.01    15.868114   1.5    19.346502   1.5 KP   
   357.0789    356.9770    3.472213  -1.200 4.126e+06  16.01    15.945339   3.5    19.417752   3.5 KP   
   358.5707    358.4684    3.457768  -1.670 1.849e+06  16.01    15.899963   2.5    19.357929   2.5 KP   
   359.1649    359.0624    3.452048  -2.730 1.605e+05  16.01    15.868114   1.5    19.320361   2.5 KP   
   359.7005    359.5979    3.446908  -2.410 5.014e+05  16.01    13.093498   1.5    16.540604   1.5 GUES 
   359.7596    359.6570    3.446341  -1.240 7.414e+06  16.01    15.899963   2.5    19.346502   1.5 KP   
   360.7938    360.6909    3.436462  -1.550 3.610e+06  16.01    15.559242   0.5    18.995902   1.5 KP   
   361.4072    361.3042    3.430630  -0.960 2.800e+07  16.01    13.093498   1.5    16.524325   0.5 GUES 
   361.4204    361.3173    3.430505  -1.240 1.469e+07  16.01    15.559242   0.5    18.989944   0.5 KP   
   362.5091    362.4058    3.420202  -2.160 5.852e+05  16.01    15.899963   2.5    19.320361   2.5 KP   
   363.3385    363.2350    3.412394  -2.330 3.939e+05  16.01    15.945339   3.5    19.357929   2.5 KP   
   363.4178    363.3142    3.411650  -2.890 1.626e+05  16.01    16.193702   2.5    19.605549   1.5 GUES 
   364.4794    364.3756    3.401713  -2.450 2.969e+05  16.01    16.193702   2.5    19.595611   2.5 GUES 
   366.3017    366.1974    3.384790  -2.800 1.970e+05  16.01    16.220564   1.5    19.605549   1.5 GUES 
   366.4508    366.3464    3.383414  -3.910 1.528e+04  16.01    14.068387   1.5    17.451995   1.5 KP   
   367.0082    366.9037    3.378275  -4.860 1.139e+03  16.01    14.068387   1.5    17.446856   2.5 KP   
   367.3803    367.2757    3.374853  -2.960 9.031e+04  16.01    16.220564   1.5    19.595611   2.5 GUES 
   367.3830    367.2784    3.374828  -0.960 9.031e+06  16.01    15.945339   3.5    19.320361   2.5 KP   
   368.0556    367.9508    3.368661  -3.080 1.024e+05  16.01    16.236694   0.5    19.605549   1.5 GUES 
   370.6796    370.5742    3.344813  -3.300 6.082e+04  16.01    16.193702   2.5    19.538708   1.5 GUES 
   370.9672    370.8617    3.342221  -3.410 2.357e+04  16.01    16.193702   2.5    19.536115   3.5 GUES 
   372.3221    372.2162    3.330059  -3.700 4.800e+04  16.01    16.220564   1.5    19.550815   0.5 GUES 
   373.5726    373.4664    3.318912  -3.720 1.518e+04  16.01    14.068387   1.5    17.387489   2.5 KP   
   373.6805    373.5743    3.317953  -2.970 1.280e+05  16.01    16.220564   1.5    19.538708   1.5 GUES 
   374.1341    374.0278    3.313930  -3.750 4.237e+04  16.01    16.236694   0.5    19.550815   0.5 GUES 
   375.5059    375.3992    3.301824  -3.060 1.030e+05  16.01    16.236694   0.5    19.538708   1.5 GUES 
   376.3433    376.2364    3.294477  -3.290 4.025e+04  16.01    16.193702   2.5    19.488368   2.5 GUES 
   377.7234    377.6161    3.282440  -2.540 3.371e+05  16.01    15.559242   0.5    18.841871   1.5 KP   
   377.7860    377.6787    3.281896  -0.610 1.434e+07  16.01    16.135668   2.5    19.417752   3.5 KP   
   378.3642    378.2568    3.276881  -2.190 5.014e+05  16.01    14.169787   3.5    17.446856   2.5 KP   
   378.4218    378.3143    3.276382  -0.890 1.500e+07  16.01    15.559242   0.5    18.835813   1.5 NBS  
   379.3533    379.2456    3.268337  -1.190 1.496e+07  16.01    16.092725   0.5    19.361250   0.5 NBS  
   379.4369    379.3292    3.267616  -3.590 1.985e+04  16.01    16.220564   1.5    19.488368   2.5 GUES 
   379.6898    379.5820    3.265440  -4.700 2.308e+03  16.01    16.193702   2.5    19.459330   1.5 GUES 
   380.3685    380.2605    3.259614  -0.490 7.459e+07  16.01    16.101448   1.5    19.361250   0.5 NBS  
   380.7563    380.6482    3.256294  -0.950 8.604e+06  16.01    16.101448   1.5    19.357929   2.5 KP   
   381.0727    380.9646    3.253590  -0.490 3.716e+07  16.01    16.092725   0.5    19.346502   1.5 NBS  
   381.2827    381.1745    3.251798  -0.110 8.904e+07  16.01    16.524325   0.5    19.776310   1.5 KP   
   382.0971    381.9887    3.244868  -0.980 1.196e+07  16.01    16.101448   1.5    19.346502   1.5 NBS  
   383.2009    383.0922    3.235520  -0.660 2.484e+07  16.01    16.540604   1.5    19.776310   1.5 KP   
   383.2466    383.1379    3.235135   0.160 1.094e+08  16.01    16.540604   1.5    19.775924   2.5 KP   
   384.0260    383.9171    3.228568  -2.510 1.747e+05  16.01    14.169787   3.5    17.398541   3.5 KP   
   384.4542    384.3452    3.224973  -4.730 4.202e+03  16.01    16.220564   1.5    19.445722   0.5 GUES 
   384.7551    384.6460    3.222451  -4.440 4.090e+03  16.01    16.236694   0.5    19.459330   1.5 GUES 
   384.7998    384.6907    3.222077  -1.750 1.335e+06  16.01    16.135668   2.5    19.357929   2.5 KP   
   385.2001    385.0909    3.218728  -0.440 2.720e+07  16.01    16.101448   1.5    19.320361   2.5 NBS  
   385.3450    385.2358    3.217518  -3.950 8.400e+03  16.01    14.169787   3.5    17.387489   2.5 KP   
   386.1225    386.0130    3.211039  -1.140 1.620e+07  16.01    15.559242   0.5    18.770466   0.5 NBS  
   386.1693    386.0598    3.210650  -0.440 4.060e+07  16.01    16.135668   2.5    19.346502   1.5 NBS  
   386.3867    386.2772    3.208844  -4.400 8.893e+03  16.01    16.236694   0.5    19.445722   0.5 GUES 
   389.3391    389.2288    3.184510   0.214 1.200e+08  16.01    16.135668   2.5    19.320361   2.5 MWRB 
   390.8062    390.6955    3.172556  -2.790 1.180e+05  16.01    13.093498   1.5    16.266236   2.5 GUES 
   392.4556    392.3445    3.159222   0.440 1.988e+08  16.01    16.198526   1.5    19.357929   2.5 NBS  
   393.2396    393.1283    3.152924  -1.470 3.654e+06  16.01    13.093498   1.5    16.246603   1.5 GUES 
   393.4378    393.3264    3.151335   0.580 2.048e+08  16.01    16.266236   2.5    19.417752   3.5 NBS  
   393.8802    393.7687    3.147796  -3.700 2.145e+04  16.01    16.198526   1.5    19.346502   1.5 KP   
   394.0596    393.9481    3.146362  -0.840 1.552e+07  16.01    15.849359   0.5    18.995902   1.5 NBS  
   394.8072    394.6955    3.140405  -0.840 3.093e+07  16.01    15.849359   0.5    18.989944   0.5 NBS  
   395.1518    395.0400    3.137666  -0.700 1.421e+07  16.01    15.868114   1.5    19.005960   2.5 NBS  
   396.4225    396.3104    3.127608  -0.640 2.431e+07  16.01    15.868114   1.5    18.995902   1.5 NBS  
   397.1321    397.0198    3.122020  -0.790 8.574e+06  16.01    15.899963   2.5    19.022162   3.5 NBS  
   397.1784    397.0661    3.121656  -2.880 9.290e+04  16.01    16.198526   1.5    19.320361   2.5 KP   
   397.1790    397.0667    3.121651  -0.840 3.056e+07  16.01    15.868114   1.5    18.989944   0.5 NBS  
   398.0951    397.9825    3.114468  -0.420 8.001e+07  16.01    16.246603   1.5    19.361250   0.5 MWRB 
   398.5199    398.4072    3.111148  -2.120 5.310e+05  16.01    16.246603   1.5    19.357929   2.5 KP   
   399.2037    399.0908    3.105819  -0.501 2.201e+07  16.01    15.899963   2.5    19.005960   2.5 MWRB 
   399.3283    399.2154    3.104850  -1.480 3.463e+06  16.01    13.093498   1.5    16.198526   1.5 GUES 
   399.4628    399.3499    3.103804  -0.815 8.000e+06  16.01    14.294558   3.5    17.398541   3.5 MWRB 
   399.9890    399.8759    3.099722  -0.173 6.998e+07  16.01    16.246603   1.5    19.346502   1.5 MWRB 
   400.5006    400.3874    3.095761  -0.619 2.500e+07  16.01    15.899963   2.5    18.995902   1.5 MWRB 
   400.8901    400.7768    3.092754  -1.363 2.999e+06  16.01    14.294558   3.5    17.387489   2.5 MWRB 
   401.0506    400.9373    3.091516  -0.700 1.379e+07  16.01    16.266236   2.5    19.357929   2.5 NBS  
   402.9889    402.8750    3.076647  -0.120 3.894e+07  16.01    15.945339   3.5    19.022162   3.5 MWRB 
   403.3908    403.2768    3.073582  -0.233 3.995e+07  16.01    16.246603   1.5    19.320361   2.5 MWRB 
   403.9117    403.7976    3.069618  -3.860 1.411e+04  16.01    16.535754   1.5    19.605549   1.5 GUES 
   405.1222    405.0078    3.060445  -0.752 1.199e+07  16.01    15.945339   3.5    19.005960   2.5 MWRB 
   405.2235    405.1091    3.059680  -3.620 1.624e+04  16.01    16.535754   1.5    19.595611   2.5 GUES 
   405.9838    405.8692    3.053950  -3.250 3.793e+04  16.01    16.266236   2.5    19.320361   2.5 KP   
   407.5794    407.4643    3.041995  -2.680 1.398e+05  16.01    13.093498   1.5    16.135668   2.5 GUES 
   411.2441    411.1281    3.014887  -3.750 3.507e+04  16.01    16.535754   1.5    19.550815   0.5 GUES 
   412.2161    412.0998    3.007778  -1.730 1.827e+06  16.01    13.093498   1.5    16.101448   1.5 GUES 
   412.8178    412.7014    3.003394  -3.640 1.494e+04  16.01    16.592045   2.5    19.595611   2.5 GUES 
   412.9020    412.7856    3.002781  -3.070 8.325e+04  16.01    16.535754   1.5    19.538708   1.5 GUES 
   413.4150    413.2984    2.999055  -1.130 1.447e+07  16.01    13.093498   1.5    16.092725   0.5 GUES 
   414.3427    414.2259    2.992340   0.240 1.688e+08  16.01    15.849359   0.5    18.841871   1.5 NBS  
   414.6229    414.5060    2.990318   0.230 1.098e+08  16.01    15.868114   1.5    18.858604   2.5 MWRB 
   414.8081    414.6912    2.988983   0.660 2.215e+08  16.01    17.387489   2.5    20.376644   3.5 GUES 
   415.4239    415.3068    2.984553   0.395 1.200e+08  16.01    15.899963   2.5    18.884687   3.5 MWRB 
   416.3474    416.2301    2.977932  -1.200 3.035e+06  16.01    17.398541   3.5    20.376644   3.5 GUES 
   416.3839    416.2665    2.977672   0.830 2.601e+08  16.01    15.945339   3.5    18.923182   4.5 MWRB 
   416.6274    416.5100    2.975931   0.060 7.353e+07  16.01    17.387489   2.5    20.363591   2.5 NBS  
   416.9559    416.8384    2.973586  -0.160 6.636e+07  16.01    15.868114   1.5    18.841871   1.5 NBS  
   417.5179    417.4002    2.969584  -1.240 2.752e+06  16.01    17.387489   2.5    20.357244   3.5 GUES 
   417.5442    417.4265    2.969397   0.760 2.202e+08  16.01    17.398541   3.5    20.368108   4.5 GUES 
   418.1803    418.0625    2.964880  -1.240 3.658e+06  16.01    17.398541   3.5    20.363591   2.5 NBS  
   419.0774    418.9593    2.958533   0.190 7.353e+07  16.01    17.398541   3.5    20.357244   3.5 GUES 
   419.0862    418.9681    2.958471  -0.040 5.773e+07  16.01    15.899963   2.5    18.858604   2.5 NBS  
   419.4758    419.3576    2.955724  -4.760 1.647e+03  16.01    13.584710   0.5    16.540604   1.5 KP   
   419.9417    419.8234    2.952444  -3.650 1.411e+04  16.01    16.535754   1.5    19.488368   2.5 GUES 
   420.7897    420.6712    2.946494  -3.220 5.675e+04  16.01    16.592045   2.5    19.538708   1.5 GUES 
   421.1603    421.0417    2.943902  -4.220 2.832e+03  16.01    16.592045   2.5    19.536115   3.5 GUES 
   421.4699    421.3512    2.941739  -1.300 4.705e+06  16.01    15.899963   2.5    18.841871   1.5 NBS  
   421.7988    421.6800    2.939446  -4.460 6.500e+03  16.01    13.584710   0.5    16.524325   0.5 KP   
   421.8370    421.7182    2.939179  -0.150 3.317e+07  16.01    15.945339   3.5    18.884687   3.5 NBS  
   423.2134    423.0943    2.929620   0.562 1.698e+08  16.01    17.446856   2.5    20.376644   3.5 GUES 
   424.1127    423.9933    2.923408  -3.530 2.736e+04  16.01    16.535754   1.5    19.459330   1.5 GUES 
   424.2973    424.1779    2.922136  -3.690 1.891e+04  16.01    13.618300   1.5    16.540604   1.5 KP   
   425.1073    424.9877    2.916568  -0.011 5.998e+07  16.01    17.446856   2.5    20.363591   2.5 MWRB 
   425.6138    425.4940    2.913097  -1.450 2.177e+06  16.01    15.945339   3.5    18.858604   2.5 NBS  
   425.8577    425.7379    2.911429  -0.010 5.990e+07  16.01    17.451995   1.5    20.363591   2.5 MWRB 
   426.0345    425.9146    2.910221   0.116 6.000e+07  16.01    17.446856   2.5    20.357244   3.5 GUES 
   426.6742    426.5541    2.905858  -4.390 7.463e+03  16.01    13.618300   1.5    16.524325   0.5 KP   
   426.8963    426.7762    2.904345   0.256 1.100e+08  16.01    16.101448   1.5    19.005960   2.5 MWRB 
   427.0927    426.9725    2.903010   0.080 1.099e+08  16.01    16.092725   0.5    18.995902   1.5 MWRB 
   427.9710    427.8506    2.897052  -0.114 1.400e+08  16.01    16.092725   0.5    18.989944   0.5 MWRB 
   428.1032    427.9828    2.896157  -3.260 3.333e+04  16.01    16.592045   2.5    19.488368   2.5 GUES 
   428.3798    428.2593    2.894288  -0.292 4.639e+07  16.01    16.101448   1.5    18.995902   1.5 MWRB 
   429.2634    429.1427    2.888330  -0.810 2.803e+07  16.01    16.101448   1.5    18.989944   0.5 NBS  
   429.5610    429.4402    2.886329   0.549 1.600e+08  16.01    16.135668   2.5    19.022162   3.5 MWRB 
   430.6085    430.4874    2.879308  -2.370 3.836e+05  16.01    13.661131   1.5    16.540604   1.5 KP   
   431.9858    431.8643    2.870128   0.038 6.502e+07  16.01    16.135668   2.5    19.005960   2.5 MWRB 
   432.4388    432.3172    2.867121  -3.720 1.699e+04  16.01    16.592045   2.5    19.459330   1.5 GUES 
   433.0567    432.9350    2.863030  -0.980 1.862e+07  16.01    13.661131   1.5    16.524325   0.5 KP   
   433.1523    433.0305    2.862399  -1.320 4.254e+06  16.01    13.678041   2.5    16.540604   1.5 KP   
   433.5049    433.3830    2.860070  -1.030 8.281e+06  16.01    16.135668   2.5    18.995902   1.5 NBS  
   434.4036    434.2815    2.854154  -1.520 1.779e+06  16.01    15.868114   1.5    18.722431   2.5 NBS  
   437.0668    436.9440    2.836762  -4.630 4.093e+03  16.01    16.524325   0.5    19.361250   0.5 KP   
   439.3054    439.1820    2.822307  -0.560 1.587e+07  16.01    15.899963   2.5    18.722431   2.5 NBS  
   439.3507    439.2273    2.822015  -3.060 7.524e+04  16.01    16.524325   0.5    19.346502   1.5 KP   
   439.5893    439.4658    2.820484  -4.930 2.028e+03  16.01    16.540604   1.5    19.361250   0.5 KP   
   440.1073    439.9837    2.817164  -3.080 4.774e+04  16.01    16.540604   1.5    19.357929   2.5 KP   
   440.4078    440.2841    2.815242  -1.270 4.617e+06  16.01    15.849359   0.5    18.664763   1.5 NBS  
   441.6579    441.5339    2.807273  -1.080 4.740e+06  16.01    16.198526   1.5    19.005960   2.5 KP   
   441.8104    441.6864    2.806304  -2.490 1.843e+05  16.01    13.093498   1.5    15.899963   2.5 GUES 
   443.2459    443.1215    2.797216  -3.300 4.254e+04  16.01    16.198526   1.5    18.995902   1.5 KP   
   443.3612    443.2368    2.796488  -0.975 8.986e+06  16.01    15.868114   1.5    18.664763   1.5 MWRB 
   444.1920    444.0673    2.791258  -2.630 3.962e+05  16.01    16.198526   1.5    18.989944   0.5 KP   
   445.7633    445.6382    2.781419  -0.560 4.623e+07  16.01    15.849359   0.5    18.630937   0.5 NBS  
   446.0554    445.9302    2.779597  -2.410 2.174e+05  16.01    16.540604   1.5    19.320361   2.5 KP   
   446.4834    446.3581    2.776933   0.134 7.592e+07  16.01    15.945339   3.5    18.722431   2.5 MWRB 
   446.8819    446.7565    2.774457  -1.880 1.101e+06  16.01    13.093498   1.5    15.868114   1.5 GUES 
   448.4685    448.3427    2.764641  -0.317 3.996e+07  16.01    15.899963   2.5    18.664763   1.5 MWRB 
   448.7893    448.6634    2.762665  -0.285 8.590e+07  16.01    15.868114   1.5    18.630937   0.5 MWRB 
   449.3529    449.2269    2.759199  -1.130 4.081e+06  16.01    16.246603   1.5    19.005960   2.5 KP   
   449.7118    449.5857    2.756997  -1.450 1.950e+06  16.01    16.101448   1.5    18.858604   2.5 KP   
   449.9124    449.7862    2.755769  -0.850 5.818e+06  16.01    16.266236   2.5    19.022162   3.5 KP   
   449.9231    449.7969    2.755703  -2.170 1.114e+06  16.01    13.093498   1.5    15.849359   0.5 GUES 
   450.9970    450.8705    2.749142  -1.640 1.878e+06  16.01    16.246603   1.5    18.995902   1.5 KP   
   451.0222    450.8957    2.748988  -2.140 5.938e+05  16.01    16.092725   0.5    18.841871   1.5 KP   
   451.0429    450.9164    2.748861  -1.160 2.835e+06  16.01    16.135668   2.5    18.884687   3.5 KP   
   451.9764    451.8497    2.743184  -2.620 3.916e+05  16.01    16.246603   1.5    18.989944   0.5 KP   
   452.4577    452.3309    2.740265  -2.110 6.323e+05  16.01    16.101448   1.5    18.841871   1.5 KP   
   452.5731    452.4462    2.739567  -2.400 2.161e+05  16.01    16.266236   2.5    19.005960   2.5 KP   
   452.5944    452.4675    2.739438   0.076 9.697e+07  16.01    15.068657   1.5    17.808253   1.5 MWRB 
   452.6210    452.4941    2.739277   0.076 9.696e+07  16.01    15.068818   2.5    17.808253   1.5 MWRB 
   454.2407    454.1134    2.729510  -3.120 6.130e+04  16.01    16.266236   2.5    18.995902   1.5 KP   
   455.3634    455.2358    2.722780  -1.950 6.015e+05  16.01    16.135668   2.5    18.858604   2.5 KP   
   455.3686    455.2410    2.722749  -0.100 1.278e+08  16.01    15.068657   1.5    17.791562   0.5 NBS  
   458.1791    458.0507    2.706048  -3.280 4.169e+04  16.01    16.135668   2.5    18.841871   1.5 KP   
   465.8061    465.6757    2.661739  -0.607 1.900e+07  16.01    13.584710   0.5    16.246603   1.5 MWRB 
   466.1238    465.9933    2.659925  -2.410 1.991e+05  16.01    16.198526   1.5    18.858604   2.5 KP   
   468.2612    468.1302    2.647783  -2.230 2.985e+05  16.01    13.618300   1.5    16.266236   2.5 NBS  
   469.0744    468.9432    2.643194  -3.280 3.977e+04  16.01    16.198526   1.5    18.841871   1.5 KP   
   470.1519    470.0204    2.637136  -0.950 8.464e+06  16.01    16.198526   1.5    18.835813   1.5 NBS  
   471.7591    471.6271    2.628152  -0.319 3.594e+07  16.01    13.618300   1.5    16.246603   1.5 MWRB 
   473.0765    472.9442    2.620833  -0.490 1.607e+07  16.01    16.101448   1.5    18.722431   2.5 NBS  
   473.5339    473.4015    2.618301  -2.180 2.457e+05  16.01    16.266236   2.5    18.884687   3.5 KP   
   474.3738    474.2412    2.613665  -2.780 1.230e+05  16.01    13.584710   0.5    16.198526   1.5 NBS  
   474.7033    474.5706    2.611851  -3.480 1.634e+04  16.01    16.246603   1.5    18.858604   2.5 KP   
   477.7639    477.6304    2.595119  -4.120 5.542e+03  16.01    16.246603   1.5    18.841871   1.5 KP   
   478.0437    477.9101    2.593601  -1.650 1.089e+06  16.01    13.672486   2.5    16.266236   2.5 NBS  
   478.2984    478.1647    2.592219  -3.040 4.432e+04  16.01    16.266236   2.5    18.858604   2.5 KP   
   479.0697    478.9358    2.588046  -3.470 1.641e+04  16.01    13.678041   2.5    16.266236   2.5 KP   
   479.3347    479.2007    2.586615   0.306 9.788e+07  16.01    16.135668   2.5    18.722431   2.5 MWRB 
   479.5742    479.4402    2.585323  -2.060 6.315e+05  16.01    13.661131   1.5    16.246603   1.5 KP   
   480.5493    480.4150    2.580077  -3.090 5.869e+04  16.01    13.618300   1.5    16.198526   1.5 NBS  
   481.4057    481.2712    2.575488  -4.920 8.651e+02  16.01    16.266236   2.5    18.841871   1.5 KP   
   481.6898    481.5552    2.573969   0.177 1.080e+08  16.01    13.672486   2.5    16.246603   1.5 MWRB 
   482.0792    481.9445    2.571889  -0.500 2.269e+07  16.01    16.092725   0.5    18.664763   1.5 NBS  
   482.0973    481.9626    2.571793  -0.220 8.646e+07  16.01    16.198526   1.5    18.770466   0.5 NBS  
   482.5407    482.4059    2.569430   0.020 7.499e+07  16.01    16.266236   2.5    18.835813   1.5 NBS  
   482.7315    482.5966    2.568414  -1.110 5.555e+06  16.01    13.678041   2.5    16.246603   1.5 KP   
   483.5946    483.4595    2.563830  -0.830 7.031e+06  16.01    13.702258   3.5    16.266236   2.5 KP   
   483.7197    483.5846    2.563167  -0.990 7.293e+06  16.01    16.101448   1.5    18.664763   1.5 NBS  
   485.2296    485.0941    2.555191  -0.580 1.242e+07  16.01    17.808253   1.5    20.363591   2.5 KP   
   488.5036    488.3672    2.538066  -1.190 9.023e+06  16.01    16.092725   0.5    18.630937   0.5 NBS  
   488.6608    488.5244    2.537249  -1.560 1.923e+06  16.01    13.661131   1.5    16.198526   1.5 KP   
   488.7012    488.5648    2.537040  -0.740 1.271e+07  16.01    14.003418   0.5    16.540604   1.5 NBS  
   490.1881    490.0513    2.529344  -0.490 4.491e+07  16.01    16.101448   1.5    18.630937   0.5 NBS  
   490.2646    490.1277    2.528950  -0.460 2.405e+07  16.01    16.135668   2.5    18.664763   1.5 NBS  
   490.8575    490.7205    2.525895  -2.350 3.091e+05  16.01    13.672486   2.5    16.198526   1.5 NBS  
   491.8571    491.7198    2.520762  -0.400 5.488e+07  16.01    14.003418   0.5    16.524325   0.5 NBS  
   491.9393    491.8020    2.520340  -0.740 1.254e+07  16.01    13.678041   2.5    16.198526   1.5 KP   
   492.5485    492.4110    2.517223  -0.059 4.000e+07  16.01    13.618300   1.5    16.135668   2.5 MWRB 
   492.6718    492.5343    2.516593  -0.235 3.999e+07  16.01    13.584710   0.5    16.101448   1.5 MWRB 
   494.3853    494.2473    2.507871  -0.591 3.499e+07  16.01    13.584710   0.5    16.092725   0.5 MWRB 
   499.3362    499.1969    2.483006  -0.246 3.796e+07  16.01    13.618300   1.5    16.101448   1.5 MWRB 
   500.8124    500.6727    2.475687  -0.410 1.724e+07  16.01    16.246603   1.5    18.722431   2.5 NBS  
   501.0738    500.9341    2.474395  -5.000 4.428e+02  16.01    13.661131   1.5    16.135668   2.5 KP   
   501.0964    500.9567    2.474283  -0.094 1.070e+08  16.01    13.618300   1.5    16.092725   0.5 MWRB 
   501.5441    501.4042    2.472075   0.030 7.103e+07  16.01    14.068387   1.5    16.540604   1.5 NBS  
   501.6738    501.5339    2.471435  -2.280 3.477e+05  16.01    16.524325   0.5    18.995902   1.5 KP   
   502.8605    502.7203    2.465603  -2.250 7.417e+05  16.01    13.093498   1.5    15.559242   0.5 GUES 
   502.8861    502.7459    2.465478  -1.680 2.755e+06  16.01    16.524325   0.5    18.989944   0.5 KP   
   502.9397    502.7995    2.465215  -3.060 3.828e+04  16.01    16.540604   1.5    19.005960   2.5 KP   
   503.3837    503.2434    2.463040   0.282 8.398e+07  16.01    13.672486   2.5    16.135668   2.5 MWRB 
   504.5215    504.3809    2.457486  -3.890 5.626e+03  16.01    13.678041   2.5    16.135668   2.5 KP   
   504.8684    504.7277    2.455797  -0.620 3.139e+07  16.01    14.068387   1.5    16.524325   0.5 NBS  
   505.0000    504.8592    2.455157  -1.980 6.847e+05  16.01    16.540604   1.5    18.995902   1.5 KP   
   506.2284    506.0873    2.449200  -1.990 1.332e+06  16.01    16.540604   1.5    18.989944   0.5 KP   
   508.1001    507.9585    2.440177  -1.720 1.231e+06  16.01    13.661131   1.5    16.101448   1.5 KP   
   509.5425    509.4005    2.433270  -0.680 8.946e+06  16.01    13.702258   3.5    16.135668   2.5 KP   
   509.9229    509.7808    2.431455  -1.400 5.106e+06  16.01    13.661131   1.5    16.092725   0.5 KP   
   510.4754    510.3332    2.428823  -0.275 3.397e+07  16.01    13.672486   2.5    16.101448   1.5 MWRB 
   511.6455    511.5030    2.423268  -0.750 1.133e+07  16.01    13.678041   2.5    16.101448   1.5 KP   
   512.7558    512.6130    2.418021  -0.560 1.747e+07  16.01    16.246603   1.5    18.664763   1.5 NBS  
   519.0534    518.9089    2.388684  -4.190 3.996e+03  16.01    17.387489   2.5    19.776310   1.5 KP   
   519.1372    518.9927    2.388298  -2.360 1.801e+05  16.01    17.387489   2.5    19.775924   2.5 KP   
   519.8135    519.6688    2.385191  -2.300 3.093e+05  16.01    14.155276   0.5    16.540604   1.5 KP   
   520.0300    519.8852    2.384198  -0.850 1.742e+07  16.01    16.246603   1.5    18.630937   0.5 NBS  
   520.2475    520.1027    2.383201   0.430 1.658e+08  16.01    15.068657   1.5    17.451995   1.5 MWRB 
   520.2827    520.1379    2.383040   0.430 1.658e+08  16.01    15.068818   2.5    17.451995   1.5 MWRB 
   520.8488    520.7038    2.380450  -1.450 2.181e+06  16.01    14.160017   1.5    16.540604   1.5 KP   
   521.3718    521.2267    2.378062   0.658 1.861e+08  16.01    15.068657   1.5    17.446856   2.5 MWRB 
   521.4071    521.2620    2.377901   0.658 1.860e+08  16.01    15.068818   2.5    17.446856   2.5 MWRB 
   521.5505    521.4053    2.377247  -4.990 4.182e+02  16.01    17.398541   3.5    19.775924   2.5 KP   
   521.6775    521.5323    2.376668  -2.000 6.127e+05  16.01    14.163799   2.5    16.540604   1.5 KP   
   523.3854    523.2397    2.368913  -2.000 1.217e+06  16.01    14.155276   0.5    16.524325   0.5 KP   
   524.4350    524.2891    2.364172  -1.320 5.804e+06  16.01    14.160017   1.5    16.524325   0.5 KP   
   532.2203    532.0723    2.329588   0.535 1.009e+08  16.01    15.068818   2.5    17.398541   3.5 MWRB 
   532.2815    532.1335    2.329321  -3.740 1.071e+04  16.01    17.446856   2.5    19.776310   1.5 KP   
   532.3697    532.2216    2.328935  -3.160 2.714e+04  16.01    17.446856   2.5    19.775924   2.5 KP   
   533.4585    533.3102    2.324181  -3.070 4.987e+04  16.01    17.451995   1.5    19.776310   1.5 KP   
   533.5471    533.3987    2.323796  -1.990 3.996e+05  16.01    17.451995   1.5    19.775924   2.5 KP   
   534.7199    534.5712    2.318699   0.503 1.238e+08  16.01    15.068657   1.5    17.387489   2.5 MWRB 
   534.7571    534.6084    2.318538   0.503 1.238e+08  16.01    15.068818   2.5    17.387489   2.5 MWRB 
   534.9118    534.7631    2.317867  -3.210 2.396e+04  16.01    16.540604   1.5    18.858604   2.5 KP   
   535.0166    534.8678    2.317413  -2.560 1.604e+05  16.01    16.524325   0.5    18.841871   1.5 KP   
   536.4188    536.2697    2.311355  -0.860 7.999e+06  16.01    16.524325   0.5    18.835813   1.5 NBS  
   537.7616    537.6121    2.305584  -0.870 7.778e+06  16.01    14.234888   2.5    16.540604   1.5 KP   
   538.8013    538.6515    2.301135  -3.430 2.134e+04  16.01    16.540604   1.5    18.841871   1.5 KP   
   540.2235    540.0733    2.295077  -0.150 4.045e+07  16.01    16.540604   1.5    18.835813   1.5 NBS  
   543.0164    542.8655    2.283272  -0.012 5.501e+07  16.01    13.584710   0.5    15.868114   1.5 MWRB 
   543.4307    543.2797    2.281532   0.311 7.703e+07  16.01    13.618300   1.5    15.899963   2.5 MWRB 
   545.5371    545.3855    2.272723   0.557 1.010e+08  16.01    13.672486   2.5    15.945339   3.5 MWRB 
   547.5135    547.3614    2.264518  -0.122 8.401e+07  16.01    13.584710   0.5    15.849359   0.5 MWRB 
   551.1236    550.9705    2.249685  -0.117 4.193e+07  16.01    13.618300   1.5    15.868114   1.5 MWRB 
   552.0247    551.8714    2.246012  -0.530 3.230e+07  16.01    16.524325   0.5    18.770466   0.5 NBS  
   552.7525    552.5990    2.243055  -4.910 6.714e+02  16.01    14.003418   0.5    16.246603   1.5 KP   
   552.7778    552.6243    2.242952  -0.482 8.994e+06  16.01    13.702258   3.5    15.945339   3.5 MWRB 
   553.8270    553.6732    2.238703  -0.559 1.001e+07  16.01    13.661131   1.5    15.899963   2.5 MWRB 
   555.7566    555.6023    2.230931  -0.571 2.900e+07  16.01    13.618300   1.5    15.849359   0.5 MWRB 
   556.0548    555.9004    2.229734  -0.830 1.595e+07  16.01    16.540604   1.5    18.770466   0.5 NBS  
   556.6503    556.4958    2.227349  -0.254 1.999e+07  16.01    13.672486   2.5    15.899963   2.5 MWRB 
   558.0419    557.8870    2.221794  -0.512 1.098e+07  16.01    13.678041   2.5    15.899963   2.5 MWRB 
   560.7707    560.6151    2.210983   0.156 3.797e+07  16.01    13.734229   4.5    15.945339   3.5 MWRB 
   561.8192    561.6633    2.206857  -0.468 1.798e+07  16.01    13.661131   1.5    15.868114   1.5 MWRB 
   564.1542    563.9977    2.197723   0.330 7.468e+07  16.01    14.068387   1.5    16.266236   2.5 NBS  
   564.1912    564.0346    2.197579   0.147 4.899e+07  16.01    13.702258   3.5    15.899963   2.5 MWRB 
   564.7248    564.5681    2.195502  -0.440 1.898e+07  16.01    13.672486   2.5    15.868114   1.5 MWRB 
   564.8587    564.7020    2.194981   0.110 6.733e+07  16.01    14.003418   0.5    16.198526   1.5 NBS  
   566.1572    566.0001    2.189947  -0.073 4.397e+07  16.01    13.678041   2.5    15.868114   1.5 MWRB 
   566.6345    566.4773    2.188102  -0.301 5.194e+07  16.01    13.661131   1.5    15.849359   0.5 MWRB 
   569.2391    569.0812    2.178091  -4.250 2.894e+03  16.01    14.068387   1.5    16.246603   1.5 KP   
   582.0867    581.9254    2.130017  -0.760 8.552e+06  16.01    14.068387   1.5    16.198526   1.5 NBS  
   588.6976    588.5345    2.106097  -2.750 5.704e+04  16.01    14.160017   1.5    16.266236   2.5 KP   
   589.7565    589.5931    2.102316  -1.640 7.322e+05  16.01    14.163799   2.5    16.266236   2.5 KP   
   590.9952    590.8315    2.097909  -4.530 1.409e+03  16.01    14.003418   0.5    16.101448   1.5 KP   
   591.4409    591.2771    2.096328  -1.220 1.915e+06  16.01    14.169787   3.5    16.266236   2.5 KP   
   592.8894    592.7252    2.091207  -2.060 4.132e+05  16.01    14.155276   0.5    16.246603   1.5 KP   
   594.2367    594.0721    2.086465  -1.800 7.484e+05  16.01    14.160017   1.5    16.246603   1.5 KP   
   595.3157    595.1508    2.082684  -0.850 6.646e+06  16.01    14.163799   2.5    16.246603   1.5 KP   
   599.7858    599.6197    2.067162  -4.140 2.239e+03  16.01    14.068387   1.5    16.135668   2.5 KP   
   606.8400    606.6720    2.043133  -3.060 3.944e+04  16.01    14.155276   0.5    16.198526   1.5 KP   
   608.2514    608.0831    2.038391  -2.100 3.580e+05  16.01    14.160017   1.5    16.198526   1.5 KP   
   609.3820    609.2133    2.034610  -0.930 5.276e+06  16.01    14.163799   2.5    16.198526   1.5 KP   
   609.8811    609.7123    2.032945  -4.670 9.585e+02  16.01    14.068387   1.5    16.101448   1.5 KP   
   610.3955    610.2266    2.031231  -1.950 3.348e+05  16.01    14.234888   2.5    16.266236   2.5 KP   
   610.7217    610.5527    2.030146  -3.370 9.536e+03  16.01    17.387489   2.5    19.417752   3.5 KP   
   612.5090    612.3395    2.024222  -4.180 5.873e+03  16.01    14.068387   1.5    16.092725   0.5 KP   
   614.0643    613.8944    2.019095  -0.900 2.784e+06  16.01    17.398541   3.5    19.417752   3.5 KP   
   624.7271    624.5543    1.984634  -3.060 3.721e+04  16.01    17.791562   0.5    19.776310   1.5 KP   
   627.6037    627.4302    1.975537  -2.600 7.089e+04  16.01    14.160017   1.5    16.135668   2.5 KP   
   627.9592    627.7856    1.974419  -4.920 1.017e+03  16.01    13.584710   0.5    15.559242   0.5 KP   
   628.8075    628.6336    1.971755  -1.460 9.749e+05  16.01    14.163799   2.5    16.135668   2.5 KP   
   628.8683    628.6944    1.971564  -0.300 1.409e+07  16.01    14.294558   3.5    16.266236   2.5 KP   
   629.1175    628.9436    1.970783  -0.620 5.053e+06  16.01    17.446856   2.5    19.417752   3.5 KP   
   629.2633    629.0893    1.970327  -1.050 2.502e+06  16.01    17.387489   2.5    19.357929   2.5 KP   
   630.0253    629.8511    1.967944  -3.200 2.651e+04  16.01    17.808253   1.5    19.776310   1.5 KP   
   630.1487    629.9745    1.967558  -2.880 3.691e+04  16.01    17.808253   1.5    19.775924   2.5 KP   
   630.7226    630.5482    1.965768  -0.085 2.298e+07  16.01    14.169787   3.5    16.135668   2.5 BW   
   631.4431    631.2685    1.963525  -0.320 2.002e+07  16.01    14.234888   2.5    16.198526   1.5 NBS  
   632.8124    632.6375    1.959276  -2.420 1.055e+05  16.01    17.398541   3.5    19.357929   2.5 KP   
   632.9339    632.7589    1.958901  -4.440 1.511e+03  16.01    17.387489   2.5    19.346502   1.5 KP   
   637.1099    636.9338    1.946061  -2.570 1.106e+05  16.01    14.155276   0.5    16.101448   1.5 KP   
   638.6658    638.4893    1.941319  -2.910 5.029e+04  16.01    14.160017   1.5    16.101448   1.5 KP   
   638.8267    638.6501    1.940831  -4.250 4.595e+03  16.01    13.618300   1.5    15.559242   0.5 KP   
   639.9123    639.7355    1.937538  -1.020 3.889e+06  16.01    14.163799   2.5    16.101448   1.5 KP   
   639.9783    639.8014    1.937338  -1.010 7.957e+06  16.01    14.155276   0.5    16.092725   0.5 KP   
   641.5484    641.3711    1.932597  -1.730 1.509e+06  16.01    14.160017   1.5    16.092725   0.5 KP   
   645.1830    645.0047    1.921710  -3.640 6.118e+03  16.01    17.398541   3.5    19.320361   2.5 KP   
   648.8109    648.6317    1.910964  -2.030 2.465e+05  16.01    17.446856   2.5    19.357929   2.5 KP   
   649.4291    649.2497    1.909145  -3.880 1.042e+04  16.01    17.451995   1.5    19.361250   0.5 KP   
   650.5605    650.3808    1.905825  -0.750 4.671e+06  16.01    17.451995   1.5    19.357929   2.5 KP   
   652.3247    652.1445    1.900671  -2.090 2.123e+05  16.01    14.234888   2.5    16.135668   2.5 KP   
   652.7138    652.5335    1.899538  -3.080 3.256e+04  16.01    17.446856   2.5    19.346502   1.5 KP   
   653.2417    653.0613    1.898003  -1.330 3.656e+06  16.01    13.661131   1.5    15.559242   0.5 KP   
   654.4846    654.3038    1.894398  -4.110 3.022e+03  16.01    17.451995   1.5    19.346502   1.5 KP   
   661.8212    661.6385    1.873398  -2.720 4.836e+04  16.01    17.446856   2.5    19.320361   2.5 KP   
   663.6418    663.4586    1.868258  -3.950 2.832e+03  16.01    17.451995   1.5    19.320361   2.5 KP   
   664.2837    664.1003    1.866453  -1.730 7.037e+05  16.01    14.234888   2.5    16.101448   1.5 KP   
   664.9480    664.7644    1.864589  -4.580 9.920e+02  16.01    14.003418   0.5    15.868114   1.5 KP   
   671.7040    671.5186    1.845834  -4.580 1.944e+03  16.01    14.003418   0.5    15.849359   0.5 KP   
   676.9720    676.7852    1.831471  -3.810 3.757e+03  16.01    14.068387   1.5    15.899963   2.5 KP   
   688.9519    688.7619    1.799624  -4.120 2.665e+03  16.01    14.068387   1.5    15.868114   1.5 KP   
   695.9853    695.7934    1.781438  -4.270 9.243e+02  16.01    14.163799   2.5    15.945339   3.5 KP   
   696.2072    696.0152    1.780870  -4.930 8.084e+02  16.01    14.068387   1.5    15.849359   0.5 KP   
   698.3324    698.1398    1.775450  -0.710 3.334e+06  16.01    14.169787   3.5    15.945339   3.5 KP   
   712.6233    712.4269    1.739846  -2.420 8.323e+04  16.01    14.160017   1.5    15.899963   2.5 KP   
   714.1755    713.9787    1.736064  -1.230 1.283e+06  16.01    14.163799   2.5    15.899963   2.5 KP   
   716.6471    716.4496    1.730077  -1.370 9.233e+05  16.01    14.169787   3.5    15.899963   2.5 KP   
   723.9012    723.7018    1.712740  -1.920 3.826e+05  16.01    14.155276   0.5    15.868114   1.5 KP   
   724.9113    724.7116    1.710353  -4.670 3.392e+02  16.01    14.234888   2.5    15.945339   3.5 KP   
   725.9107    725.7107    1.707999  -1.260 1.739e+06  16.01    14.160017   1.5    15.868114   1.5 KP   
   727.5214    727.3210    1.704217  -1.440 1.144e+06  16.01    14.163799   2.5    15.868114   1.5 KP   
   731.9155    731.7139    1.693986  -1.720 1.186e+06  16.01    14.155276   0.5    15.849359   0.5 KP   
   733.9698    733.7676    1.689245  -1.190 3.997e+06  16.01    14.160017   1.5    15.849359   0.5 KP   
   744.6665    744.4615    1.664979  -1.900 2.524e+05  16.01    14.234888   2.5    15.899963   2.5 KP   
   751.1145    750.9077    1.650686  -1.760 2.568e+05  16.01    14.294558   3.5    15.945339   3.5 KP   
   759.1879    758.9789    1.633132  -0.880 3.814e+06  16.01    14.234888   2.5    15.868114   1.5 KP   
   763.6789    763.4687    1.623529  -1.910 1.759e+05  16.01    17.398541   3.5    19.022162   3.5 KP   
   766.1091    765.8983    1.618378  -2.330 8.859e+04  16.01    17.387489   2.5    19.005960   2.5 KP   
   767.9695    767.7582    1.614458  -2.570 7.610e+04  16.01    16.193702   2.5    17.808253   1.5 KP   
   770.9001    770.6880    1.608321  -4.260 1.542e+03  16.01    17.387489   2.5    18.995902   1.5 KP   
   771.3763    771.1641    1.607327  -3.280 9.805e+03  16.01    17.398541   3.5    19.005960   2.5 KP   
   772.3445    772.1320    1.605313  -0.990 1.907e+06  16.01    14.294558   3.5    15.899963   2.5 KP   
   780.9626    780.7478    1.587598  -2.500 8.646e+04  16.01    16.220564   1.5    17.808253   1.5 KP   
   787.1010    786.8845    1.575216  -1.630 3.155e+05  16.01    17.446856   2.5    19.022162   3.5 KP   
   788.9783    788.7613    1.571468  -2.770 4.549e+04  16.01    16.236694   0.5    17.808253   1.5 KP   
   789.2598    789.0427    1.570908  -3.200 3.378e+04  16.01    16.220564   1.5    17.791562   0.5 KP   
   795.2805    795.0618    1.559015  -2.660 3.845e+04  16.01    17.446856   2.5    19.005960   2.5 KP   
   796.9575    796.7384    1.555735  -0.820 7.947e+06  16.01    14.003418   0.5    15.559242   0.5 NBS  
   797.4107    797.1914    1.554851  -4.680 5.479e+02  16.01    17.791562   0.5    19.346502   1.5 KP   
   797.4476    797.2283    1.554779  -3.070 4.464e+04  16.01    16.236694   0.5    17.791562   0.5 KP   
   797.9107    797.6913    1.553876  -2.070 1.486e+05  16.01    17.451995   1.5    19.005960   2.5 KP   
   798.4083    798.1888    1.552908  -2.960 5.736e+04  16.01    17.808253   1.5    19.361250   0.5 KP   
   800.1191    799.8991    1.549587  -3.910 2.136e+03  16.01    17.808253   1.5    19.357929   2.5 KP   
   803.1090    802.8882    1.543818  -3.310 1.266e+04  16.01    17.451995   1.5    18.995902   1.5 KP   
   806.0629    805.8413    1.538161  -2.790 4.162e+04  16.01    17.808253   1.5    19.346502   1.5 KP   
   813.2574    813.0338    1.524553  -2.200 6.363e+04  16.01    17.398541   3.5    18.923182   4.5 KP   
   819.9981    819.7727    1.512021  -3.010 1.616e+04  16.01    17.808253   1.5    19.320361   2.5 KP   
   828.1642    827.9366    1.497112  -3.060 1.059e+04  16.01    17.387489   2.5    18.884687   3.5 KP   
   831.6873    831.4588    1.490770  -0.470 1.634e+07  16.01    14.068387   1.5    15.559242   0.5 NBS  
   834.3227    834.0935    1.486061  -4.120 9.086e+02  16.01    17.398541   3.5    18.884687   3.5 KP   
   842.3713    842.1399    1.471862  -4.280 1.233e+03  16.01    15.068657   1.5    16.540604   1.5 KP   
   851.7917    851.5577    1.455584  -4.990 4.704e+02  16.01    15.068657   1.5    16.524325   0.5 KP   
   862.3581    862.1213    1.437749  -4.760 1.948e+02  16.01    17.446856   2.5    18.884687   3.5 KP   
   878.2908    878.0497    1.411667  -4.450 5.113e+02  16.01    17.446856   2.5    18.858604   2.5 KP   
   883.1589    882.9165    1.403886  -1.930 5.024e+05  16.01    14.155276   0.5    15.559242   0.5 KP   
   886.1517    885.9084    1.399145  -1.110 3.297e+06  16.01    14.160017   1.5    15.559242   0.5 KP   
   892.1124    891.8675    1.389796  -4.110 1.626e+03  16.01    17.451995   1.5    18.841871   1.5 KP   
   974.4024    974.1353    1.272425  -3.580 4.619e+03  16.01    16.535754   1.5    17.808253   1.5 GUES 
   985.4032    985.1331    1.258220  -3.570 4.622e+03  16.01    16.193702   2.5    17.451995   1.5 KP   
   987.3530    987.0823    1.255736  -2.890 4.407e+04  16.01    16.535754   1.5    17.791562   0.5 GUES 
   989.4446    989.1734    1.253081  -2.430 4.219e+04  16.01    16.193702   2.5    17.446856   2.5 KP   
  1006.8983   1006.6223    1.231360  -3.940 1.888e+03  16.01    16.220564   1.5    17.451995   1.5 KP   
  1011.1183   1010.8412    1.226221  -2.990 1.113e+04  16.01    16.220564   1.5    17.446856   2.5 KP   
  1029.1221   1028.8401    1.204769  -3.370 3.358e+03  16.01    16.193702   2.5    17.398541   3.5 KP   
  1029.5480   1029.2659    1.204271  -3.550 4.434e+03  16.01    17.791562   0.5    18.995902   1.5 KP   
  1035.2492   1034.9656    1.197639  -3.670 2.218e+03  16.01    17.808253   1.5    19.005960   2.5 KP   
  1035.3607   1035.0770    1.197510  -4.110 8.050e+02  16.01    15.068657   1.5    16.266236   2.5 KP   
  1038.6492   1038.3646    1.193718  -4.670 2.203e+02  16.01    16.193702   2.5    17.387489   2.5 KP   
  1049.2805   1048.9931    1.181623  -4.260 1.665e+03  16.01    17.808253   1.5    18.989944   0.5 KP   
  1052.7613   1052.4729    1.177717  -4.840 2.175e+02  16.01    15.068818   2.5    16.246603   1.5 KP   
  1162.2312   1161.9131    1.066788  -4.560 2.267e+02  16.01    15.068818   2.5    16.135668   2.5 KP   
  1180.4870   1180.1640    1.050291  -4.840 1.153e+02  16.01    17.808253   1.5    18.858604   2.5 KP   
  1180.5344   1180.2114    1.050248  -4.330 5.596e+02  16.01    17.791562   0.5    18.841871   1.5 KP   
  1200.7454   1200.4169    1.032571  -4.940 1.328e+02  16.01    15.068818   2.5    16.101448   1.5 KP   
  1353.2752   1352.9052    0.916188  -0.425 3.422e+06  16.01    16.535754   1.5    17.451995   1.5 GUES 
  1360.9089   1360.5369    0.911049  -3.640 1.375e+03  16.01    16.535754   1.5    17.446856   2.5 GUES 
  1414.5992   1414.2126    0.876470  -4.360 1.819e+02  16.01    15.068818   2.5    15.945339   3.5 KP   
  1441.8571   1441.4631    0.859901  -2.430 2.980e+04  16.01    16.592045   2.5    17.451995   1.5 GUES 
  1450.5262   1450.1298    0.854762  -0.216 3.213e+06  16.01    16.592045   2.5    17.446856   2.5 GUES 
  1455.7651   1455.3673    0.851686  -3.590 1.348e+03  16.01    16.535754   1.5    17.387489   2.5 GUES 
  1537.4232   1537.0032    0.806450  -4.040 3.217e+02  16.01    16.592045   2.5    17.398541   3.5 GUES 
  1558.7833   1558.3575    0.795399  -2.740 8.325e+03  16.01    16.592045   2.5    17.387489   2.5 GUES 
  1623.6243   1623.1809    0.763634  -4.270 3.397e+02  16.01    18.841871   1.5    19.605549   1.5 GUES 
  1645.0318   1644.5825    0.753696  -4.130 3.045e+02  16.01    18.841871   1.5    19.595611   2.5 GUES 
  1659.9962   1659.5429    0.746902  -3.680 1.264e+03  16.01    18.858604   2.5    19.605549   1.5 GUES 
  1682.3801   1681.9207    0.736964  -2.680 8.206e+03  16.01    18.858604   2.5    19.595611   2.5 GUES 
  1744.1049   1743.6287    0.710883  -1.780 6.065e+04  16.01    18.884687   3.5    19.595611   2.5 GUES 
  1748.9764   1748.4989    0.708903  -2.700 2.175e+04  16.01    18.841871   1.5    19.550815   0.5 GUES 
  1779.3626   1778.8768    0.696797  -2.750 9.366e+03  16.01    18.841871   1.5    19.538708   1.5 GUES 
  1823.1407   1822.6430    0.680065  -2.020 4.791e+04  16.01    18.858604   2.5    19.538708   1.5 GUES 
  1830.1175   1829.6179    0.677473  -2.320 1.191e+04  16.01    18.858604   2.5    19.536115   3.5 GUES 
  1903.3951   1902.8755    0.651391  -0.990 2.355e+05  16.01    18.884687   3.5    19.536115   3.5 GUES 
  1917.9133   1917.3898    0.646460  -2.120 2.293e+04  16.01    18.841871   1.5    19.488368   2.5 GUES 
  1968.8722   1968.3348    0.629728  -0.840 4.145e+05  16.01    18.858604   2.5    19.488368   2.5 GUES 

Number of lines in output :  489

Parameter set used in search:

Lower wavelength limit:    200.0000 nm
Upper wavelength limit:   2000.0000 nm
Lower limit on log gf:  -5.000
Upper limit on log gf:   2.000
Lower limit on energy for lower level:        0.000 cm^-1
Upper limit on energy for lower level:  1000000.000 cm^-1
Lower limit on energy for upper level:        0.000 cm^-1
Upper limit on energy for upper level:  1000000.000 cm^-1

Element list:

S II         ( = 16.01 )

Search program by Claas Heise (heise@fz.telekom.de), Jan 17, 1996



