Number of lines in output : 77
--------------------------------------------------------------------------------------------------------
    Wl_vac      Wl_air    E_Photon   log_gf   A-Value   Elem. E_lower_lev.   J   E_upper_lev.   J   Ref.
     / nm        / nm        / eV              / 1/s   (Code)     / eV     lower     / eV     upper     
--------------------------------------------------------------------------------------------------------
   201.9308    201.8657    6.140725  -1.842 1.177e+07  38.01     2.940507   0.5     9.080856   0.5 WA   
   205.2526    205.1869    6.041343  -1.545 2.257e+07  38.01     3.039882   1.5     9.080856   0.5 WA   
   215.3511    215.2834    5.758046   0.318 4.985e+08  38.01     1.804823   1.5     7.562517   2.5 WA   
   216.6591    216.5911    5.723285   0.398 4.441e+08  38.01     1.839583   2.5     7.562517   3.5 WA   
   216.6591    216.5911    5.723285  -0.903 2.961e+07  38.01     1.839583   2.5     7.562517   2.5 WA   
   228.2704    228.2000    5.432161  -0.565 8.713e+07  38.01     2.940507   0.5     8.372334   1.5 WA   
   232.3069    232.2356    5.337773  -0.303 1.025e+08  38.01     3.039882   1.5     8.377328   2.5 WA   
   232.5245    232.4531    5.332779  -0.264 1.679e+08  38.01     3.039882   1.5     8.372334   1.5 WA   
   240.9523    240.8790    5.146255  -4.176 1.915e+04  38.01     1.804823   1.5     6.950763   1.5 WA   
   242.4306    242.3570    5.114873  -1.401 2.254e+07  38.01     2.940507   0.5     8.055065   0.5 WA   
   242.5909    242.5173    5.111492  -3.710 5.525e+04  38.01     1.839583   2.5     6.950763   1.5 WA   
   242.6372    242.5635    5.110519  -4.517 1.723e+04  38.01     1.804823   1.5     6.915028   0.5 WA   
   247.2344    247.1597    5.015490  -1.069 4.655e+07  38.01     3.039882   1.5     8.055065   0.5 WA   
   338.1678    338.0707    3.666824   0.199 2.306e+08  38.01     2.940507   0.5     6.607106   1.5 WA   
   346.5445    346.4453    3.578189   0.487 2.841e+08  38.01     3.039882   1.5     6.617851   2.5 WA   
   347.5884    347.4889    3.567443  -0.460 4.786e+07  38.01     3.039882   1.5     6.607106   1.5 WA   
   362.6438    362.5404    3.419338  -2.810 1.964e+05  38.01     5.918975   0.5     9.338103   1.5 WA   
   376.2937    376.1868    3.295303  -0.939 9.035e+06  38.01     6.607106   1.5     9.902207   2.5 WA   
   377.5247    377.4175    3.284558  -2.120 5.917e+05  38.01     6.617851   2.5     9.902207   2.5 WA   
   377.5247    377.4175    3.284558  -0.818 8.895e+06  38.01     6.617851   2.5     9.902207   3.5 WA   
   407.8860    407.7709    3.040069   0.167 1.472e+08  38.01     0.000000   0.5     3.039882   1.5 WA   
   416.2965    416.1792    2.978650  -0.502 6.057e+07  38.01     2.940507   0.5     5.918975   0.5 WA   
   421.6706    421.5519    2.940688  -0.145 1.343e+08  38.01     0.000000   0.5     2.940507   0.5 WA   
   429.7916    429.6707    2.885123  -0.721 1.144e+07  38.01     6.607106   1.5     9.492052   2.5 WA   
   430.6654    430.5443    2.879269  -0.136 1.315e+08  38.01     3.039882   1.5     5.918975   0.5 WA   
   431.3984    431.2771    2.874377  -1.917 7.231e+05  38.01     6.617851   2.5     9.492052   2.5 WA   
   431.3984    431.2771    2.874377  -0.618 1.080e+07  38.01     6.617851   2.5     9.492052   3.5 WA   
   436.3173    436.1947    2.841972  -0.851 1.234e+07  38.01     6.915028   0.5     9.756826   1.5 WA   
   441.6084    441.4844    2.807922  -0.690 1.164e+07  38.01     6.950763   1.5     9.758512   2.5 WA   
   441.8738    441.7497    2.806235  -1.658 1.877e+06  38.01     6.950763   1.5     9.756826   1.5 WA   
   452.7365    452.6096    2.738904  -1.524 4.869e+06  38.01     6.915028   0.5     9.653763   0.5 WA   
   454.0195    453.8922    2.731164  -4.818 1.230e+03  38.01     6.607106   1.5     9.338103   1.5 WA   
   455.8128    455.6851    2.720419  -3.230 4.726e+04  38.01     6.617851   2.5     9.338103   1.5 WA   
   458.7219    458.5934    2.703167  -2.388 6.486e+05  38.01     6.950763   1.5     9.653763   0.5 WA   
   474.8999    474.7671    2.611080  -1.815 1.132e+06  38.01     5.918975   0.5     8.529895   1.5 WA   
   478.2705    478.1368    2.592679  -2.735 2.684e+05  38.01     5.918975   0.5     8.511494   0.5 WA   
   530.4589    530.3114    2.337602  -0.495 1.896e+07  38.01     6.915028   0.5     9.252486   1.5 WA   
   538.0626    537.9130    2.304568  -0.230 2.261e+07  38.01     6.950763   1.5     9.255189   2.5 WA   
   538.6944    538.5447    2.301865  -1.188 3.727e+06  38.01     6.950763   1.5     9.252486   1.5 WA   
   562.4458    562.2897    2.204660  -0.597 8.888e+06  38.01     6.607106   1.5     8.811631   2.5 WA   
   564.6305    564.4738    2.196130  -2.848 4.948e+04  38.01     7.562517   0.0     9.758512   2.5 WA   
   564.6305    564.4738    2.196130  -1.547 9.896e+05  38.01     7.562517   0.0     9.758512   2.5 WA   
   565.0643    564.9075    2.194444  -1.618 1.259e+06  38.01     7.562517   0.0     9.756826   1.5 WA   
   565.2007    565.0439    2.193914  -0.479 8.662e+06  38.01     6.617851   2.5     8.811631   3.5 WA   
   565.2007    565.0439    2.193914  -1.780 5.775e+05  38.01     6.617851   2.5     8.811631   2.5 WA   
   572.4951    572.3363    2.165961  -1.161 7.023e+06  38.01     6.915028   0.5     9.080856   0.5 WA   
   582.0992    581.9379    2.130224  -0.863 1.349e+07  38.01     6.950763   1.5     9.080856   0.5 WA   
   644.8580    644.6798    1.922907  -3.983 4.170e+03  38.01     6.607106   1.5     8.529895   1.5 WA   
   648.4819    648.3028    1.912161  -2.631 9.274e+04  38.01     6.617851   2.5     8.529895   1.5 WA   
   651.0887    650.9089    1.904505  -2.359 3.442e+05  38.01     6.607106   1.5     8.511494   0.5 WA   
   732.5256    732.3238    1.692776  -1.038 1.898e+06  38.01     7.562517   0.0     9.255189   2.5 WA   
   732.5256    732.3238    1.692776  -2.339 9.491e+04  38.01     7.562517   0.0     9.255189   2.5 WA   
   733.6973    733.4952    1.690073  -1.102 2.449e+06  38.01     7.562517   0.0     9.252486   1.5 WA   
   850.8343    850.6006    1.457395   0.241 4.012e+07  38.01     6.915028   0.5     8.372334   1.5 WA   
   869.1685    868.9298    1.426653   0.538 5.079e+07  38.01     6.950763   1.5     8.377328   2.5 WA   
   872.2221    871.9826    1.421658  -0.406 8.606e+06  38.01     6.950763   1.5     8.372334   1.5 WA   
   966.3984    966.1334    1.283117  -1.635 4.138e+05  38.01     8.055065   0.5     9.338103   1.5 WA   
  1003.9404   1003.6653    1.235135  -1.312 8.066e+05  38.01     1.804823   1.5     3.039882   1.5 WA   
  1033.0141   1032.7311    1.200372  -0.353 6.932e+06  38.01     1.839583   2.5     3.039882   1.5 WA   
  1085.4935   1085.1962    1.142339  -1.975 2.998e+05  38.01     8.511494   0.5     9.653763   0.5 WA   
  1087.6185   1087.3207    1.140107  -0.241 1.619e+07  38.01     6.915028   0.5     8.055065   0.5 WA   
  1091.7877   1091.4887    1.135754  -0.638 6.439e+06  38.01     1.804823   1.5     2.940507   0.5 WA   
  1103.2657   1102.9636    1.123938  -0.759 4.772e+06  38.01     8.529895   1.5     9.653763   0.5 WA   
  1122.8133   1122.5059    1.104370   0.114 3.439e+07  38.01     6.950763   1.5     8.055065   0.5 WA   
  1201.7252   1201.3964    1.031851   0.322 2.424e+07  38.01     5.918975   0.5     6.950763   1.5 WA   
  1244.8386   1244.4981    0.996114   0.017 2.238e+07  38.01     5.918975   0.5     6.915028   0.5 WA   
  1283.8734   1283.5223    0.965829  -3.002 1.007e+04  38.01     8.372334   1.5     9.338103   1.5 WA   
  1290.5474   1290.1945    0.960834  -1.851 1.411e+05  38.01     8.377328   2.5     9.338103   1.5 WA   
  1297.7929   1297.4380    0.955470   0.632 2.829e+07  38.01     6.607106   1.5     7.562517   2.5 WA   
  1309.4833   1309.1252    0.946940  -0.688 1.330e+06  38.01     8.811631   0.0     9.758512   2.5 WA   
  1309.4833   1309.1252    0.946940  -1.987 6.680e+04  38.01     8.811631   0.0     9.758512   2.5 WA   
  1311.8195   1311.4608    0.945253  -0.754 1.707e+06  38.01     8.811631   0.0     9.756826   1.5 WA   
  1312.5547   1312.1958    0.944724  -0.609 1.588e+06  38.01     6.617851   2.5     7.562517   2.5 WA   
  1312.5547   1312.1958    0.944724   0.692 2.381e+07  38.01     6.617851   2.5     7.562517   3.5 WA   
  1521.7341   1521.3184    0.814861   0.033 5.180e+06  38.01     7.562517   0.0     8.377328   2.5 WA   
  1521.7341   1521.3184    0.814861  -1.269 2.584e+05  38.01     7.562517   0.0     8.377328   2.5 WA   
  1531.1192   1530.7009    0.809866  -0.018 6.824e+06  38.01     7.562517   0.0     8.372334   1.5 WA   

Number of lines in output : 77
Parameter set used in search:
Lower wavelength limit: 200.0000 nm
Upper wavelength limit: 2000.0000 nm
Lower limit on log gf: -5.000 Upper limit on log gf: 3.000 Lower limit on energy for lower level: 0.000 cm^-1
Upper limit on energy for lower level: 1000000.000 cm^-1
Lower limit on energy for upper level: 0.000 cm^-1
Upper limit on energy for upper level: 1000000.000 cm^-1
Element list:
Sr II ( = 38.01 )
Search program by Claas Heise (heise@fz.telekom.de), Jan 17, 1996
