Number of lines in output : 74
--------------------------------------------------------------------------------------------------------
    Wl_vac      Wl_air    E_Photon   log_gf   A-Value   Elem. E_lower_lev.   J   E_upper_lev.   J   Ref.
     / nm        / nm        / eV              / 1/s   (Code)     / eV     lower     / eV     upper     
--------------------------------------------------------------------------------------------------------
   227.5921    227.5218    5.448351  -1.500 1.357e+07  38.00     0.000000   0.0     5.448017   1.0 GUES 
   230.7980    230.7270    5.372671  -1.500 1.320e+07  38.00     0.000000   0.0     5.372342   1.0 GUES 
   235.5027    235.4307    5.265339  -1.500 1.268e+07  38.00     0.000000   0.0     5.265017   1.0 GUES 
   242.8826    242.8089    5.105354  -1.750 6.702e+06  38.00     0.000000   0.0     5.105040   1.0 CB   
   257.0238    256.9468    4.824463  -1.960 3.690e+06  38.00     0.000000   0.0     4.824166   1.0 CB   
   293.2686    293.1828    4.228212  -2.150 1.830e+06  38.00     0.000000   0.0     4.227953   1.0 CB   
   330.2679    330.1728    3.754533  -0.530 6.016e+07  38.00     1.775266   0.0     5.529569   1.0 CB   
   330.8482    330.7530    3.747947  -0.450 4.324e+07  38.00     1.798432   1.0     5.546146   2.0 CB   
   332.3185    332.2229    3.731365   0.549 7.127e+08  38.00     1.798432   1.0     5.529569   1.0 CB   
   333.0943    332.9985    3.722675  -0.530 1.774e+08  38.00     1.798432   1.0     5.520878   0.0 CB   
   335.2205    335.1242    3.699063  -0.370 5.064e+07  38.00     1.847311   2.0     5.546146   2.0 CB   
   336.7297    336.6330    3.682484  -0.510 6.060e+07  38.00     1.847311   2.0     5.529569   1.0 CB   
   394.1915    394.0799    3.145684  -0.910 1.760e+07  38.00     1.775266   0.0     4.920757   1.0 CB   
   397.0381    396.9258    3.123130  -0.590 2.175e+07  38.00     1.798432   1.0     4.921370   2.0 CB   
   397.1161    397.0038    3.122517  -0.900 1.775e+07  38.00     1.798432   1.0     4.920757   1.0 CB   
   403.1512    403.0373    3.075773  -0.240 3.374e+07  38.00     1.847311   2.0     4.922896   3.0 CB   
   403.3512    403.2373    3.074248  -0.870 1.106e+07  38.00     1.847311   2.0     4.921370   2.0 CB   
   431.9966    431.8751    2.870397  -0.441 4.316e+07  38.00     1.770165   0.0     4.640386   1.0 CB   
   436.2933    436.1707    2.842129  -0.091 9.472e+07  38.00     1.798432   1.0     4.640386   1.0 CB   
   443.9285    443.8039    2.793247  -0.960 1.237e+07  38.00     1.847311   2.0     4.640386   1.0 CB   
   460.8618    460.7327    2.690615  -0.570 2.817e+07  38.00     0.000000   0.0     2.690450   1.0 CB   
   472.3595    472.2274    2.625123  -0.130 4.432e+07  38.00     1.798432   1.0     4.423393   2.0 CB   
   474.3244    474.1918    2.614248  -0.320 4.730e+07  38.00     1.775266   0.0     4.389354   1.0 CB   
   478.5654    478.4316    2.591081  -0.510 3.000e+07  38.00     1.798432   1.0     4.389354   1.0 CB   
   481.3222    481.1877    2.576241   0.070 6.765e+07  38.00     1.847311   2.0     4.423393   2.0 CB   
   483.3458    483.2108    2.565455  -0.110 2.216e+08  38.00     1.798432   1.0     4.363728   0.0 CB   
   485.6397    485.5041    2.553337  -0.530 1.669e+07  38.00     2.251588   1.0     4.804768   2.0 CB   
   487.0056    486.8696    2.546176  -0.440 1.459e+07  38.00     2.258995   2.0     4.805014   3.0 CB   
   487.3849    487.2488    2.544194  -0.200 3.543e+07  38.00     1.798432   1.0     4.342469   2.0 CB   
   487.7432    487.6070    2.542325  -0.900 1.177e+07  38.00     1.798432   1.0     4.340600   1.0 CB   
   487.7674    487.6312    2.542199  -0.330 4.371e+07  38.00     1.847311   2.0     4.389354   1.0 CB   
   489.3342    489.1976    2.534059  -0.210 1.908e+07  38.00     2.271453   3.0     4.805356   4.0 CB   
   496.3644    496.2259    2.498168   0.250 6.877e+07  38.00     1.847311   2.0     4.345326   3.0 CB   
   496.9326    496.7940    2.495312  -0.540 1.558e+07  38.00     1.847311   2.0     4.342469   2.0 CB   
   515.7473    515.6037    2.404281  -0.150 2.536e+07  38.00     2.498413   2.0     4.902547   3.0 CB   
   522.3650    522.2196    2.373822  -0.160 5.637e+07  38.00     2.251588   1.0     4.625265   1.0 CB   
   522.6559    522.5104    2.372501  -0.010 2.386e+08  38.00     2.251588   1.0     4.623944   0.0 CB   
   523.0722    522.9266    2.370613   0.000 4.876e+07  38.00     2.258995   2.0     4.629463   2.0 CB   
   524.0001    523.8543    2.366415   0.140 1.118e+08  38.00     2.258995   2.0     4.625265   1.0 CB   
   525.8356    525.6893    2.358155   0.390 1.184e+08  38.00     2.271453   3.0     4.629463   2.0 CB   
   533.1287    532.9804    2.325896  -0.540 2.256e+07  38.00     2.498413   2.0     4.824166   1.0 CB   
   545.2349    545.0834    2.274252  -0.170 2.167e+07  38.00     2.258995   2.0     4.533108   3.0 CB   
   548.2382    548.0859    2.261794   0.510 1.026e+08  38.00     2.271453   3.0     4.533108   3.0 CB   
   548.7657    548.6133    2.259619  -0.310 2.170e+07  38.00     2.251588   1.0     4.511069   2.0 CB   
   550.5706    550.4177    2.252212   0.190 6.816e+07  38.00     2.258995   2.0     4.511069   2.0 CB   
   552.3298    552.1764    2.245039   0.050 8.177e+07  38.00     2.251588   1.0     4.496489   1.0 CB   
   553.6331    553.4794    2.239753  -0.040 3.969e+07  38.00     2.271453   3.0     4.511069   2.0 CB   
   554.1583    554.0044    2.237631  -0.060 6.306e+07  38.00     2.258995   2.0     4.496489   1.0 CB   
   554.4888    554.3348    2.236297  -0.530 1.280e+07  38.00     2.690450   1.0     4.926611   2.0 CB   
   597.1728    597.0074    2.076454  -0.690 3.819e+07  38.00     2.690450   1.0     4.766777   0.0 CB   
   634.7479    634.5724    1.953534  -1.060 2.884e+06  38.00     2.258995   2.0     4.212409   2.0 CB   
   636.5665    636.3906    1.947953  -1.070 4.670e+06  38.00     2.251588   1.0     4.199421   1.0 CB   
   637.1675    636.9914    1.946116  -0.930 1.930e+07  38.00     2.251588   1.0     4.197584   0.0 CB   
   638.2488    638.0724    1.942819  -0.470 1.110e+07  38.00     2.251588   1.0     4.194287   2.0 CB   
   638.8220    638.6454    1.941076  -0.500 1.034e+07  38.00     2.271453   3.0     4.212409   2.0 CB   
   638.9965    638.8199    1.940545  -0.690 1.112e+07  38.00     2.258995   2.0     4.199421   1.0 CB   
   641.0230    640.8459    1.934411   0.500 5.703e+07  38.00     2.271453   3.0     4.205745   4.0 CB   
   644.8426    644.6644    1.922953  -1.060 2.794e+06  38.00     2.271453   3.0     4.194287   2.0 CB   
   646.7554    646.5767    1.917265  -0.650 3.570e+07  38.00     2.690450   1.0     4.607598   0.0 CB   
   650.5788    650.3991    1.905998   0.260 4.097e+07  38.00     2.258995   2.0     4.164876   3.0 CB   
   654.8593    654.6784    1.893539  -0.470 7.529e+06  38.00     2.271453   3.0     4.164876   3.0 CB   
   655.2050    655.0240    1.892540   0.180 4.703e+07  38.00     2.690450   1.0     4.582874   2.0 CB   
   661.9091    661.7263    1.873372  -0.020 2.908e+07  38.00     2.251588   1.0     4.124845   2.0 CB   
   664.5368    664.3533    1.865964  -0.590 7.765e+06  38.00     2.258995   2.0     4.124845   2.0 CB   
   679.2890    679.1016    1.825441  -0.720 9.181e+06  38.00     1.775266   0.0     3.600595   1.0 CB   
   688.0208    687.8310    1.802274  -0.280 2.465e+07  38.00     1.798432   1.0     3.600595   1.0 CB   
   689.4483    689.2581    1.798542  -2.840 6.761e+04  38.00     0.000000   0.0     1.798432   1.0 CB   
   707.2019    707.0070    1.753391  -0.180 2.937e+07  38.00     1.847311   2.0     3.600595   1.0 CB   
   715.5028    715.3056    1.733050  -1.320 1.247e+06  38.00     2.690450   1.0     4.423393   2.0 CB   
   716.9107    716.7131    1.729646  -0.890 5.573e+06  38.00     2.498413   2.0     4.227953   1.0 CB   
   723.4120    723.2127    1.714102  -0.990 2.608e+06  38.00     2.498413   2.0     4.212409   2.0 CB   
   731.1424    730.9410    1.695978   0.100 3.142e+07  38.00     2.498413   2.0     4.194287   2.0 CB   
   762.3594    762.1496    1.626532  -0.610 5.634e+06  38.00     2.498413   2.0     4.124845   2.0 CB   
   767.5186    767.3074    1.615598  -0.520 6.839e+06  38.00     2.690450   1.0     4.305950   2.0 CB   

Number of lines in output : 74
Parameter set used in search:
Lower wavelength limit: 200.0000 nm
Upper wavelength limit: 2000.0000 nm
Lower limit on log gf: -5.000 Upper limit on log gf: 3.000 Lower limit on energy for lower level: 0.000 cm^-1
Upper limit on energy for lower level: 1000000.000 cm^-1
Lower limit on energy for upper level: 0.000 cm^-1
Upper limit on energy for upper level: 1000000.000 cm^-1
Element list:
Sr I ( = 38.00 )
Search program by Claas Heise (heise@fz.telekom.de), Jan 17, 1996
