Number of lines in output : 321
--------------------------------------------------------------------------------------------------------
    Wl_vac      Wl_air    E_Photon   log_gf   A-Value   Elem. E_lower_lev.   J   E_upper_lev.   J   Ref.
     / nm        / nm        / eV              / 1/s   (Code)     / eV     lower     / eV     upper
--------------------------------------------------------------------------------------------------------
   235.4895    235.4175    5.265634  -0.760 2.613e+07  39.00     0.065760   2.5     5.331071   3.5 CB   
   249.1155    249.0404    4.977617  -1.210 1.105e+07  39.00     0.065760   2.5     5.043071   2.5 CB   
   268.2463    268.1666    4.622624  -1.620 3.706e+06  39.00     0.000000   1.5     4.622341   2.5 CB   
   269.6183    269.5383    4.599101  -1.400 4.566e+06  39.00     0.065760   2.5     4.664579   3.5 CB   
   272.3799    272.2992    4.552472  -1.020 2.146e+07  39.00     0.065760   2.5     4.617952   1.5 CP'  
   273.0860    273.0052    4.540700  -1.740 4.069e+06  39.00     0.065760   2.5     4.606122   1.5 CP'  
   274.3311    274.2500    4.520091  -1.160 1.533e+07  39.00     0.000000   1.5     4.519813   1.5 CP'  
   276.0885    276.0069    4.491320  -0.940 1.674e+07  39.00     0.065760   2.5     4.556804   2.5 CP'  
   279.2016    279.1193    4.441241  -1.960 2.345e+06  39.00     0.000000   1.5     4.440968   1.5 CP'  
   281.4484    281.3655    4.405788  -1.700 2.800e+06  39.00     0.065760   2.5     4.471276   2.5 CP'  
   281.9679    281.8849    4.397670  -0.490 6.787e+07  39.00     1.305539   0.5     5.702936   1.5 CB   
   282.3397    282.2566    4.391879  -0.100 3.323e+08  39.00     1.305539   0.5     5.697149   0.5 CB   
   288.7300    288.6453    4.294676   0.280 3.811e+08  39.00     1.408525   1.5     5.702936   1.5 CB   
   291.9902    291.9047    4.246724  -1.010 1.274e+07  39.00     0.000000   1.5     4.246463   2.5 CP'  
   294.9265    294.8403    4.204444  -0.740 3.488e+07  39.00     0.000000   1.5     4.204186   1.5 HL   
   296.5830    296.4964    4.180960  -0.570 3.402e+07  39.00     0.065760   2.5     4.246463   2.5 CP'  
   297.5454    297.4586    4.167437  -0.550 3.539e+07  39.00     0.000000   1.5     4.167181   2.5 HL   
   298.5124    298.4253    4.153937  -0.290 4.799e+07  39.00     0.065760   2.5     4.219442   3.5 HL   
   299.6128    299.5255    4.138680  -1.560 5.116e+06  39.00     0.065760   2.5     4.204186   1.5 HL   
   299.7817    299.6943    4.136349  -1.170 8.363e+06  39.00     0.000000   1.5     4.136095   2.5 HL   
   300.6136    300.5260    4.124902  -1.580 4.853e+06  39.00     0.000000   1.5     4.124649   1.5 HL   
   301.9831    301.8952    4.106195  -0.210 2.255e+08  39.00     1.305539   0.5     5.411482   0.5 CB   
   302.2600    302.1720    4.102434  -1.080 7.591e+06  39.00     0.065760   2.5     4.167941   3.5 CP'  
   302.3161    302.2281    4.101673  -1.270 6.532e+06  39.00     0.065760   2.5     4.167181   2.5 HL   
   304.6249    304.5363    4.070586  -1.050 1.068e+07  39.00     0.065760   2.5     4.136095   2.5 HL   
   305.4839    305.3951    4.059139  -2.970 1.915e+05  39.00     0.065760   2.5     4.124649   1.5 HL   
   311.2699    311.1796    3.983687  -0.370 1.468e+08  39.00     1.305539   0.5     5.288981   0.5 CB   
   315.6562    315.5648    3.928330  -2.620 2.676e+05  39.00     0.000000   1.5     3.928090   2.5 HL   
   317.3753    317.2835    3.907052  -2.220 9.975e+05  39.00     0.000000   1.5     3.906812   1.5 HL   
   318.6863    318.5942    3.890979  -2.820 1.243e+05  39.00     0.065760   2.5     3.956499   3.5 HL   
   319.2225    319.1302    3.884444  -0.080 1.361e+08  39.00     1.408525   1.5     5.292730   1.5 CB   
   321.0304    320.9377    3.862568  -2.560 2.971e+05  39.00     0.065760   2.5     3.928090   2.5 HL   
   322.8088    322.7156    3.841289  -3.160 1.107e+05  39.00     0.065760   2.5     3.906812   1.5 HL   
   334.1338    334.0377    3.711094   0.270 2.781e+08  39.00     1.992072   2.5     5.702936   1.5 CB   
   338.9556    338.8583    3.658302   0.340 3.175e+08  39.00     1.890366   2.5     5.548443   1.5 CB   
   339.8006    339.7031    3.649204   0.190 1.118e+08  39.00     2.012943   4.5     5.661923   3.5 CB   
   341.3443    341.2464    3.632701   0.380 2.289e+08  39.00     1.948236   3.5     5.580714   2.5 CB   
   345.1929    345.0940    3.592200   0.330 1.496e+08  39.00     2.012943   4.5     5.604922   3.5 CB   
   348.5044    348.4047    3.558066  -1.880 1.207e+06  39.00     0.000000   1.5     3.557847   2.5 HL   
   348.6720    348.5722    3.556356   0.800 8.654e+08  39.00     1.305539   0.5     4.861677   1.5 CB   
   352.2540    352.1533    3.520192   0.170 1.325e+08  39.00     1.853564   1.5     5.373540   2.5 CB   
   355.0671    354.9657    3.492302  -2.940 1.012e+05  39.00     0.065760   2.5     3.557847   2.5 HL   
   355.2804    355.1789    3.490206   0.380 3.169e+08  39.00     1.853564   1.5     5.343556   1.5 CB   
   355.3705    355.2690    3.489321  -0.760 2.295e+07  39.00     0.000000   1.5     3.489107   1.5 HL   
   355.9757    355.8741    3.483388   0.530 2.973e+08  39.00     1.890366   2.5     5.373540   2.5 CB   
   357.2451    357.1431    3.471011   0.610 2.661e+08  39.00     1.948236   3.5     5.419034   3.5 CB   
   357.7072    357.6051    3.466527   0.830 3.524e+08  39.00     2.012943   4.5     5.479257   4.5 CB   
   359.0667    358.9643    3.453402   0.280 2.464e+08  39.00     1.890366   2.5     5.343556   1.5 CB   
   359.3936    359.2911    3.450261  -0.030 2.410e+08  39.00     0.000000   1.5     3.450049   0.5 CP'  
   362.1969    362.0936    3.423557   0.265 2.340e+08  39.00     0.065760   2.5     3.489107   1.5 HL   
   369.3574    369.2523    3.357187   0.640 2.134e+08  39.00     2.122276   3.5     5.479257   4.5 CB   
   371.9150    371.8092    3.334100   0.130 8.131e+07  39.00     2.085138   2.5     5.419034   3.5 CB   
   373.9674    373.8611    3.315802   0.090 9.779e+07  39.00     2.057942   1.5     5.373540   2.5 CB   
   375.0956    374.9890    3.305829   0.000 1.185e+08  39.00     2.037930   0.5     5.343556   1.5 CB   
   388.8867    388.7765    3.188594  -0.990 7.522e+06  39.00     1.408525   1.5     4.596924   2.5 CB   
   391.9278    391.8168    3.163853  -0.830 1.606e+07  39.00     1.356155   1.5     4.519813   1.5 CB   
   398.8608    398.7480    3.108859  -0.910 8.597e+06  39.00     1.408525   1.5     4.517193   2.5 CB   
   404.0963    403.9822    3.068579  -0.780 1.130e+07  39.00     0.000000   1.5     3.068391   2.5 HL   
   404.8771    404.7628    3.062662  -0.430 7.559e+07  39.00     0.000000   1.5     3.062474   0.5 CP'  
   407.8511    407.7360    3.040329   0.220 1.109e+08  39.00     0.000000   1.5     3.040143   2.5 HL   
   408.4520    408.3367    3.035857   0.280 9.523e+07  39.00     2.295400   3.5     5.331071   3.5 CB   
   408.4856    408.3703    3.035607  -0.600 2.510e+07  39.00     0.000000   1.5     3.035420   1.5 HL   
   410.3527    410.2369    3.021795   0.410 1.273e+08  39.00     0.065760   2.5     3.087369   3.5 HL   
   410.7543    410.6384    3.018841   0.090 8.106e+07  39.00     2.295400   3.5     5.314055   2.5 CB   
   411.1964    411.0804    3.015595  -0.190 4.245e+07  39.00     1.890366   2.5     4.905776   2.5 CB   
   412.9464    412.8299    3.002816   0.380 1.564e+08  39.00     0.065760   2.5     3.068391   2.5 HL   
   414.4004    414.2836    2.992279   0.210 1.575e+08  39.00     0.000000   1.5     2.992095   1.5 HL   
   415.8796    415.7624    2.981636  -0.050 4.296e+07  39.00     1.948236   3.5     4.929689   3.5 CB   
   416.8682    416.7507    2.974566  -0.430 2.377e+07  39.00     0.065760   2.5     3.040143   2.5 HL   
   417.5311    417.4134    2.969843  -0.500 3.025e+07  39.00     0.065760   2.5     3.035420   1.5 HL   
   421.4204    421.3017    2.942434  -0.110 3.644e+07  39.00     2.012943   4.5     4.955196   3.5 CB   
   421.4709    421.3522    2.942082  -0.560 1.724e+07  39.00     1.853564   1.5     4.795465   2.5 CB   
   421.8986    421.7798    2.939099  -0.350 4.185e+07  39.00     1.305539   0.5     4.244457   1.5 CB'  
   422.1817    422.0628    2.937128   0.280 1.188e+08  39.00     1.853564   1.5     4.790512   2.5 CB   
   423.2492    423.1300    2.929721  -1.920 1.119e+06  39.00     1.305539   0.5     4.235079   1.5 HL   
   423.3734    423.2542    2.928861  -1.380 1.939e+06  39.00     1.890366   2.5     4.819047   3.5 HL   
   423.7127    423.5934    2.926516  -0.490 3.006e+07  39.00     0.065760   2.5     2.992095   1.5 HL   
   425.2396    425.1199    2.916007   0.330 9.858e+07  39.00     1.890366   2.5     4.806194   3.5 CB   
   430.3500    430.2290    2.881380   0.450 1.015e+08  39.00     1.948236   3.5     4.829438   4.5 CB   
   431.7516    431.6302    2.872026  -0.940 6.847e+06  39.00     1.408525   1.5     4.280375   2.5 CB   
   431.9076    431.7862    2.870988  -1.450 1.586e+06  39.00     1.948236   3.5     4.819047   3.5 HL   
   433.1990    433.0772    2.862430  -0.560 4.895e+07  39.00     1.305539   0.5     4.167793   0.5 CB'  
   433.8501    433.7282    2.858134  -0.640 1.015e+07  39.00     1.948236   3.5     4.806194   3.5 CB   
   434.5858    434.4637    2.853295  -0.250 4.965e+07  39.00     2.037930   0.5     4.891050   1.5 CB   
   435.0005    434.8783    2.850575   0.590 1.143e+08  39.00     2.012943   4.5     4.863343   5.5 CB   
   435.3542    435.2319    2.848259  -0.890 7.556e+06  39.00     1.398379   3.5     4.246463   2.5 CB   
   435.3623    435.2400    2.848206  -2.120 6.674e+05  39.00     1.356155   1.5     4.204186   1.5 HL   
   435.3926    435.2702    2.848009  -0.240 3.375e+07  39.00     2.057942   1.5     4.905776   2.5 CB   
   435.8951    435.7726    2.844725   0.090 5.398e+07  39.00     2.085138   2.5     4.929689   3.5 CB   
   436.7253    436.6026    2.839317  -0.620 1.398e+07  39.00     1.408525   1.5     4.247669   2.5 HL   
   437.6847    437.5617    2.833094   0.220 7.223e+07  39.00     2.122276   3.5     4.955196   3.5 CB   
   438.0558    437.9327    2.830694  -0.050 7.745e+07  39.00     1.373666   2.5     4.204186   1.5 HL   
   438.6705    438.5473    2.826727  -1.100 6.883e+06  39.00     1.408525   1.5     4.235079   1.5 HL   
   439.5242    439.4008    2.821236  -1.350 1.928e+06  39.00     1.398379   3.5     4.219442   3.5 HL   
   439.5906    439.4671    2.820811  -0.530 1.698e+07  39.00     2.085138   2.5     4.905776   2.5 CB   
   441.0937    440.9698    2.811198  -2.320 2.735e+05  39.00     1.356155   1.5     4.167181   2.5 HL   
   441.8672    441.7431    2.806277  -1.120 3.239e+06  39.00     2.012943   4.5     4.819047   3.5 HL   
   443.8586    443.7340    2.793687  -0.820 8.541e+06  39.00     1.373666   2.5     4.167181   2.5 HL   
   444.4897    444.3650    2.789720  -0.600 1.060e+07  39.00     1.429894   4.5     4.219442   3.5 HL   
   444.7872    444.6624    2.787854  -0.480 2.791e+07  39.00     1.408525   1.5     4.196208   1.5 CB'  
   446.0260    445.9008    2.780111  -1.500 1.767e+06  39.00     1.356155   1.5     4.136095   2.5 HL   
   447.6974    447.5718    2.769732  -0.340 1.901e+07  39.00     1.398379   3.5     4.167941   3.5 CB'  
   447.8203    447.6947    2.768972  -0.300 2.778e+07  39.00     1.398379   3.5     4.167181   2.5 HL   
   447.8700    447.7444    2.768664  -0.420 3.161e+07  39.00     1.356155   1.5     4.124649   1.5 HL   
   448.8533    448.7274    2.762599  -0.440 2.003e+07  39.00     1.373666   2.5     4.136095   2.5 HL   
   448.8722    448.7463    2.762483  -0.040 1.510e+08  39.00     1.356155   1.5     4.118468   0.5 HL   
   449.2997    449.1737    2.759854  -1.160 2.286e+06  39.00     1.429894   4.5     4.189579   4.5 HL   
   449.3676    449.2416    2.759437  -1.200 1.042e+07  39.00     1.408525   1.5     4.167793   0.5 CB'  
   450.7208    450.5944    2.751153   0.120 1.082e+08  39.00     1.373666   2.5     4.124649   1.5 HL   
   451.4840    451.3574    2.746502  -0.510 1.685e+07  39.00     1.900402   2.5     4.646736   2.5 HL   
   451.5273    451.4007    2.746239  -0.210 3.362e+07  39.00     1.900665   1.5     4.646736   2.5 HL   
   452.3295    452.2027    2.741368  -0.490 2.637e+07  39.00     2.037930   0.5     4.779130   1.5 CB   
   452.8504    452.7234    2.738215   0.540 1.410e+08  39.00     1.429894   4.5     4.167941   3.5 CB'  
   452.9051    452.7781    2.737884   0.180 8.203e+07  39.00     1.398379   3.5     4.136095   2.5 HL   
   453.5357    453.4086    2.734077  -0.970 4.343e+06  39.00     2.085138   2.5     4.819047   3.5 HL   
   454.5581    454.4307    2.727928  -0.120 4.081e+07  39.00     1.918975   2.5     4.646736   2.5 HL   
   456.0647    455.9369    2.718916  -0.300 4.018e+07  39.00     1.887373   0.5     4.606122   1.5 HL   
   457.4820    457.3538    2.710493  -0.280 2.788e+07  39.00     2.085138   2.5     4.795465   2.5 CB   
   458.2608    458.1324    2.705887  -0.720 1.513e+07  39.00     1.900402   2.5     4.606122   1.5 HL   
   458.3054    458.1770    2.705623  -0.940 9.115e+06  39.00     1.900665   1.5     4.606122   1.5 HL   
   459.7815    459.6527    2.696937  -0.320 1.888e+07  39.00     2.122276   3.5     4.819047   3.5 HL   
   460.6083    460.4793    2.692096  -0.200 9.918e+07  39.00     1.900665   1.5     4.592596   0.5 CB'  
   461.4282    461.2990    2.687312  -0.640 1.794e+07  39.00     1.918975   2.5     4.606122   1.5 HL   
   464.4988    464.3688    2.669548  -0.450 1.828e+07  39.00     0.000000   1.5     2.669384   2.5 HL   
   465.5087    465.3784    2.663756  -0.520 1.549e+07  39.00     1.983143   1.5     4.646736   2.5 HL   
   465.9623    465.8319    2.661163   0.200 6.086e+07  39.00     2.003579   2.5     4.664579   3.5 CB'  
   466.8780    466.7473    2.655944  -0.200 1.931e+08  39.00     1.983143   0.0     4.638921   0.0 CB'  
   467.6158    467.4849    2.651754  -0.460 1.322e+07  39.00     0.065760   2.5     2.717351   3.5 HL   
   467.9665    467.8356    2.649766  -0.110 3.940e+07  39.00     2.374207   2.5     5.023810   2.5 CB   
   469.1080    468.9767    2.643319  -0.170 3.415e+07  39.00     2.003579   2.5     4.646736   2.5 HL   
   469.8113    469.6799    2.639361   0.150 7.114e+07  39.00     1.983143   1.5     4.622341   2.5 CB'  
   471.0176    470.8858    2.632602  -0.820 1.138e+07  39.00     1.887373   0.5     4.519813   1.5 CB   
   472.7164    472.5842    2.623141  -0.710 1.455e+07  39.00     1.983143   1.5     4.606122   1.5 HL   
   472.9839    472.8516    2.621658  -0.330 6.973e+07  39.00     1.305539   0.5     3.927035   0.5 CB'  
   473.3604    473.2280    2.619572  -0.330 3.481e+07  39.00     1.900402   2.5     4.519813   1.5 CB'  
   474.2727    474.1401    2.614533  -0.100 5.889e+07  39.00     2.003579   2.5     4.617952   1.5 CB'  
   475.4116    475.2787    2.608270   0.080 4.435e+07  39.00     1.900402   2.5     4.508511   3.5 CB'  
   476.2306    476.0975    2.603784  -1.150 3.470e+06  39.00     0.065760   2.5     2.669384   2.5 HL   
   476.4284    476.2952    2.602703  -1.240 4.227e+06  39.00     2.003579   2.5     4.606122   1.5 HL   
   478.1508    478.0172    2.593328  -0.910 8.973e+06  39.00     1.887373   0.5     4.480541   1.5 HL   
   478.2362    478.1025    2.592865  -0.460 1.011e+07  39.00     1.398379   3.5     3.991085   4.5 HL   
   478.8214    478.6876    2.589696   0.120 4.794e+07  39.00     1.918975   2.5     4.508511   3.5 CB'  
   480.0642    479.9300    2.582992  -0.360 1.579e+07  39.00     1.373666   2.5     3.956499   3.5 HL   
   480.5653    480.4310    2.580298  -0.440 2.622e+07  39.00     1.900402   2.5     4.480541   1.5 HL   
   480.6144    480.4801    2.580035  -0.270 3.877e+07  39.00     1.900665   1.5     4.480541   1.5 HL   
   482.0984    481.9637    2.572093  -0.480 1.584e+07  39.00     1.356155   1.5     3.928090   2.5 HL   
   482.2972    482.1625    2.571032  -0.680 9.985e+06  39.00     1.900402   2.5     4.471276   2.5 HL   
   482.3467    482.2119    2.570769   0.020 5.003e+07  39.00     1.900665   1.5     4.471276   2.5 HL   
   484.0497    483.9145    2.561724  -0.460 2.468e+07  39.00     1.918975   2.5     4.480541   1.5 HL   
   484.1207    483.9855    2.561348   0.480 8.594e+07  39.00     1.429894   4.5     3.991085   4.5 HL   
   484.7020    484.5666    2.558277   0.280 6.762e+07  39.00     1.398379   3.5     3.956499   3.5 HL   
   485.4033    485.2677    2.554581   0.120 6.220e+07  39.00     1.373666   2.5     3.928090   2.5 HL   
   485.5608    485.4252    2.553752  -0.030 6.601e+07  39.00     1.887373   0.5     4.440968   1.5 CB'  
   485.8070    485.6713    2.552458  -0.370 2.009e+07  39.00     1.918975   2.5     4.471276   2.5 HL   
   486.1201    485.9843    2.550814   0.010 7.221e+07  39.00     1.356155   1.5     3.906812   1.5 HL   
   488.1015    487.9652    2.540459  -0.400 2.786e+07  39.00     1.900665   1.5     4.440968   1.5 CB'  
   488.7673    488.6308    2.536998  -0.400 5.558e+07  39.00     1.887369   0.5     4.424220   0.5 CB'  
   488.8004    488.6639    2.536827  -0.500 2.207e+07  39.00     1.983143   1.5     4.519813   1.5 CB'  
   489.4804    489.3438    2.533302  -0.500 2.201e+07  39.00     1.373666   2.5     3.906812   1.5 HL   
   490.1452    490.0084    2.529866  -0.360 2.020e+07  39.00     1.398379   3.5     3.928090   2.5 HL   
   490.7478    490.6108    2.526760  -0.440 1.257e+07  39.00     1.429894   4.5     3.956499   3.5 HL   
   491.0362    490.8991    2.525276  -0.760 8.012e+06  39.00     1.992072   2.5     4.517193   2.5 CB'  
   492.3251    492.1877    2.518664  -0.400 5.478e+07  39.00     1.408525   1.5     3.927035   0.5 CB'  
   493.2310    493.0934    2.514038  -0.840 9.908e+06  39.00     2.002001   1.5     4.515885   1.5 CB'  
   495.1388    495.0006    2.504352  -1.360 1.979e+06  39.00     1.967078   3.5     4.471276   2.5 HL   
   496.4868    496.3483    2.497552  -1.690 1.381e+06  39.00     1.983143   1.5     4.480541   1.5 HL   
   497.8934    497.7545    2.490497  -0.060 2.343e+07  39.00     2.295400   3.5     4.785744   4.5 CB   
   498.3356    498.1966    2.488286  -1.980 4.687e+05  39.00     1.983143   1.5     4.471276   2.5 HL   
   500.5831    500.4435    2.477115  -1.730 1.239e+06  39.00     2.003579   2.5     4.480541   1.5 HL   
   500.8361    500.6964    2.475864  -0.120 2.521e+07  39.00     2.295400   3.5     4.771112   3.5 CB   
   507.1602    507.0189    2.444990  -0.380 1.351e+07  39.00     2.374207   2.5     4.819047   3.5 HL   
   508.9620    508.8202    2.436334  -0.620 1.029e+07  39.00     2.359280   1.5     4.795465   2.5 CB   
   513.6630    513.5199    2.414038   0.080 2.533e+07  39.00     2.293777   4.5     4.707667   5.5 CB   
   520.6457    520.5008    2.381661  -1.870 8.298e+05  39.00     1.853564   1.5     4.235079   1.5 HL   
   524.2259    524.0800    2.365396   0.060 2.787e+07  39.00     2.295400   3.5     4.660651   4.5 CB   
   525.9935    525.8471    2.357447  -2.140 2.911e+05  39.00     1.890366   2.5     4.247669   2.5 HL   
   527.3282    527.1815    2.351480  -1.570 1.076e+06  39.00     2.295400   3.5     4.646736   2.5 HL   
   538.2125    538.0629    2.303926  -0.240 3.313e+07  39.00     1.900402   2.5     4.204186   1.5 HL   
   538.2741    538.1245    2.303662  -1.760 1.000e+06  39.00     1.900665   1.5     4.204186   1.5 HL   
   538.9886    538.8388    2.300608  -1.410 1.117e+06  39.00     1.918975   2.5     4.219442   3.5 HL   
   539.2311    539.0812    2.299574  -1.120 2.900e+06  39.00     1.948236   3.5     4.247669   2.5 HL   
   541.8540    541.7034    2.288443  -0.900 4.767e+06  39.00     1.992072   2.5     4.280375   2.5 CB'  
   542.5869    542.4361    2.285351  -0.220 3.413e+07  39.00     1.918975   2.5     4.204186   1.5 HL   
   543.9736    543.8224    2.279526   0.240 6.529e+07  39.00     1.967078   3.5     4.246463   2.5 CB'  
   546.7762    546.6243    2.267841  -0.730 1.039e+07  39.00     1.853564   1.5     4.121266   1.5 HL   
   546.7983    546.6464    2.267750   0.530 6.299e+07  39.00     1.429894   4.5     3.697505   5.5 HL   
   546.9990    546.8470    2.266918   0.010 3.802e+07  39.00     1.900402   2.5     4.167181   2.5 HL   
   547.0625    546.9105    2.266655  -2.020 3.547e+05  39.00     1.900665   1.5     4.167181   2.5 HL   
   549.4675    549.3149    2.256733  -0.500 3.493e+07  39.00     1.853564   1.5     4.110159   0.5 HL   
   549.7108    549.5581    2.255735  -0.440 1.336e+07  39.00     1.992072   2.5     4.247669   2.5 HL   
   550.4995    550.3466    2.252503   0.370 6.449e+07  39.00     1.967078   3.5     4.219442   3.5 HL   
   551.5179    551.3647    2.248344  -0.180 2.415e+07  39.00     1.918975   2.5     4.167181   2.5 HL   
   552.1412    551.9879    2.245805  -1.490 1.180e+06  39.00     2.002001   1.5     4.247669   2.5 HL   
   552.3229    552.1695    2.245067  -0.050 2.436e+07  39.00     1.900402   2.5     4.145331   3.5 CB'  
   552.7962    552.6427    2.243144  -2.140 3.953e+05  39.00     1.992072   2.5     4.235079   1.5 HL   
   552.8264    552.6729    2.243022  -0.650 8.143e+06  39.00     2.003579   2.5     4.246463   2.5 CB'  
   552.9082    552.7547    2.242690   0.400 5.480e+07  39.00     1.398379   3.5     3.640931   4.5 HL   
   553.4103    553.2566    2.240655  -1.440 1.318e+06  39.00     2.406218   1.5     4.646736   2.5 HL   
   554.3169    554.1630    2.236991  -0.720 5.170e+06  39.00     1.948236   3.5     4.185089   3.5 HL   
   554.6045    554.4505    2.235831  -0.440 1.312e+07  39.00     1.900402   2.5     4.136095   2.5 HL   
   555.2541    555.0999    2.233215  -0.890 6.968e+06  39.00     2.002001   1.5     4.235079   1.5 HL   
   555.7961    555.6418    2.231037  -0.380 2.250e+07  39.00     1.890366   2.5     4.121266   1.5 HL   
   556.9306    556.7760    2.226492  -0.340 1.229e+07  39.00     1.918975   2.5     4.145331   3.5 CB'  
   557.4585    557.3037    2.224384  -1.470 1.818e+06  39.00     1.900402   2.5     4.124649   1.5 HL   
   557.8964    557.7415    2.222638   0.160 3.098e+07  39.00     1.967078   3.5     4.189579   4.5 HL   
   558.2627    558.1077    2.221180  -0.680 1.118e+07  39.00     1.983143   1.5     4.204186   1.5 HL   
   558.3419    558.1869    2.220865   0.350 5.987e+07  39.00     1.373666   2.5     3.594394   3.5 CB'  
   559.2505    559.0953    2.217256  -0.840 5.138e+06  39.00     1.918975   2.5     4.136095   2.5 HL   
   559.5677    559.4124    2.215999  -0.730 4.958e+06  39.00     2.003579   2.5     4.219442   3.5 HL   
   560.7891    560.6335    2.211173  -0.560 5.842e+06  39.00     1.429894   4.5     3.640931   4.5 HL   
   562.1526    561.9966    2.205810  -1.420 2.006e+06  39.00     1.918975   2.5     4.124649   1.5 HL   
   562.5451    562.3890    2.204271  -1.200 3.325e+06  39.00     1.992072   2.5     4.196208   1.5 CB'  
   563.1693    563.0130    2.201828   0.150 4.951e+07  39.00     1.356155   1.5     3.557847   2.5 HL   
   563.3814    563.2251    2.200999  -0.700 5.241e+06  39.00     1.967078   3.5     4.167941   3.5 CB'  
   563.4471    563.2907    2.200742  -0.840 7.592e+06  39.00     2.003579   2.5     4.204186   1.5 HL   
   563.5762    563.4198    2.200238  -2.200 2.208e+05  39.00     1.967078   3.5     4.167181   2.5 HL   
   564.3339    564.1773    2.197284  -1.440 1.901e+06  39.00     2.037930   0.5     4.235079   1.5 HL   
   564.6254    564.4687    2.196150  -0.500 8.270e+06  39.00     1.398379   3.5     3.594394   3.5 CB'  
   565.0023    564.8455    2.194685  -0.160 2.409e+07  39.00     1.948236   3.5     4.142786   2.5 CB'  
   567.6843    567.5268    2.184316  -0.570 9.285e+06  39.00     1.373666   2.5     3.557847   2.5 HL   
   567.7216    567.5641    2.184172  -0.910 4.243e+06  39.00     1.983143   1.5     4.167181   2.5 HL   
   569.5213    569.3633    2.177270  -0.660 1.125e+07  39.00     2.057942   1.5     4.235079   1.5 HL   
   570.8296    570.6713    2.172280   0.080 3.076e+07  39.00     2.012943   4.5     4.185089   3.5 HL   
   571.6530    571.4945    2.169151  -1.220 2.050e+06  39.00     1.967078   3.5     4.136095   2.5 HL   
   572.2204    572.0617    2.167000  -0.600 2.558e+07  39.00     2.037930   0.5     4.204798   0.5 CB'  
   573.0840    572.9251    2.163735  -1.180 2.236e+06  39.00     2.003579   2.5     4.167181   2.5 HL   
   573.3680    573.2090    2.162663  -0.660 7.398e+06  39.00     2.085138   2.5     4.247669   2.5 HL   
   574.1809    574.0217    2.159601  -0.920 4.054e+06  39.00     1.398379   3.5     3.557847   2.5 HL   
   574.5454    574.3861    2.158231  -0.040 3.071e+07  39.00     2.122276   3.5     4.280375   2.5 CB'  
   575.9187    575.7590    2.153085  -1.640 7.678e+05  39.00     1.983143   1.5     4.136095   2.5 HL   
   576.7255    576.5656    2.150073  -0.140 3.632e+07  39.00     2.085138   2.5     4.235079   1.5 HL   
   577.5543    577.3942    2.146987  -0.490 3.235e+07  39.00     2.057942   1.5     4.204798   0.5 CB'  
   578.9968    578.8363    2.141638  -1.730 9.262e+05  39.00     1.983143   1.5     4.124649   1.5 HL   
   582.3451    582.1837    2.129325  -0.880 6.482e+06  39.00     1.992072   2.5     4.121266   1.5 HL   
   583.3866    583.2249    2.125523  -0.890 4.208e+06  39.00     2.122276   3.5     4.247669   2.5 HL   
   584.5754    584.4134    2.121201  -1.940 5.603e+05  39.00     2.003579   2.5     4.124649   1.5 HL   
   587.3447    587.1820    2.111199  -1.300 2.423e+06  39.00     2.085138   2.5     4.196208   1.5 CB'  
   588.1560    587.9930    2.108287  -1.060 8.397e+06  39.00     2.002001   1.5     4.110159   0.5 HL   
   590.4547    590.2911    2.100079  -0.780 3.969e+06  39.00     2.085138   2.5     4.185089   3.5 HL   
   594.7332    594.5685    2.084971  -0.700 6.271e+06  39.00     2.057942   1.5     4.142786   2.5 CB'  
   595.1635    594.9987    2.083464  -0.920 5.660e+06  39.00     2.037930   0.5     4.121266   1.5 HL   
   598.3536    598.1879    2.072356  -0.800 1.476e+07  39.00     2.037930   0.5     4.110159   0.5 HL   
   601.0848    600.9184    2.062940  -0.060 2.010e+07  39.00     2.122276   3.5     4.185089   3.5 HL   
   602.5075    602.3407    2.058069  -2.020 4.387e+05  39.00     0.000000   1.5     2.057942   1.5 CB'  
   608.9626    608.7941    2.036253  -0.610 1.104e+07  39.00     2.085138   2.5     4.121266   1.5 HL   
   613.6697    613.4999    2.020634  -0.230 1.738e+07  39.00     2.122276   3.5     4.142786   2.5 CB'  
   614.0134    613.8435    2.019503  -1.860 4.070e+05  39.00     0.065760   2.5     2.085138   2.5 CB'  
   619.3431    619.1718    2.002124  -0.970 4.658e+06  39.00     0.000000   1.5     2.002001   1.5 HL   
   622.4300    622.2578    1.992195  -1.700 5.725e+05  39.00     0.000000   1.5     1.992072   2.5 HL   
   640.3776    640.2006    1.936360  -2.180 2.687e+05  39.00     0.065760   2.5     2.002001   1.5 HL   
   643.6783    643.5004    1.926431  -0.820 4.061e+06  39.00     0.065760   2.5     1.992072   2.5 HL   
   643.8948    643.7169    1.925783  -0.620 4.824e+06  39.00     2.293777   4.5     4.219442   3.5 HL   
   644.5626    644.3845    1.923788  -1.100 3.188e+06  39.00     1.983143   1.5     3.906812   1.5 HL   
   654.0376    653.8570    1.895918  -0.020 1.489e+07  39.00     2.293777   4.5     4.189579   4.5 HL   
   655.9182    655.7371    1.890482  -2.290 1.325e+05  39.00     0.000000   1.5     1.890366   2.5 CB'  
   657.8679    657.6862    1.884880  -0.630 1.806e+07  39.00     2.385320   0.5     4.270084   0.5 CB   
   662.4311    662.2482    1.871895  -1.760 4.402e+05  39.00     2.295400   3.5     4.167181   2.5 HL   
   663.8337    663.6504    1.867940   0.290 3.689e+07  39.00     3.087369   3.5     4.955196   3.5 CB   
   665.2439    665.0602    1.863981  -0.550 2.124e+07  39.00     2.406218   1.5     4.270084   0.5 CB   
   666.6260    666.4420    1.860116   0.380 3.600e+07  39.00     3.087369   3.5     4.947370   4.5 CB   
   668.9413    668.7567    1.853678  -2.000 3.726e+05  39.00     0.000000   1.5     1.853564   1.5 CB'  
   669.3678    669.1830    1.852497   0.260 6.772e+07  39.00     3.068391   2.5     4.920774   1.5 CB   
   669.6678    669.4830    1.851667  -1.430 6.907e+05  39.00     2.293777   4.5     4.145331   3.5 CB   
   670.2552    670.0702    1.850044  -0.430 6.895e+06  39.00     2.295400   3.5     4.145331   3.5 CB   
   671.5000    671.3147    1.846615  -0.360 1.614e+07  39.00     2.669384   2.5     4.515885   1.5 CB   
   673.7826    673.5967    1.840359  -0.550 6.901e+06  39.00     2.406218   1.5     4.246463   2.5 CB   
   679.5578    679.3703    1.824719  -1.820 3.644e+05  39.00     0.065760   2.5     1.890366   2.5 CB'  
   680.5298    680.3420    1.822112  -1.130 2.669e+06  39.00     2.374207   2.5     4.196208   1.5 CB   
   681.7026    681.5145    1.818978  -0.700 7.159e+06  39.00     2.385320   0.5     4.204186   1.5 HL   
   684.7083    684.5194    1.810993  -0.380 7.414e+06  39.00     2.374207   2.5     4.185089   3.5 HL   
   688.9077    688.7177    1.799953  -0.400 9.325e+06  39.00     2.717351   3.5     4.517193   2.5 CB   
   691.0186    690.8280    1.794455  -1.750 4.140e+05  39.00     1.853564   1.5     3.647909   2.5 CB   
   693.5466    693.3553    1.787914  -3.000 3.467e+04  39.00     0.065760   2.5     1.853564   1.5 CB'  
   695.2182    695.0265    1.783615  -0.600 5.777e+06  39.00     2.359280   1.5     4.142786   2.5 CB'  
   695.9948    695.8029    1.781625  -1.620 4.129e+05  39.00     1.890366   2.5     3.671882   3.5 CB   
   698.1785    697.9860    1.776053  -1.260 1.880e+06  39.00     1.853564   1.5     3.629508   1.5 CB   
   701.0861    700.8928    1.768687  -0.840 3.269e+06  39.00     2.374207   2.5     4.142786   2.5 CB'  
   701.1814    700.9881    1.768446  -0.890 4.369e+06  39.00     2.352928   0.5     4.121266   1.5 HL   
   703.7091    703.5151    1.762094  -0.730 6.270e+06  39.00     2.359280   1.5     4.121266   1.5 HL   
   705.4882    705.2937    1.757651  -1.150 1.581e+06  39.00     1.890366   2.5     3.647909   2.5 CB   
   705.6134    705.4189    1.757339  -0.920 8.053e+06  39.00     2.352928   0.5     4.110159   0.5 HL   
   707.7082    707.5131    1.752137  -1.620 3.195e+05  39.00     1.948236   3.5     3.700265   4.5 CB   
   712.9527    712.7562    1.739248  -1.550 9.246e+05  39.00     1.890366   2.5     3.629508   1.5 CB   
   719.3621    719.1639    1.723752  -1.040 1.469e+06  39.00     1.948236   3.5     3.671882   3.5 CB   
   719.7857    719.5874    1.722737   0.850 1.139e+08  39.00     3.040143   2.5     4.762774   3.5 CB   
   729.5084    729.3074    1.699777  -1.630 4.897e+05  39.00     1.948236   3.5     3.647909   2.5 CB   
   734.8479    734.6455    1.687426  -0.820 1.870e+06  39.00     2.012943   4.5     3.700265   4.5 CB   
   740.0690    739.8652    1.675522  -1.540 4.390e+05  39.00     1.918975   2.5     3.594394   3.5 CB   
   749.6917    749.4853    1.654016  -0.930 2.324e+06  39.00     2.359280   1.5     4.013194   2.5 CB   
   756.5197    756.3115    1.639087  -0.630 4.553e+06  39.00     2.374207   2.5     4.013194   2.5 CB   
   762.5060    762.2962    1.626219  -0.900 3.611e+06  39.00     2.352928   0.5     3.979047   1.5 CB   
   765.4962    765.2855    1.619867  -1.350 1.271e+06  39.00     2.359280   1.5     3.979047   1.5 CB   
   769.1587    768.9471    1.612153  -1.500 1.783e+06  39.00     2.352928   0.5     3.964983   0.5 CB   
   772.2013    771.9888    1.605801  -0.900 7.041e+06  39.00     2.359280   1.5     3.964983   0.5 CB   
   772.6165    772.4039    1.604938  -0.880 3.682e+06  39.00     2.374207   2.5     3.979047   1.5 CB   
   779.0545    778.8402    1.591675  -1.370 1.172e+06  39.00     2.037930   0.5     3.629508   1.5 CB   
   779.8438    779.6293    1.590064  -1.350 8.165e+05  39.00     2.057942   1.5     3.647909   2.5 CB   
   780.4632    780.2485    1.588802  -1.880 3.609e+05  39.00     1.900402   2.5     3.489107   1.5 CB   
   781.4280    781.2130    1.586841  -1.220 8.227e+05  39.00     2.085138   2.5     3.671882   3.5 CB   
   785.7630    785.5469    1.578086  -0.960 1.185e+06  39.00     2.122276   3.5     3.700265   4.5 CB   
   800.1555    799.9355    1.549701  -1.440 4.728e+05  39.00     2.122276   3.5     3.671882   3.5 CB   
   833.1854    832.9565    1.488266   0.350 2.151e+07  39.00     3.991082   4.5     5.479257   4.5 CB   
   834.6702    834.4409    1.485619  -1.170 1.618e+06  39.00     2.003579   2.5     3.489107   1.5 CB   
   836.7851    836.5552    1.481864  -0.640 3.637e+06  39.00     3.035420   1.5     4.517193   2.5 CB   
   845.2655    845.0333    1.466997  -1.330 2.183e+06  39.00     1.983143   1.5     3.450049   0.5 CB   
   853.1141    852.8798    1.453500  -0.620 5.496e+06  39.00     3.062474   0.5     4.515885   1.5 CB   
   880.3005    880.0588    1.408612  -2.240 1.238e+05  39.00     0.000000   1.5     1.408525   1.5 CB'  
  1201.6630   1201.3342    1.031905  -0.800 1.830e+06  39.00     2.003579   2.5     3.035420   1.5 GUES 
  1562.4226   1561.9958    0.793640  -0.600 8.579e+05  39.00     2.293777   4.5     3.087369   3.5 GUES 
  1664.9049   1664.4502    0.744788  -0.800 6.356e+05  39.00     2.295400   3.5     3.040143   2.5 GUES 
  1712.8485   1712.3808    0.723941  -0.400 1.131e+06  39.00     1.398379   3.5     2.122276   3.5 GUES 
  1737.1464   1736.6721    0.713815  -0.500 8.737e+05  39.00     2.003579   2.5     2.717351   3.5 GUES 
  1742.7593   1742.2835    0.711516  -0.300 1.834e+06  39.00     1.373666   2.5     2.085138   2.5 GUES 
  1766.8113   1766.3289    0.701830  -0.300 2.677e+06  39.00     1.356155   1.5     2.057942   1.5 GUES 
  1790.8117   1790.3228    0.692424   0.000 2.600e+06  39.00     1.429894   4.5     2.122276   3.5 GUES 
  1805.4736   1804.9807    0.686801   0.000 3.410e+06  39.00     1.398379   3.5     2.085138   2.5 GUES 
  1806.8369   1806.3436    0.686283  -0.600 8.553e+05  39.00     1.983143   1.5     2.669384   2.5 GUES 
  1812.0242   1811.5295    0.684319   0.000 5.079e+06  39.00     1.373666   2.5     2.057942   1.5 GUES 
  1818.6722   1818.1757    0.681817   0.000 1.008e+07  39.00     1.356155   1.5     2.037930   0.5 GUES 
  1829.8676   1829.3681    0.677646  -0.400 1.983e+06  39.00     1.305539   0.5     1.983143   1.5 GUES 
  1973.3503   1972.8117    0.628374  -0.500 1.354e+06  39.00     1.373666   2.5     2.002001   1.5 GUES 

Number of lines in output : 321
Parameter set used in search:
Lower wavelength limit: 200.0000 nm
Upper wavelength limit: 2000.0000 nm
Lower limit on log gf: -5.000 Upper limit on log gf: 3.000 Lower limit on energy for lower level: 0.000 cm^-1
Upper limit on energy for lower level: 1000000.000 cm^-1
Lower limit on energy for upper level: 0.000 cm^-1
Upper limit on energy for upper level: 1000000.000 cm^-1
Element list:
Y I ( = 39.00 )
Search program by Claas Heise (heise@fz.telekom.de), Jan 17, 1996

