Number of lines in output :  74
--------------------------------------------------------------------------------------------------------
    Wl_vac      Wl_air    E_Photon   log_gf   A-Value   Elem. E_lower_lev.   J   E_upper_lev.   J   Ref.
     / nm        / nm       / eV               / 1/s   (Code)     / eV     lower     / eV     upper     
--------------------------------------------------------------------------------------------------------
   213.9247    213.8573    5.795751   0.161 7.039e+08  30.00     0.000000   0.0     5.796083   1.0 AJG  
   245.8703    245.7959    5.042717  -2.863 5.042e+05  30.00     4.006367   0.0     9.049374   1.0 WAR  
   247.0248    246.9501    5.019151  -2.387 1.495e+06  30.00     4.029934   1.0     9.049374   1.0 WAR  
   249.4210    249.3458    4.970929  -2.169 2.422e+06  30.00     4.078159   2.0     9.049374   1.0 WAR  
   253.0919    253.0158    4.898832  -2.611 8.501e+05  30.00     4.006367   0.0     8.905480   1.0 WAR  
   254.3153    254.2389    4.875266  -2.136 2.513e+06  30.00     4.029934   1.0     8.905480   1.0 WAR  
   256.8559    256.7789    4.827044  -1.917 4.080e+06  30.00     4.078159   2.0     8.905480   1.0 WAR  
   267.1325    267.0531    4.641347  -2.290 1.598e+06  30.00     4.006367   0.0     8.647980   1.0 WAR  
   268.4957    268.4160    4.617781  -1.815 4.722e+06  30.00     4.029934   1.0     8.647980   1.0 WAR  
   271.3291    271.2487    4.569559  -1.599 7.603e+06  30.00     4.078159   2.0     8.647980   1.0 WAR  
   275.7264    275.6449    4.496684  -0.932 3.420e+07  30.00     4.006367   0.0     8.503309   1.0 AZ   
   277.1671    277.0853    4.473309  -0.576 4.610e+07  30.00     4.029934   1.0     8.503500   2.0 AZ   
   277.1790    277.0972    4.473118  -1.053 2.561e+07  30.00     4.029934   1.0     8.503309   1.0 AZ   
   280.1688    280.0862    4.425384  -0.303 6.042e+07  30.00     4.078159   2.0     8.503797   3.0 AZ   
   280.1876    280.1050    4.425087  -1.051 1.511e+07  30.00     4.078159   2.0     8.503500   2.0 AZ   
   280.1997    280.1171    4.424896  -2.225 1.687e+06  30.00     4.078159   2.0     8.503309   1.0 AZ   
   301.9234    301.8355    4.106520  -1.833 3.583e+06  30.00     4.006367   0.0     8.113123   1.0 WAR  
   303.6661    303.5777    4.082954  -1.358 1.057e+07  30.00     4.029934   1.0     8.113123   1.0 WAR  
   307.2954    307.2061    4.034732  -1.141 1.702e+07  30.00     4.078159   2.0     8.113123   1.0 WAR  
   307.6789    307.5895    4.029703  -3.900 2.957e+04  30.00     0.000000   0.0     4.029934   1.0 MOIS 
   328.3274    328.2328    3.776275  -0.377 8.657e+07  30.00     4.006367   0.0     7.782859   1.0 AS   
   330.3535    330.2584    3.753115  -0.057 1.072e+08  30.00     4.029934   1.0     7.783265   2.0 AS   
   330.3892    330.2941    3.752709  -0.534 5.956e+07  30.00     4.029934   1.0     7.782859   1.0 AS   
   334.5977    334.5015    3.705508   0.246 1.500e+08  30.00     4.078159   2.0     7.783880   3.0 AS   
   334.6532    334.5570    3.704893  -0.502 3.749e+07  30.00     4.078159   2.0     7.783265   2.0 AS   
   334.6899    334.5937    3.704487  -1.678 4.166e+06  30.00     4.078159   2.0     7.782859   1.0 AS   
   380.0080    379.9001    3.262706  -2.728 8.641e+05  30.00     5.796083   1.0     9.058977   0.0 WAR  
   396.6554    396.5432    3.125772  -2.469 1.440e+06  30.00     5.796083   1.0     8.922035   0.0 WAR  
   429.4093    429.2885    2.887349  -3.530 1.068e+05  30.00     4.029934   1.0     6.917449   0.0 LMW  
   429.9537    429.8328    2.883693  -2.128 2.687e+06  30.00     5.796083   1.0     8.679942   0.0 WAR  
   463.1110    462.9813    2.677230  -1.620 1.492e+06  30.00     5.796083   1.0     8.473467   2.0 LMW  
   468.1444    468.0134    2.648444  -0.815 1.553e+07  30.00     4.006367   0.0     6.654963   1.0 WAR  
   472.3474    472.2153    2.624878  -0.338 4.576e+07  30.00     4.029934   1.0     6.654963   1.0 WAR  
   481.1872    481.0528    2.576656  -0.137 7.004e+07  30.00     4.078159   2.0     6.654963   1.0 WAR  
   518.3424    518.1981    2.391960  -1.611 6.080e+06  30.00     5.796083   1.0     8.188181   0.0 WAR  
   577.3702    577.2101    2.147417  -1.678 8.399e+05  30.00     6.654963   1.0     8.802503   2.0 WAR  
   577.7101    577.5499    2.146153  -1.900 8.387e+05  30.00     6.654963   1.0     8.801240   1.0 WAR  
   577.8713    577.7111    2.145554  -2.377 8.384e+05  30.00     6.654963   1.0     8.800641   0.0 WAR  
   636.4097    636.2338    1.948201   0.150 4.652e+07  30.00     5.796083   1.0     7.744397   2.0 LMW  
   648.0968    647.9178    1.913070  -1.818 8.049e+05  30.00     6.917449   0.0     8.830629   1.0 WAR  
   658.2077    658.0259    1.883683  -4.951 5.745e+02  30.00     6.917449   0.0     8.801240   1.0 WAR  
   669.5690    669.3842    1.851720  -4.155 3.471e+03  30.00     6.654963   1.0     8.506790   1.0 WAR  
   693.0232    692.8321    1.789052  -1.080 2.310e+06  30.00     6.654963   1.0     8.444118   2.0 WAR  
   694.0386    693.8472    1.786434  -1.301 2.308e+06  30.00     6.654963   1.0     8.441500   1.0 WAR  
   694.5114    694.3199    1.785218  -1.780 2.295e+06  30.00     6.654963   1.0     8.440284   0.0 WAR  
   780.1509    779.9363    1.589249  -1.190 2.359e+06  30.00     6.917449   0.0     8.506790   1.0 WAR  
   813.5721    813.3485    1.523964  -4.234 1.960e+03  30.00     6.917449   0.0     8.441500   1.0 WAR  
   852.1302    851.8961    1.455006  -2.513 9.397e+04  30.00     7.594284   0.0     9.049374   1.0 WAR  
   854.0625    853.8279    1.451714  -2.036 2.806e+05  30.00     7.597577   1.0     9.049374   1.0 WAR  
   858.1990    857.9633    1.444717  -1.812 4.654e+05  30.00     7.604574   2.0     9.049374   1.0 WAR  
   945.6447    945.3853    1.311121  -2.191 1.602e+05  30.00     7.594284   0.0     8.905480   1.0 WAR  
   948.0250    947.7650    1.307829  -1.714 4.779e+05  30.00     7.597577   1.0     8.905480   1.0 WAR  
   953.1245    952.8631    1.300832  -1.492 7.883e+05  30.00     7.604574   2.0     8.905480   1.0 WAR  
   985.2023    984.9322    1.258477  -2.198 4.356e+05  30.00     7.800428   1.0     9.058977   0.0 WAR  
  1082.4654   1082.1690    1.145399  -3.039 1.735e+04  30.00     6.654963   1.0     7.800428   1.0 WAR  
  1105.4903   1105.1876    1.121543  -1.860 7.534e+05  30.00     7.800428   1.0     8.922035   0.0 WAR  
  1105.7280   1105.4253    1.121301  -0.300 2.734e+07  30.00     5.796083   1.0     6.917449   0.0 LMW  
  1145.5705   1145.2569    1.082303  -4.491 1.641e+03  30.00     7.597577   1.0     8.679942   0.0 WAR  
  1176.7397   1176.4177    1.053635  -1.697 3.226e+05  30.00     7.594284   0.0     8.647980   1.0 WAR  
  1180.4277   1180.1047    1.050343  -1.219 9.637e+05  30.00     7.597577   1.0     8.647980   1.0 WAR  
  1188.3444   1188.0192    1.043346  -0.996 1.589e+06  30.00     7.604574   2.0     8.647980   1.0 WAR  
  1305.7197   1305.3627    0.949556   0.340 1.712e+07  30.00     6.654963   1.0     7.604574   2.0 LMW  
  1315.4130   1315.0533    0.942559   0.121 1.698e+07  30.00     6.654963   1.0     7.597577   1.0 WAR  
  1320.0232   1319.6623    0.939267  -0.359 1.675e+07  30.00     6.654963   1.0     7.594284   0.0 WAR  
  1404.2533   1403.8695    0.882928   0.130 1.521e+07  30.00     6.917449   0.0     7.800428   1.0 WAR  
  1409.7850   1409.3997    0.879463  -1.337 1.545e+06  30.00     7.800428   1.0     8.679942   0.0 WAR  
  1443.6540   1443.2595    0.858831  -4.625 2.530e+02  30.00     5.796083   1.0     6.654963   1.0 WAR  
  1462.9486   1462.5488    0.847504  -4.556 2.888e+02  30.00     7.800428   1.0     8.647980   1.0 WAR  
  1728.1045   1727.6326    0.717465  -4.556 2.069e+02  30.00     8.113123   1.0     8.830629   1.0 WAR  
  1798.6073   1798.1163    0.689341  -0.914 5.027e+05  30.00     8.113123   1.0     8.802503   2.0 WAR  
  1801.9098   1801.4179    0.688078  -1.137 4.995e+05  30.00     8.113123   1.0     8.801240   1.0 WAR  
  1803.4795   1802.9871    0.687479  -1.614 4.988e+05  30.00     8.113123   1.0     8.800641   0.0 WAR  
  1823.0785   1822.5808    0.680088  -3.228 3.957e+03  30.00     6.917449   0.0     7.597577   1.0 WAR  
  1930.0026   1929.4758    0.642411  -1.337 2.747e+05  30.00     8.188181   0.0     8.830629   1.0 WAR  

Number of lines in output :  74

Parameter set used in search:

Lower wavelength limit:    200.0000 nm
Upper wavelength limit:   2000.0000 nm
Lower limit on log gf:  -5.000
Upper limit on log gf:   2.000
Lower limit on energy for lower level:        0.000 cm^-1
Upper limit on energy for lower level:  1000000.000 cm^-1
Lower limit on energy for upper level:        0.000 cm^-1
Upper limit on energy for upper level:  1000000.000 cm^-1

Element list:

Zn I         ( = 30.00 )

Search program by Claas Heise (heise@fz.telekom.de), Jan 17, 1996



